   index residue  pre_ca  exp_ca  pre_cb  exp_cb   pre_c   exp_c   pre_h   exp_h   pre_n   exp_n  pre_ha  exp_ha
       1     MET 999.000 999.000 999.000 999.000 999.000 999.000-999.000-999.000 999.000 999.000 999.000 999.000
       2     SER 999.000 999.000 999.000 999.000 999.000 999.000 999.000 999.000 999.000 999.000 999.000 999.000
       3     GLN  56.621 999.000  28.259 999.000 177.175 999.000   8.555 999.000 121.405 999.000   4.378 999.000
       4     SER  61.203 999.000  62.975 999.000 175.779 999.000   8.742 999.000 115.655 999.000   4.160 999.000
       5     ASN  55.093 999.000  38.532 999.000 176.288 999.000   8.073 999.000 119.626 999.000   4.709 999.000
       6     ARG  59.424 999.000  29.712 999.000 177.911 999.000   7.844 999.000 121.405 999.000   4.115 999.000
       7     GLU  59.072 999.000  29.108 999.000 178.796 999.000   7.947 999.000 118.449 999.000   3.998 999.000
       8     LEU  57.514 999.000  41.653 999.000 178.566 999.000   7.343 999.000 119.513 999.000   4.014 999.000
       9     VAL  66.478 999.000  31.416 999.000 177.538 999.000   7.844 999.000 119.291 999.000   3.627 999.000
      10     VAL  66.983 999.000  31.205 999.000 176.480 999.000   8.398 999.000 118.977 999.000   3.122 999.000
      11     ASP  57.582 999.000  40.974 999.000 177.664 999.000   7.567 999.000 119.835 999.000   4.216 999.000
      12     PHE  61.429 999.000  39.643 999.000 177.008 999.000   7.642 999.000 120.756 999.000   4.170 999.000
      13     LEU  58.152 999.000  40.972 999.000 178.553 999.000   8.507 999.000 118.240 999.000   3.927 999.000
      14     SER  62.030 999.000  62.602 999.000 176.439 999.000   8.154 999.000 114.996 999.000   4.144 999.000
      15     TYR  61.126 999.000  37.901 999.000 176.990 999.000   7.942 999.000 124.015 999.000   4.256 999.000
      16     LYS  58.472 999.000  31.344 999.000 178.950 999.000   7.891 999.000 118.054 999.000   3.709 999.000
      17     LEU  57.645 999.000  41.682 999.000 178.830 999.000   8.363 999.000 119.046 999.000   4.222 999.000
      18     SER  61.564 999.000  62.926 999.000 177.083 999.000   8.466 999.000 115.822 999.000   4.233 999.000
      19     GLN  57.915 999.000  28.550 999.000 177.162 999.000   7.952 999.000 119.851 999.000   4.059 999.000
      20     LYS  55.585 999.000  32.381 999.000 176.554 999.000   7.317 999.000 116.775 999.000   4.264 999.000
      21     GLY  45.431 999.000-999.000-999.000 174.002 999.000   7.573 999.000 107.566 999.000   3.832 999.000
      22     TYR  56.623 999.000  39.444 999.000 175.530 999.000   7.898 999.000 120.081 999.000   4.816 999.000
      23     SER  57.147 999.000  64.290 999.000 174.933 999.000   8.282 999.000 117.160 999.000   4.620 999.000
      24     TRP  59.616 999.000  29.896 999.000 177.555 999.000   9.113 999.000 126.717 999.000   4.553 999.000
      25     SER  61.157 999.000  62.441 999.000 176.104 999.000   8.435 999.000 114.531 999.000   4.082 999.000
      26     GLN  57.420 999.000  28.761 999.000 176.285 999.000   7.332 999.000 120.753 999.000   3.937 999.000
      27     PHE  57.675 999.000  40.320 999.000 176.069 999.000   7.254 999.000 115.991 999.000   4.373 999.000
      28     SER  57.475 999.000  64.879 999.000 174.101 999.000   7.138 999.000 114.319 999.000   4.274 999.000
      29     ASP  53.591 999.000  40.659 999.000 176.967 999.000   8.392 999.000 122.275 999.000   4.609 999.000
      30     VAL  64.264 999.000  31.745 999.000 177.446 999.000   8.291 999.000 121.423 999.000   3.874 999.000
      31     GLU  58.119 999.000  29.108 999.000 177.612 999.000   8.379 999.000 119.636 999.000   4.149 999.000
      32     GLU  57.141 999.000  30.084 999.000 177.188 999.000   7.847 999.000 117.848 999.000   4.221 999.000
      33     ASN  53.300 999.000  38.747 999.000 175.673 999.000   7.669 999.000 117.659 999.000   4.706 999.000
      34     ARG  56.275 999.000  30.592 999.000 176.457 999.000   8.155 999.000 120.384 999.000   4.392 999.000
      35     THR  62.062 999.000  69.833 999.000 174.864 999.000   8.093 999.000 114.052 999.000   4.336 999.000
      36     GLU  56.389 999.000  30.373 999.000 175.796 999.000   8.528 999.000 121.444 999.000   4.302 999.000
      37     ALA  50.870 999.000  18.291 999.000 175.617 999.000   8.188 999.000 123.649 999.000   4.493 999.000
      38     PRO  62.994 999.000  32.370 999.000 176.603 999.000-999.000-999.000 999.000 999.000   4.538 999.000
      39     GLU  56.272 999.000  30.369 999.000 176.861 999.000   8.500 999.000 120.354 999.000   4.256 999.000
      40     GLY  45.229 999.000-999.000-999.000 174.685 999.000   8.541 999.000 109.316 999.000   4.063 999.000
      41     THR  61.607 999.000  70.446 999.000 175.095 999.000   8.138 999.000 112.739 999.000   4.434 999.000
      42     GLU  58.225 999.000  29.198 999.000 177.462 999.000   8.853 999.000 121.389 999.000   4.199 999.000
      43     SER  60.312 999.000  63.236 999.000 175.798 999.000   8.228 999.000 114.904 999.000   4.235 999.000
      44     GLU  59.333 999.000  28.976 999.000 178.458 999.000   7.970 999.000 123.001 999.000   3.957 999.000
      45     ALA  54.864 999.000  18.312 999.000 179.625 999.000   7.930 999.000 120.500 999.000   4.189 999.000
      46     VAL  65.834 999.000  31.374 999.000 177.831 999.000   7.423 999.000 119.342 999.000   3.648 999.000
      47     LYS  60.144 999.000  31.999 999.000 178.883 999.000   8.206 999.000 119.729 999.000   3.738 999.000
      48     GLN  58.748 999.000  28.209 999.000 178.149 999.000   8.092 999.000 118.741 999.000   3.971 999.000
      49     ALA  55.126 999.000  18.147 999.000 179.602 999.000   7.867 999.000 122.384 999.000   4.052 999.000
      50     LEU  58.186 999.000  41.544 999.000 178.804 999.000   8.519 999.000 118.887 999.000   4.074 999.000
      51     ARG  59.790 999.000  29.813 999.000 178.497 999.000   8.028 999.000 118.832 999.000   3.944 999.000
      52     GLU  59.069 999.000  29.172 999.000 178.915 999.000   8.218 999.000 118.959 999.000   4.139 999.000
      53     ALA  54.848 999.000  18.196 999.000 179.433 999.000   8.464 999.000 121.732 999.000   4.216 999.000
      54     GLY  47.338 999.000-999.000-999.000 175.520 999.000   8.588 999.000 106.613 999.000   4.110 999.000
      55     ASP  56.797 999.000  40.412 999.000 177.985 999.000   8.347 999.000 121.978 999.000   4.613 999.000
      56     GLU  58.898 999.000  29.660 999.000 178.296 999.000   7.817 999.000 120.351 999.000   4.202 999.000
      57     PHE  61.932 999.000  39.002 999.000 178.037 999.000   8.729 999.000 119.693 999.000   4.257 999.000
      58     GLU  58.890 999.000  29.400 999.000 178.330 999.000   8.280 999.000 118.437 999.000   4.243 999.000
      59     LEU  56.971 999.000  42.549 999.000 177.849 999.000   7.532 999.000 120.017 999.000   4.253 999.000
      60     ARG  57.300 999.000  31.354 999.000 176.657 999.000   8.111 999.000 115.365 999.000   4.030 999.000
      61     TYR  56.269 999.000  38.022 999.000 175.611 999.000   7.913 999.000 117.554 999.000   4.788 999.000
      62     ARG  58.908 999.000  30.028 999.000 177.500 999.000   7.955 999.000 120.936 999.000   3.806 999.000
      63     ARG  57.478 999.000  29.543 999.000 177.616 999.000   8.295 999.000 117.555 999.000   4.189 999.000
      64     ALA  54.184 999.000  18.619 999.000 177.929 999.000   7.706 999.000 120.937 999.000   4.193 999.000
      65     PHE  57.771 999.000  39.883 999.000 176.310 999.000   7.587 999.000 113.006 999.000   4.780 999.000
      66     SER  61.272 999.000  62.536 999.000 176.224 999.000   8.227 999.000 116.786 999.000   4.191 999.000
      67     ASP  56.113 999.000  39.969 999.000 178.110 999.000   7.829 999.000 122.014 999.000   4.498 999.000
      68     LEU  57.419 999.000  41.652 999.000 178.658 999.000   7.564 999.000 119.927 999.000   4.017 999.000
      69     THR  65.297 999.000  68.629 999.000 176.737 999.000   8.240 999.000 112.590 999.000   4.241 999.000
      70     SER  60.411 999.000  63.430 999.000 175.664 999.000   7.810 999.000 116.682 999.000   4.351 999.000
      71     GLN  57.283 999.000  28.951 999.000 177.012 999.000   7.528 999.000 121.001 999.000   4.222 999.000
      72     LEU  54.664 999.000  42.247 999.000 176.191 999.000   7.235 999.000 120.800 999.000   4.283 999.000
      73     HIS  55.870 999.000  29.876 999.000 175.443 999.000   8.590 999.000 125.620 999.000   4.635 999.000
      74     ILE  60.995 999.000  38.687 999.000 175.214 999.000   8.096 999.000 124.088 999.000   4.407 999.000
      75     THR  58.439 999.000  69.996 999.000 173.718 999.000   7.991 999.000 117.155 999.000   4.781 999.000
      76     PRO  64.718 999.000  31.636 999.000 177.569 999.000-999.000-999.000 999.000 999.000   4.412 999.000
      77     GLY  45.072 999.000-999.000-999.000 175.066 999.000   8.336 999.000 107.555 999.000   4.134 999.000
      78     THR  63.631 999.000  69.466 999.000 174.178 999.000   7.694 999.000 117.753 999.000   4.222 999.000
      79     ALA  50.866 999.000  21.148 999.000 176.796 999.000   8.617 999.000 128.864 999.000   4.697 999.000
      80     TYR  61.157 999.000  38.054 999.000 177.294 999.000   8.892 999.000 120.792 999.000   3.105 999.000
      81     GLN  58.737 999.000  27.713 999.000 178.151 999.000   8.455 999.000 118.143 999.000   3.846 999.000
      82     SER  60.756 999.000  62.949 999.000 175.988 999.000   7.569 999.000 114.655 999.000   4.267 999.000
      83     PHE  60.900 999.000  39.376 999.000 176.595 999.000   7.153 999.000 123.558 999.000   4.172 999.000
      84     GLU  59.913 999.000  29.318 999.000 178.361 999.000   8.543 999.000 119.166 999.000   3.574 999.000
      85     GLN  58.482 999.000  28.327 999.000 178.274 999.000   7.534 999.000 117.255 999.000   3.972 999.000
      86     VAL  65.013 999.000  31.989 999.000 177.732 999.000   7.091 999.000 119.238 999.000   3.698 999.000
      87     VAL  65.427 999.000  31.101 999.000 177.766 999.000   7.647 999.000 118.294 999.000   3.318 999.000
      88     ASN  55.998 999.000  37.918 999.000 177.281 999.000   8.397 999.000 118.415 999.000   4.298 999.000
      89     GLU  58.444 999.000  29.549 999.000 178.002 999.000   7.361 999.000 119.471 999.000   4.076 999.000
      90     LEU  56.731 999.000  41.819 999.000 176.951 999.000   7.245 999.000 119.007 999.000   3.971 999.000
      91     PHE  58.648 999.000  39.294 999.000 176.260 999.000   7.604 999.000 115.292 999.000   4.438 999.000
      92     ARG  58.708 999.000  29.821 999.000 176.926 999.000   7.559 999.000 120.484 999.000   3.944 999.000
      93     ASP  53.817 999.000  40.684 999.000 176.288 999.000   8.090 999.000 116.892 999.000   4.614 999.000
      94     GLY  44.674 999.000-999.000-999.000 173.340 999.000   7.525 999.000 107.973 999.000   4.065 999.000
      95     VAL  62.017 999.000  32.593 999.000 175.183 999.000   7.965 999.000 119.624 999.000   3.883 999.000
      96     ASN  51.966 999.000  41.150 999.000 174.646 999.000   7.660 999.000 122.219 999.000   4.300 999.000
      97     TRP  60.120 999.000  30.360 999.000 178.160 999.000   8.903 999.000 120.570 999.000   4.534 999.000
      98     GLY  47.106 999.000-999.000-999.000 175.914 999.000   8.894 999.000 107.010 999.000   4.143 999.000
      99     ARG  58.862 999.000  29.961 999.000 178.278 999.000   7.980 999.000 121.266 999.000   4.162 999.000
     100     ILE  65.260 999.000  37.673 999.000 177.582 999.000   7.977 999.000 120.688 999.000   4.014 999.000
     101     VAL  66.934 999.000  31.281 999.000 176.748 999.000   8.337 999.000 119.494 999.000   3.440 999.000
     102     ALA  55.508 999.000  18.050 999.000 178.712 999.000   8.240 999.000 122.628 999.000   3.905 999.000
     103     PHE  60.715 999.000  38.512 999.000 176.911 999.000   8.282 999.000 119.661 999.000   4.262 999.000
     104     PHE  62.611 999.000  38.743 999.000 177.636 999.000   8.678 999.000 118.505 999.000   3.622 999.000
     105     SER  61.971 999.000  62.626 999.000 176.446 999.000   8.394 999.000 115.382 999.000   4.144 999.000
     106     PHE  60.142 999.000  38.373 999.000 176.830 999.000   8.815 999.000 123.665 999.000   4.317 999.000
     107     GLY  47.572 999.000-999.000-999.000 176.198 999.000   8.238 999.000 106.659 999.000   3.627 999.000
     108     GLY  47.311 999.000-999.000-999.000 175.498 999.000   8.454 999.000 109.678 999.000   3.939 999.000
     109     ALA  54.849 999.000  18.335 999.000 178.963 999.000   8.223 999.000 124.612 999.000   4.174 999.000
     110     LEU  58.041 999.000  41.603 999.000 177.618 999.000   8.584 999.000 119.722 999.000   4.109 999.000
     111     CYS 999.000 999.000 999.000 999.000 999.000 999.000 999.000 999.000 999.000 999.000   3.936 999.000
     112     VAL  66.421 999.000  31.292 999.000 177.563 999.000   8.015 999.000 120.264 999.000   3.493 999.000
     113     GLU  59.517 999.000  29.052 999.000 178.503 999.000   8.404 999.000 120.418 999.000   4.012 999.000
     114     SER  62.104 999.000  63.028 999.000 176.321 999.000   8.166 999.000 115.649 999.000   4.105 999.000
     115     VAL  65.274 999.000  31.227 999.000 177.647 999.000   7.622 999.000 120.749 999.000   3.583 999.000
     116     ASP  56.378 999.000  41.150 999.000 177.712 999.000   7.914 999.000 119.915 999.000   4.432 999.000
     117     LYS  56.511 999.000  32.174 999.000 176.016 999.000   7.801 999.000 116.572 999.000   4.214 999.000
     118     GLU  57.397 999.000  27.195 999.000 175.572 999.000   7.915 999.000 115.628 999.000   4.005 999.000
     119     MET  54.742 999.000  31.937 999.000 176.124 999.000   8.457 999.000 118.900 999.000   4.730 999.000
     120     GLN  58.782 999.000  27.924 999.000 177.614 999.000   7.963 999.000 119.733 999.000   3.877 999.000
     121     VAL  64.112 999.000  31.535 999.000 177.256 999.000   7.640 999.000 118.091 999.000   3.863 999.000
     122     LEU  56.844 999.000  41.299 999.000 178.137 999.000   7.793 999.000 119.669 999.000   3.941 999.000
     123     VAL  66.609 999.000  31.269 999.000 177.793 999.000   7.431 999.000 118.854 999.000   3.274 999.000
     124     SER  61.425 999.000  62.786 999.000 176.330 999.000   8.279 999.000 114.525 999.000   4.120 999.000
     125     ARG  58.499 999.000  30.047 999.000 178.107 999.000   6.816 999.000 122.494 999.000   3.779 999.000
     126     ILE  65.606 999.000  37.741 999.000 177.408 999.000   8.261 999.000 120.841 999.000   2.938 999.000
     127     ALA  55.487 999.000  18.124 999.000 179.156 999.000   7.777 999.000 120.580 999.000   3.913 999.000
     128     ALA  54.928 999.000  18.443 999.000 178.879 999.000   7.230 999.000 121.211 999.000   4.165 999.000
     129     TRP  58.635 999.000  28.549 999.000 178.828 999.000   8.729 999.000 119.895 999.000   4.368 999.000
     130     MET  59.815 999.000  32.786 999.000 177.786 999.000   8.728 999.000 117.335 999.000   4.527 999.000
     131     ALA  55.214 999.000  18.259 999.000 178.643 999.000   8.059 999.000 121.654 999.000   4.183 999.000
     132     THR  66.776 999.000  67.961 999.000 175.574 999.000   8.427 999.000 116.110 999.000   4.004 999.000
     133     TYR  62.197 999.000  38.782 999.000 176.899 999.000   8.708 999.000 122.946 999.000   4.200 999.000
     134     LEU  58.552 999.000  41.452 999.000 177.821 999.000   8.715 999.000 119.204 999.000   4.052 999.000
     135     ASN  56.191 999.000  38.911 999.000 177.223 999.000   8.086 999.000 116.619 999.000   4.381 999.000
     136     ASP  55.986 999.000  40.887 999.000 176.916 999.000   8.132 999.000 118.176 999.000   4.389 999.000
     137     HIS  57.288 999.000  31.926 999.000 175.881 999.000   7.788 999.000 113.992 999.000   4.413 999.000
     138     LEU  56.199 999.000  42.438 999.000 177.695 999.000   7.931 999.000 116.598 999.000   4.174 999.000
     139     GLU  61.721 999.000  28.113 999.000 176.163 999.000   8.822 999.000 119.629 999.000   4.025 999.000
     140     PRO  65.404 999.000  31.444 999.000 178.016 999.000-999.000-999.000 999.000 999.000   4.211 999.000
     141     TRP  60.513 999.000  29.510 999.000 177.767 999.000   7.114 999.000 118.537 999.000   4.188 999.000
     142     ILE  65.604 999.000  37.903 999.000 177.282 999.000   8.481 999.000 119.910 999.000   3.162 999.000
     143     GLN  59.000 999.000  28.040 999.000 178.557 999.000   8.333 999.000 118.023 999.000   3.976 999.000
     144     GLU  58.254 999.000  29.681 999.000 177.796 999.000   7.501 999.000 119.088 999.000   3.994 999.000
     145     ASN  54.381 999.000  39.551 999.000 175.547 999.000   7.669 999.000 115.213 999.000   4.317 999.000
     146     GLY  45.174 999.000-999.000-999.000 174.750 999.000   7.568 999.000 107.661 999.000   4.112 999.000
     147     GLY  44.291 999.000-999.000-999.000 173.657 999.000   8.281 999.000 107.533 999.000   4.130 999.000
     148     TRP  59.781 999.000  29.722 999.000 177.557 999.000   8.866 999.000 119.901 999.000   4.608 999.000
     149     ASP  56.774 999.000  39.710 999.000 178.121 999.000   8.443 999.000 119.691 999.000   4.431 999.000
     150     THR  64.627 999.000  68.663 999.000 175.998 999.000   7.602 999.000 114.014 999.000   4.105 999.000
     151     PHE  60.620 999.000  39.498 999.000 176.569 999.000   7.543 999.000 123.392 999.000   3.796 999.000
     152     VAL  64.945 999.000  31.200 999.000 177.529 999.000   7.794 999.000 116.153 999.000   3.755 999.000
     153     GLU  57.727 999.000  29.761 999.000 176.862 999.000   7.452 999.000 118.631 999.000   4.114 999.000
     154     LEU  56.031 999.000  43.589 999.000 176.804 999.000   7.131 999.000 117.960 999.000   4.082 999.000
     155     TYR  57.722 999.000  40.885 999.000 175.509 999.000   7.973 999.000 114.965 999.000   4.499 999.000
     156     GLY  44.587 999.000-999.000-999.000 174.213 999.000   8.168 999.000 106.900 999.000   4.081 999.000
     157     ASN  55.738 999.000  38.482 999.000 176.901 999.000   8.805 999.000 118.967 999.000   4.353 999.000
     158     ASN  55.221 999.000  38.152 999.000 176.691 999.000   8.427 999.000 117.078 999.000   4.538 999.000
     159     ALA  54.544 999.000  18.289 999.000 179.312 999.000   7.702 999.000 123.015 999.000   4.068 999.000
     160     ALA  54.434 999.000  18.008 999.000 179.643 999.000   7.897 999.000 120.252 999.000   4.128 999.000
     161     ALA  54.564 999.000  17.992 999.000 179.859 999.000   7.686 999.000 120.656 999.000   4.170 999.000
     162     GLU  58.989 999.000  29.047 999.000 179.260 999.000   7.966 999.000 117.959 999.000   4.118 999.000
     163     SER  60.989 999.000  63.036 999.000 176.700 999.000   7.977 999.000 115.282 999.000   4.284 999.000
     164     ARG  58.293 999.000  29.614 999.000 178.442 999.000   7.862 999.000 122.092 999.000   4.173 999.000
     165     LYS  58.210 999.000  31.831 999.000 178.929 999.000   7.974 999.000 119.088 999.000   4.169 999.000
     166     GLY  46.115 999.000-999.000-999.000 175.516 999.000   7.845 999.000 107.247 999.000   3.965 999.000
     167     GLN  57.286 999.000  28.822 999.000 177.360 999.000   7.809 999.000 120.339 999.000   4.235 999.000
     168     GLU  57.311 999.000  29.781 999.000 177.164 999.000   7.729 999.000 118.572 999.000   4.282 999.000
     169     ARG 999.000 999.000 999.000 999.000 999.000 999.000 999.000 999.000 999.000 999.000 999.000 999.000
