   index residue  pre_ca  exp_ca  pre_cb  exp_cb   pre_c   exp_c   pre_h   exp_h   pre_n   exp_n  pre_ha  exp_ha
       1     MET 999.000 999.000 999.000 999.000 999.000 999.000-999.000-999.000 999.000 999.000 999.000 999.000
       2     SER 999.000 999.000 999.000 999.000 999.000 999.000 999.000 999.000 999.000 999.000 999.000 999.000
       3     GLN  57.730 999.000  28.566 999.000 177.606 999.000   8.221 999.000 120.116 999.000   4.171 999.000
       4     SER  60.706 999.000  63.013 999.000 176.111 999.000   7.746 999.000 115.541 999.000   4.082 999.000
       5     ASN  55.725 999.000  38.354 999.000 176.706 999.000   8.115 999.000 120.707 999.000   4.517 999.000
       6     ARG  59.215 999.000  29.965 999.000 177.849 999.000   7.828 999.000 120.195 999.000   4.068 999.000
       7     GLU  59.042 999.000  29.209 999.000 178.855 999.000   7.773 999.000 118.876 999.000   4.005 999.000
       8     LEU  57.687 999.000  41.440 999.000 178.614 999.000   7.581 999.000 119.231 999.000   4.143 999.000
       9     VAL  66.230 999.000  31.290 999.000 177.627 999.000   7.422 999.000 119.256 999.000   2.997 999.000
      10     VAL  67.076 999.000  31.226 999.000 176.303 999.000   8.027 999.000 119.475 999.000   3.710 999.000
      11     ASP  57.582 999.000  41.256 999.000 177.436 999.000   7.876 999.000 120.079 999.000   4.402 999.000
      12     PHE  61.522 999.000  39.644 999.000 177.332 999.000   8.134 999.000 120.490 999.000   4.226 999.000
      13     LEU  58.297 999.000  41.192 999.000 178.610 999.000   8.720 999.000 118.560 999.000   4.095 999.000
      14     SER  62.322 999.000  62.558 999.000 176.499 999.000   8.535 999.000 115.114 999.000   4.358 999.000
      15     TYR  60.945 999.000  37.853 999.000 176.992 999.000   8.572 999.000 124.327 999.000   4.337 999.000
      16     LYS  58.532 999.000  31.390 999.000 179.141 999.000   8.136 999.000 118.411 999.000   3.778 999.000
      17     LEU  58.085 999.000  41.532 999.000 178.656 999.000   8.523 999.000 119.876 999.000   4.036 999.000
      18     SER  61.781 999.000  62.798 999.000 177.169 999.000   8.450 999.000 115.918 999.000   4.265 999.000
      19     GLN  57.832 999.000  28.529 999.000 177.515 999.000   8.032 999.000 120.475 999.000   4.042 999.000
      20     LYS  56.421 999.000  32.675 999.000 177.184 999.000   7.305 999.000 117.826 999.000   4.065 999.000
      21     GLY  45.538 999.000-999.000-999.000 174.029 999.000   7.516 999.000 107.685 999.000   3.983 999.000
      22     TYR  54.502 999.000  40.157 999.000 175.207 999.000   8.329 999.000 119.531 999.000   4.797 999.000
      23     SER  56.355 999.000  66.085 999.000 174.535 999.000   8.670 999.000 113.213 999.000   4.761 999.000
      24     TRP  59.845 999.000  29.720 999.000 176.469 999.000   8.521 999.000 121.008 999.000   4.213 999.000
      25     SER  58.665 999.000  64.438 999.000 173.738 999.000   7.988 999.000 111.069 999.000   4.417 999.000
      26     GLN  54.529 999.000  31.975 999.000 174.952 999.000   7.547 999.000 119.698 999.000   4.345 999.000
      27     PHE  58.111 999.000  37.804 999.000 175.637 999.000   8.349 999.000 120.687 999.000   4.045 999.000
      28     SER  57.087 999.000  65.089 999.000 174.127 999.000   7.406 999.000 113.655 999.000   4.758 999.000
      29     ASP  54.827 999.000  39.632 999.000 176.995 999.000   8.624 999.000 124.366 999.000   4.428 999.000
      30     VAL  63.234 999.000  32.027 999.000 176.501 999.000   7.824 999.000 117.683 999.000   4.006 999.000
      31     GLU  56.304 999.000  30.194 999.000 176.245 999.000   8.092 999.000 120.566 999.000   4.303 999.000
      32     GLU  56.723 999.000  30.368 999.000 176.543 999.000   8.143 999.000 119.784 999.000   4.248 999.000
      33     ASN  53.437 999.000  38.331 999.000 175.496 999.000   8.620 999.000 118.434 999.000   4.633 999.000
      34     ARG  55.891 999.000  30.676 999.000 176.322 999.000   8.057 999.000 119.884 999.000   4.344 999.000
      35     THR  61.588 999.000  70.107 999.000 174.952 999.000   8.202 999.000 115.151 999.000   4.358 999.000
      36     GLU  56.637 999.000  29.998 999.000 175.942 999.000   8.617 999.000 122.963 999.000   4.201 999.000
      37     ALA  50.894 999.000  18.243 999.000 175.624 999.000   8.249 999.000 124.746 999.000   4.419 999.000
      38     PRO  62.884 999.000  32.368 999.000 176.820 999.000-999.000-999.000 999.000 999.000   4.520 999.000
      39     GLU  56.713 999.000  30.023 999.000 176.973 999.000   8.559 999.000 121.599 999.000   4.201 999.000
      40     GLY  45.389 999.000-999.000-999.000 174.902 999.000   8.618 999.000 110.608 999.000   4.084 999.000
      41     THR  62.193 999.000  70.060 999.000 175.258 999.000   7.740 999.000 114.066 999.000   4.340 999.000
      42     GLU  58.887 999.000  29.349 999.000 177.547 999.000   8.974 999.000 122.416 999.000   4.063 999.000
      43     SER  60.698 999.000  63.261 999.000 175.903 999.000   8.397 999.000 114.122 999.000   4.389 999.000
      44     GLU  59.114 999.000  29.089 999.000 178.246 999.000   7.960 999.000 122.794 999.000   4.001 999.000
      45     ALA  54.994 999.000  18.329 999.000 179.420 999.000   7.580 999.000 120.749 999.000   3.870 999.000
      46     VAL  66.042 999.000  31.258 999.000 177.830 999.000   7.327 999.000 118.966 999.000   3.552 999.000
      47     LYS  60.258 999.000  31.995 999.000 178.804 999.000   8.092 999.000 119.627 999.000   3.901 999.000
      48     GLN  58.754 999.000  28.102 999.000 178.208 999.000   8.193 999.000 118.849 999.000   3.945 999.000
      49     ALA  55.001 999.000  18.131 999.000 179.621 999.000   7.852 999.000 122.180 999.000   4.081 999.000
      50     LEU  57.676 999.000  41.555 999.000 178.811 999.000   8.177 999.000 118.821 999.000   4.146 999.000
      51     ARG  59.558 999.000  29.713 999.000 178.682 999.000   8.015 999.000 119.336 999.000   3.928 999.000
      52     GLU  58.992 999.000  29.336 999.000 178.790 999.000   8.224 999.000 119.103 999.000   4.085 999.000
      53     ALA  54.555 999.000  18.200 999.000 179.624 999.000   8.095 999.000 121.622 999.000   4.191 999.000
      54     GLY  47.085 999.000-999.000-999.000 175.446 999.000   8.421 999.000 106.738 999.000   4.201 999.000
      55     ASP  56.335 999.000  40.466 999.000 177.713 999.000   8.155 999.000 121.562 999.000   4.585 999.000
      56     GLU  58.285 999.000  29.802 999.000 177.859 999.000   7.721 999.000 119.776 999.000   4.176 999.000
      57     PHE  60.633 999.000  39.465 999.000 176.729 999.000   8.216 999.000 119.280 999.000   4.291 999.000
      58     GLU  56.561 999.000  29.939 999.000 177.347 999.000   7.807 999.000 116.884 999.000   4.172 999.000
      59     LEU  55.541 999.000  41.765 999.000 176.967 999.000   7.739 999.000 121.614 999.000   4.159 999.000
      60     ARG  56.958 999.000  28.818 999.000 175.715 999.000   8.795 999.000 123.554 999.000   3.894 999.000
      61     TYR  58.604 999.000  35.821 999.000 175.372 999.000   7.776 999.000 115.737 999.000   4.170 999.000
      62     ARG  57.086 999.000  30.742 999.000 176.487 999.000   7.503 999.000 119.316 999.000   4.222 999.000
      63     ARG  56.453 999.000  30.744 999.000 175.857 999.000   7.993 999.000 117.028 999.000   4.195 999.000
      64     ALA  51.783 999.000  18.998 999.000 176.955 999.000   7.697 999.000 122.035 999.000   4.217 999.000
      65     PHE  56.938 999.000  39.259 999.000 176.666 999.000   8.358 999.000 119.436 999.000   4.663 999.000
      66     SER  61.462 999.000  62.618 999.000 175.827 999.000   8.958 999.000 119.145 999.000   4.170 999.000
      67     ASP  56.110 999.000  39.987 999.000 176.873 999.000   8.401 999.000 121.025 999.000   4.437 999.000
      68     LEU  55.307 999.000  43.094 999.000 177.260 999.000   7.573 999.000 117.503 999.000   4.554 999.000
      69     THR  62.622 999.000  70.269 999.000 175.175 999.000   7.710 999.000 108.992 999.000   4.391 999.000
      70     SER  59.616 999.000  64.063 999.000 174.706 999.000   8.465 999.000 115.362 999.000   4.530 999.000
      71     GLN  55.136 999.000  27.948 999.000 175.834 999.000   8.122 999.000 121.551 999.000   4.429 999.000
      72     LEU  55.015 999.000  41.797 999.000 176.702 999.000   7.738 999.000 121.333 999.000   4.284 999.000
      73     HIS  55.789 999.000  30.350 999.000 175.375 999.000   8.582 999.000 122.450 999.000   4.652 999.000
      74     ILE  60.713 999.000  38.136 999.000 176.224 999.000   8.250 999.000 123.730 999.000   4.230 999.000
      75     THR  60.371 999.000  68.894 999.000 173.994 999.000   8.162 999.000 121.570 999.000   4.023 999.000
      76     PRO  63.416 999.000  32.291 999.000 177.015 999.000-999.000-999.000 999.000 999.000   4.330 999.000
      77     GLY  44.845 999.000-999.000-999.000 174.203 999.000   8.219 999.000 108.164 999.000   4.059 999.000
      78     THR  62.373 999.000  69.854 999.000 175.029 999.000   8.095 999.000 111.903 999.000   4.139 999.000
      79     ALA  52.511 999.000  19.505 999.000 177.151 999.000   8.005 999.000 123.901 999.000   4.187 999.000
      80     TYR  58.385 999.000  38.398 999.000 176.561 999.000   8.141 999.000 115.413 999.000   4.354 999.000
      81     GLN  58.136 999.000  28.173 999.000 177.387 999.000   7.924 999.000 119.981 999.000   3.981 999.000
      82     SER  60.577 999.000  63.148 999.000 175.793 999.000   7.898 999.000 114.926 999.000   4.251 999.000
      83     PHE  60.360 999.000  38.341 999.000 177.387 999.000   7.826 999.000 123.469 999.000   4.329 999.000
      84     GLU  59.812 999.000  29.400 999.000 178.200 999.000   7.506 999.000 120.293 999.000   3.478 999.000
      85     GLN  57.538 999.000  28.031 999.000 177.482 999.000   7.577 999.000 116.189 999.000   3.966 999.000
      86     VAL  65.478 999.000  32.054 999.000 176.963 999.000   7.161 999.000 119.616 999.000   3.671 999.000
      87     VAL  62.612 999.000  32.085 999.000 176.843 999.000   7.325 999.000 113.700 999.000   3.756 999.000
      88     ASN  55.690 999.000  38.206 999.000 175.787 999.000   7.921 999.000 118.838 999.000   3.770 999.000
      89     GLU  56.448 999.000  31.019 999.000 176.748 999.000   7.677 999.000 115.876 999.000   4.312 999.000
      90     LEU  57.272 999.000  41.885 999.000 176.885 999.000   7.437 999.000 119.845 999.000   3.678 999.000
      91     PHE  57.509 999.000  39.317 999.000 176.165 999.000   7.551 999.000 113.020 999.000   4.560 999.000
      92     ARG  58.335 999.000  29.967 999.000 176.872 999.000   7.600 999.000 119.853 999.000   3.335 999.000
      93     ASP  54.035 999.000  40.885 999.000 176.149 999.000   7.721 999.000 115.936 999.000   4.495 999.000
      94     GLY  45.231 999.000-999.000-999.000 173.178 999.000   7.277 999.000 108.297 999.000   3.969 999.000
      95     VAL  61.184 999.000  30.015 999.000 175.619 999.000   7.987 999.000 117.177 999.000   4.259 999.000
      96     ASN  53.185 999.000  39.421 999.000 175.896 999.000   7.800 999.000 120.361 999.000   4.446 999.000
      97     TRP  59.683 999.000  29.071 999.000 177.347 999.000   8.473 999.000 124.879 999.000   4.276 999.000
      98     GLY  47.725 999.000-999.000-999.000 175.412 999.000   7.783 999.000 107.908 999.000   3.708 999.000
      99     ARG  59.196 999.000  30.086 999.000 178.081 999.000   7.867 999.000 120.606 999.000   4.058 999.000
     100     ILE  64.974 999.000  37.451 999.000 177.425 999.000   7.524 999.000 119.916 999.000   3.704 999.000
     101     VAL  66.886 999.000  31.164 999.000 176.793 999.000   8.471 999.000 118.949 999.000   3.097 999.000
     102     ALA  55.420 999.000  18.047 999.000 178.204 999.000   8.138 999.000 122.380 999.000   3.789 999.000
     103     PHE  60.535 999.000  39.073 999.000 176.860 999.000   7.956 999.000 119.411 999.000   4.424 999.000
     104     PHE  58.598 999.000  37.771 999.000 177.732 999.000   8.924 999.000 118.212 999.000   4.244 999.000
     105     SER  61.789 999.000  62.684 999.000 176.313 999.000   8.546 999.000 115.995 999.000   4.489 999.000
     106     PHE  60.530 999.000  38.827 999.000 176.828 999.000   8.620 999.000 122.984 999.000   4.366 999.000
     107     GLY  47.622 999.000-999.000-999.000 176.214 999.000   8.452 999.000 106.590 999.000   3.680 999.000
     108     GLY  47.283 999.000-999.000-999.000 175.463 999.000   8.640 999.000 109.814 999.000   3.968 999.000
     109     ALA  54.823 999.000  18.377 999.000 178.926 999.000   8.140 999.000 124.675 999.000   4.132 999.000
     110     LEU  58.099 999.000  41.542 999.000 178.271 999.000   8.333 999.000 119.406 999.000   3.942 999.000
     111     CYS 999.000 999.000 999.000 999.000 999.000 999.000 999.000 999.000 999.000 999.000   4.096 999.000
     112     VAL  64.909 999.000  32.034 999.000 177.173 999.000   8.003 999.000 119.051 999.000   3.877 999.000
     113     GLU  56.904 999.000  29.153 999.000 177.059 999.000   8.374 999.000 117.129 999.000   4.283 999.000
     114     SER  58.314 999.000  63.369 999.000 174.662 999.000   7.562 999.000 115.367 999.000   4.509 999.000
     115     VAL  63.457 999.000  32.183 999.000 175.754 999.000   8.110 999.000 119.639 999.000   3.922 999.000
     116     ASP  54.327 999.000  40.448 999.000 176.505 999.000   8.272 999.000 118.299 999.000   4.627 999.000
     117     LYS  55.839 999.000  33.157 999.000 176.272 999.000   7.568 999.000 120.782 999.000   4.357 999.000
     118     GLU  56.133 999.000  29.818 999.000 176.713 999.000   8.709 999.000 121.366 999.000   4.287 999.000
     119     MET  57.611 999.000  31.220 999.000 177.777 999.000   8.779 999.000 124.489 999.000   4.067 999.000
     120     GLN  57.869 999.000  28.414 999.000 176.852 999.000   8.248 999.000 117.764 999.000   4.155 999.000
     121     VAL  61.919 999.000  33.685 999.000 176.914 999.000   7.501 999.000 113.552 999.000   4.342 999.000
     122     LEU  58.572 999.000  41.657 999.000 177.800 999.000   7.944 999.000 122.086 999.000   3.940 999.000
     123     VAL  66.301 999.000  31.314 999.000 178.044 999.000   7.849 999.000 117.760 999.000   3.354 999.000
     124     SER  61.786 999.000  62.890 999.000 176.630 999.000   7.761 999.000 116.206 999.000   4.330 999.000
     125     ARG  58.994 999.000  29.970 999.000 178.494 999.000   7.952 999.000 122.430 999.000   4.003 999.000
     126     ILE  65.054 999.000  37.536 999.000 177.508 999.000   8.414 999.000 120.578 999.000   3.736 999.000
     127     ALA  55.496 999.000  18.107 999.000 179.237 999.000   8.588 999.000 121.195 999.000   3.966 999.000
     128     ALA  55.345 999.000  18.165 999.000 178.896 999.000   7.802 999.000 121.200 999.000   3.997 999.000
     129     TRP  60.336 999.000  29.757 999.000 178.696 999.000   8.307 999.000 119.305 999.000   4.230 999.000
     130     MET  59.805 999.000  32.786 999.000 177.585 999.000   8.872 999.000 118.005 999.000   4.354 999.000
     131     ALA  55.273 999.000  18.242 999.000 178.527 999.000   8.421 999.000 121.471 999.000   4.128 999.000
     132     THR  66.603 999.000  68.024 999.000 176.217 999.000   8.196 999.000 115.296 999.000   3.933 999.000
     133     TYR  59.442 999.000  38.111 999.000 177.781 999.000   8.294 999.000 120.063 999.000   4.667 999.000
     134     LEU  58.033 999.000  41.355 999.000 177.636 999.000   8.909 999.000 119.537 999.000   4.125 999.000
     135     ASN  56.328 999.000  39.022 999.000 176.927 999.000   8.129 999.000 116.416 999.000   4.441 999.000
     136     ASP  55.664 999.000  41.083 999.000 176.817 999.000   7.619 999.000 118.044 999.000   4.523 999.000
     137     HIS  56.292 999.000  31.425 999.000 174.792 999.000   8.068 999.000 113.733 999.000   4.754 999.000
     138     LEU  56.267 999.000  43.942 999.000 176.841 999.000   8.169 999.000 120.098 999.000   4.519 999.000
     139     GLU  61.712 999.000  27.895 999.000 176.310 999.000   8.594 999.000 118.295 999.000   4.007 999.000
     140     PRO  65.375 999.000  31.365 999.000 178.167 999.000-999.000-999.000 999.000 999.000   4.181 999.000
     141     TRP  58.261 999.000  30.071 999.000 178.428 999.000   7.079 999.000 116.721 999.000   4.640 999.000
     142     ILE  64.735 999.000  37.209 999.000 177.316 999.000   8.205 999.000 120.063 999.000   3.752 999.000
     143     GLN  59.045 999.000  27.765 999.000 178.732 999.000   8.365 999.000 118.983 999.000   4.106 999.000
     144     GLU  58.437 999.000  29.500 999.000 177.914 999.000   7.842 999.000 118.837 999.000   4.105 999.000
     145     ASN  54.521 999.000  39.725 999.000 175.675 999.000   7.879 999.000 115.299 999.000   4.533 999.000
     146     GLY  45.516 999.000-999.000-999.000 173.951 999.000   7.782 999.000 106.253 999.000   4.123 999.000
     147     GLY  44.811 999.000-999.000-999.000 173.484 999.000   8.315 999.000 107.706 999.000   4.139 999.000
     148     TRP  60.383 999.000  29.570 999.000 177.680 999.000   9.006 999.000 123.458 999.000   4.565 999.000
     149     ASP  57.231 999.000  39.802 999.000 177.789 999.000   8.324 999.000 119.230 999.000   4.284 999.000
     150     THR  65.181 999.000  68.401 999.000 176.130 999.000   7.706 999.000 114.065 999.000   3.964 999.000
     151     PHE  60.114 999.000  39.509 999.000 177.552 999.000   7.695 999.000 120.857 999.000   4.331 999.000
     152     VAL  65.652 999.000  31.083 999.000 177.691 999.000   7.655 999.000 117.953 999.000   3.507 999.000
     153     GLU  58.937 999.000  28.929 999.000 178.432 999.000   7.549 999.000 120.507 999.000   3.840 999.000
     154     LEU  57.286 999.000  41.668 999.000 177.856 999.000   7.152 999.000 119.870 999.000   3.661 999.000
     155     TYR  58.164 999.000  39.027 999.000 176.934 999.000   7.630 999.000 117.340 999.000   4.476 999.000
     156     GLY  45.266 999.000-999.000-999.000 174.450 999.000   7.882 999.000 106.423 999.000   3.804 999.000
     157     ASN  53.109 999.000  39.062 999.000 175.651 999.000   7.990 999.000 117.747 999.000   4.577 999.000
     158     ASN  54.454 999.000  38.817 999.000 176.237 999.000   8.220 999.000 119.303 999.000   4.487 999.000
     159     ALA  54.843 999.000  18.490 999.000 179.149 999.000   8.320 999.000 122.348 999.000   4.083 999.000
     160     ALA  54.059 999.000  18.125 999.000 179.622 999.000   7.614 999.000 120.241 999.000   4.223 999.000
     161     ALA  54.170 999.000  18.187 999.000 179.728 999.000   7.548 999.000 120.456 999.000   4.190 999.000
     162     GLU  58.728 999.000  29.191 999.000 178.946 999.000   7.964 999.000 117.962 999.000   4.095 999.000
     163     SER  60.929 999.000  63.156 999.000 176.224 999.000   7.822 999.000 114.789 999.000   4.266 999.000
     164     ARG  57.511 999.000  29.916 999.000 177.794 999.000   7.577 999.000 121.678 999.000   4.261 999.000
     165     LYS  57.098 999.000  32.307 999.000 178.027 999.000   7.717 999.000 119.127 999.000   4.240 999.000
     166     GLY  45.334 999.000-999.000-999.000 174.409 999.000   7.848 999.000 106.944 999.000   3.955 999.000
     167     GLN  56.206 999.000  29.349 999.000 176.288 999.000   7.921 999.000 119.443 999.000   4.304 999.000
     168     GLU  56.871 999.000  29.775 999.000 176.428 999.000   8.096 999.000 119.103 999.000   4.286 999.000
     169     ARG 999.000 999.000 999.000 999.000 999.000 999.000 999.000 999.000 999.000 999.000 999.000 999.000
     630     GLU 999.000 999.000 999.000 999.000 999.000 999.000-999.000-999.000 999.000 999.000 999.000 999.000
     631     GLU 999.000 999.000 999.000 999.000 999.000 999.000 999.000 999.000 999.000 999.000 999.000 999.000
     632     GLN  57.352 999.000  28.068 999.000 177.450 999.000   8.147 999.000 118.737 999.000   4.139 999.000
     633     TRP  60.243 999.000  28.926 999.000 177.779 999.000   7.926 999.000 121.101 999.000   4.286 999.000
     634     ALA  55.016 999.000  18.148 999.000 179.172 999.000   7.876 999.000 120.962 999.000   3.731 999.000
     635     ARG  59.343 999.000  29.738 999.000 178.542 999.000   8.049 999.000 118.071 999.000   3.947 999.000
     636     GLU  59.010 999.000  29.398 999.000 179.035 999.000   7.679 999.000 119.558 999.000   4.073 999.000
     637     ILE  63.917 999.000  36.768 999.000 178.026 999.000   7.888 999.000 119.580 999.000   3.598 999.000
     638     GLY  47.620 999.000-999.000-999.000 176.028 999.000   8.362 999.000 107.669 999.000   3.751 999.000
     639     ALA  54.840 999.000  18.180 999.000 178.944 999.000   7.967 999.000 124.258 999.000   4.042 999.000
     640     GLN  58.868 999.000  28.278 999.000 178.403 999.000   7.899 999.000 118.457 999.000   3.914 999.000
     641     LEU  58.170 999.000  41.327 999.000 178.710 999.000   8.566 999.000 120.298 999.000   3.944 999.000
     642     ARG  59.358 999.000  29.915 999.000 178.557 999.000   7.977 999.000 118.520 999.000   3.906 999.000
     643     ARG  58.154 999.000  29.992 999.000 178.138 999.000   7.772 999.000 118.672 999.000   4.160 999.000
     644     MET  58.178 999.000  32.898 999.000 176.882 999.000   8.327 999.000 118.679 999.000   4.002 999.000
     645     ALA  52.270 999.000  19.225 999.000 176.569 999.000   7.521 999.000 119.584 999.000   4.335 999.000
     646     ASP  53.867 999.000  41.450 999.000 175.928 999.000   7.600 999.000 117.581 999.000   4.502 999.000
     647     ASP  54.200 999.000  41.016 999.000 176.651 999.000   8.393 999.000 122.108 999.000   4.464 999.000
     648     LEU  55.870 999.000  41.948 999.000 177.083 999.000   7.846 999.000 119.934 999.000   4.093 999.000
     649     ASN  53.399 999.000  38.720 999.000 175.393 999.000   8.155 999.000 116.854 999.000   4.555 999.000
     650     ALA  52.418 999.000  19.386 999.000 177.239 999.000   7.900 999.000 121.762 999.000   4.245 999.000
     651     GLN  56.132 999.000  29.205 999.000 175.945 999.000   8.049 999.000 118.084 999.000   4.126 999.000
     652     TYR  58.291 999.000  38.687 999.000 175.419 999.000   8.299 999.000 118.737 999.000   4.503 999.000
     653     GLU  56.985 999.000  30.286 999.000 176.447 999.000   8.242 999.000 119.960 999.000   4.249 999.000
     654     ARG 999.000 999.000 999.000 999.000 999.000 999.000 999.000 999.000 999.000 999.000 999.000 999.000
