   index residue  pre_ca  exp_ca  pre_cb  exp_cb   pre_c   exp_c   pre_h   exp_h   pre_n   exp_n  pre_ha  exp_ha
       1     MET 999.000 999.000 999.000 999.000 999.000 999.000-999.000-999.000 999.000 999.000 999.000 999.000
       2     SER 999.000 999.000 999.000 999.000 999.000 999.000 999.000 999.000 999.000 999.000 999.000 999.000
       3     GLN  57.871 999.000  28.060 999.000 177.671 999.000   8.900 999.000 122.912 999.000   4.219 999.000
       4     SER  61.237 999.000  62.829 999.000 175.972 999.000   8.755 999.000 114.505 999.000   4.167 999.000
       5     ASN  55.320 999.000  38.608 999.000 176.602 999.000   8.006 999.000 119.887 999.000   4.693 999.000
       6     ARG  59.444 999.000  29.850 999.000 177.936 999.000   8.000 999.000 121.434 999.000   4.118 999.000
       7     GLU  59.144 999.000  29.090 999.000 178.902 999.000   8.227 999.000 118.742 999.000   3.981 999.000
       8     LEU  57.674 999.000  41.613 999.000 178.567 999.000   7.356 999.000 119.432 999.000   3.998 999.000
       9     VAL  66.466 999.000  31.410 999.000 177.573 999.000   7.649 999.000 119.350 999.000   3.665 999.000
      10     VAL  67.026 999.000  31.181 999.000 176.531 999.000   8.480 999.000 118.885 999.000   3.108 999.000
      11     ASP  57.549 999.000  41.011 999.000 177.636 999.000   7.575 999.000 120.029 999.000   4.217 999.000
      12     PHE  61.364 999.000  39.600 999.000 176.990 999.000   7.649 999.000 120.527 999.000   4.168 999.000
      13     LEU  58.190 999.000  41.071 999.000 178.524 999.000   8.547 999.000 118.228 999.000   3.927 999.000
      14     SER  62.058 999.000  62.593 999.000 176.466 999.000   8.090 999.000 114.975 999.000   4.118 999.000
      15     TYR  61.118 999.000  37.917 999.000 176.966 999.000   7.903 999.000 124.022 999.000   4.250 999.000
      16     LYS  58.577 999.000  31.371 999.000 178.974 999.000   7.905 999.000 118.260 999.000   3.700 999.000
      17     LEU  57.660 999.000  41.663 999.000 178.838 999.000   8.445 999.000 118.981 999.000   4.219 999.000
      18     SER  61.561 999.000  62.932 999.000 177.088 999.000   8.448 999.000 115.870 999.000   4.231 999.000
      19     GLN  57.924 999.000  28.503 999.000 177.191 999.000   7.974 999.000 119.957 999.000   4.052 999.000
      20     LYS  55.645 999.000  32.425 999.000 176.550 999.000   7.330 999.000 116.825 999.000   4.258 999.000
      21     GLY  45.410 999.000-999.000-999.000 174.032 999.000   7.574 999.000 107.602 999.000   3.829 999.000
      22     TYR  56.617 999.000  39.475 999.000 175.541 999.000   7.878 999.000 120.257 999.000   4.814 999.000
      23     SER  57.145 999.000  64.322 999.000 174.938 999.000   8.266 999.000 116.961 999.000   4.622 999.000
      24     TRP  59.565 999.000  29.902 999.000 177.556 999.000   9.115 999.000 126.679 999.000   4.581 999.000
      25     SER  61.209 999.000  62.450 999.000 176.142 999.000   8.424 999.000 114.713 999.000   4.065 999.000
      26     GLN  57.499 999.000  28.707 999.000 176.307 999.000   7.325 999.000 120.743 999.000   3.923 999.000
      27     PHE  57.541 999.000  40.234 999.000 176.069 999.000   7.237 999.000 115.961 999.000   4.374 999.000
      28     SER  57.605 999.000  64.792 999.000 174.088 999.000   7.049 999.000 114.607 999.000   4.255 999.000
      29     ASP  53.468 999.000  40.776 999.000 176.970 999.000   8.395 999.000 122.426 999.000   4.635 999.000
      30     VAL  64.238 999.000  31.749 999.000 177.367 999.000   8.269 999.000 121.164 999.000   3.867 999.000
      31     GLU  58.062 999.000  29.189 999.000 177.592 999.000   8.358 999.000 119.664 999.000   4.153 999.000
      32     GLU  57.227 999.000  30.146 999.000 177.312 999.000   7.850 999.000 117.931 999.000   4.218 999.000
      33     ASN  53.326 999.000  38.644 999.000 175.747 999.000   7.703 999.000 117.556 999.000   4.701 999.000
      34     ARG  56.305 999.000  30.567 999.000 176.629 999.000   8.106 999.000 119.974 999.000   4.380 999.000
      35     THR  62.064 999.000  69.820 999.000 174.852 999.000   7.979 999.000 113.465 999.000   4.343 999.000
      36     GLU  56.450 999.000  30.294 999.000 175.830 999.000   8.527 999.000 121.924 999.000   4.297 999.000
      37     ALA  50.876 999.000  18.266 999.000 175.635 999.000   8.186 999.000 123.572 999.000   4.492 999.000
      38     PRO  63.122 999.000  32.295 999.000 176.661 999.000-999.000-999.000 999.000 999.000   4.531 999.000
      39     GLU  56.284 999.000  30.399 999.000 176.829 999.000   8.490 999.000 119.866 999.000   4.268 999.000
      40     GLY  45.156 999.000-999.000-999.000 174.602 999.000   8.476 999.000 109.098 999.000   4.069 999.000
      41     THR  61.697 999.000  70.386 999.000 175.014 999.000   8.130 999.000 112.676 999.000   4.420 999.000
      42     GLU  57.623 999.000  29.493 999.000 177.057 999.000   8.836 999.000 121.771 999.000   4.252 999.000
      43     SER  59.561 999.000  63.504 999.000 175.480 999.000   8.333 999.000 114.520 999.000   4.307 999.000
      44     GLU  59.221 999.000  29.035 999.000 178.257 999.000   8.110 999.000 123.067 999.000   3.962 999.000
      45     ALA  54.862 999.000  18.322 999.000 179.630 999.000   7.988 999.000 120.489 999.000   4.172 999.000
      46     VAL  65.825 999.000  31.371 999.000 177.826 999.000   7.452 999.000 119.187 999.000   3.646 999.000
      47     LYS  60.140 999.000  32.011 999.000 178.883 999.000   8.080 999.000 119.795 999.000   3.726 999.000
      48     GLN  58.733 999.000  28.178 999.000 178.212 999.000   8.105 999.000 118.596 999.000   3.949 999.000
      49     ALA  55.092 999.000  18.167 999.000 179.535 999.000   7.812 999.000 122.355 999.000   3.996 999.000
      50     LEU  58.094 999.000  41.518 999.000 178.770 999.000   8.467 999.000 118.897 999.000   4.084 999.000
      51     ARG  59.753 999.000  29.731 999.000 178.424 999.000   8.022 999.000 118.932 999.000   3.914 999.000
      52     GLU  59.067 999.000  29.210 999.000 178.902 999.000   8.106 999.000 118.853 999.000   4.127 999.000
      53     ALA  54.848 999.000  18.201 999.000 179.442 999.000   8.440 999.000 121.616 999.000   4.211 999.000
      54     GLY  47.308 999.000-999.000-999.000 175.511 999.000   8.596 999.000 106.562 999.000   4.126 999.000
      55     ASP  56.809 999.000  40.381 999.000 178.017 999.000   8.342 999.000 121.961 999.000   4.615 999.000
      56     GLU  58.910 999.000  29.660 999.000 178.265 999.000   7.812 999.000 120.674 999.000   4.209 999.000
      57     PHE  61.868 999.000  39.053 999.000 177.934 999.000   8.715 999.000 119.504 999.000   4.262 999.000
      58     GLU  58.943 999.000  29.436 999.000 178.340 999.000   8.298 999.000 118.681 999.000   4.254 999.000
      59     LEU  56.963 999.000  42.504 999.000 177.875 999.000   7.526 999.000 120.022 999.000   4.250 999.000
      60     ARG  57.325 999.000  31.282 999.000 176.682 999.000   8.105 999.000 115.486 999.000   4.018 999.000
      61     TYR  56.360 999.000  38.058 999.000 175.626 999.000   7.968 999.000 117.503 999.000   4.780 999.000
      62     ARG  58.906 999.000  30.008 999.000 177.501 999.000   7.935 999.000 120.982 999.000   3.784 999.000
      63     ARG  57.532 999.000  29.553 999.000 177.669 999.000   8.277 999.000 117.654 999.000   4.180 999.000
      64     ALA  54.154 999.000  18.529 999.000 178.003 999.000   7.671 999.000 121.025 999.000   4.193 999.000
      65     PHE  57.734 999.000  39.784 999.000 176.383 999.000   7.525 999.000 113.011 999.000   4.798 999.000
      66     SER  61.288 999.000  62.546 999.000 176.276 999.000   8.188 999.000 116.925 999.000   4.197 999.000
      67     ASP  56.238 999.000  39.927 999.000 178.181 999.000   7.882 999.000 122.008 999.000   4.492 999.000
      68     LEU  57.446 999.000  41.585 999.000 178.735 999.000   7.529 999.000 119.958 999.000   4.004 999.000
      69     THR  65.356 999.000  68.626 999.000 176.773 999.000   8.217 999.000 112.805 999.000   4.243 999.000
      70     SER  60.450 999.000  63.421 999.000 175.704 999.000   7.832 999.000 116.726 999.000   4.345 999.000
      71     GLN  57.285 999.000  28.947 999.000 177.095 999.000   7.551 999.000 121.031 999.000   4.221 999.000
      72     LEU  54.746 999.000  42.127 999.000 176.261 999.000   7.262 999.000 120.788 999.000   4.276 999.000
      73     HIS  55.874 999.000  29.903 999.000 175.395 999.000   8.597 999.000 125.671 999.000   4.629 999.000
      74     ILE  60.888 999.000  38.863 999.000 175.164 999.000   8.057 999.000 123.682 999.000   4.447 999.000
      75     THR  58.466 999.000  69.995 999.000 173.769 999.000   8.001 999.000 116.748 999.000   4.789 999.000
      76     PRO  64.697 999.000  31.630 999.000 177.489 999.000-999.000-999.000 999.000 999.000   4.410 999.000
      77     GLY  45.067 999.000-999.000-999.000 175.047 999.000   8.317 999.000 107.561 999.000   4.136 999.000
      78     THR  63.664 999.000  69.469 999.000 174.201 999.000   7.709 999.000 117.794 999.000   4.227 999.000
      79     ALA  50.875 999.000  21.089 999.000 176.816 999.000   8.630 999.000 128.886 999.000   4.699 999.000
      80     TYR  61.021 999.000  38.027 999.000 177.298 999.000   8.890 999.000 120.774 999.000   3.086 999.000
      81     GLN  58.805 999.000  27.697 999.000 178.236 999.000   8.439 999.000 118.167 999.000   3.822 999.000
      82     SER  60.830 999.000  62.921 999.000 176.071 999.000   7.589 999.000 114.606 999.000   4.262 999.000
      83     PHE  60.888 999.000  39.356 999.000 176.621 999.000   7.163 999.000 123.625 999.000   4.185 999.000
      84     GLU  59.934 999.000  29.355 999.000 178.334 999.000   8.560 999.000 119.214 999.000   3.591 999.000
      85     GLN  58.576 999.000  28.268 999.000 178.404 999.000   7.599 999.000 117.368 999.000   3.968 999.000
      86     VAL  65.113 999.000  31.897 999.000 177.747 999.000   7.075 999.000 119.422 999.000   3.693 999.000
      87     VAL  65.793 999.000  31.168 999.000 177.746 999.000   7.734 999.000 119.229 999.000   3.303 999.000
      88     ASN  55.898 999.000  37.724 999.000 177.425 999.000   8.494 999.000 117.973 999.000   4.304 999.000
      89     GLU  58.374 999.000  29.627 999.000 178.066 999.000   7.300 999.000 119.703 999.000   4.063 999.000
      90     LEU  57.282 999.000  42.035 999.000 177.371 999.000   7.402 999.000 119.868 999.000   3.887 999.000
      91     PHE  58.365 999.000  38.554 999.000 176.077 999.000   7.689 999.000 114.212 999.000   4.509 999.000
      92     ARG  58.646 999.000  29.829 999.000 176.770 999.000   7.505 999.000 120.444 999.000   3.965 999.000
      93     ASP  53.840 999.000  40.720 999.000 176.289 999.000   8.117 999.000 116.871 999.000   4.635 999.000
      94     GLY  44.636 999.000-999.000-999.000 173.343 999.000   7.569 999.000 107.888 999.000   4.093 999.000
      95     VAL  62.246 999.000  32.395 999.000 175.300 999.000   8.014 999.000 119.771 999.000   3.886 999.000
      96     ASN  51.977 999.000  41.137 999.000 174.579 999.000   7.706 999.000 122.275 999.000   4.299 999.000
      97     TRP  60.084 999.000  30.388 999.000 178.161 999.000   8.899 999.000 120.635 999.000   4.541 999.000
      98     GLY  47.125 999.000-999.000-999.000 175.967 999.000   8.888 999.000 107.013 999.000   4.141 999.000
      99     ARG  58.824 999.000  29.863 999.000 178.282 999.000   8.080 999.000 121.426 999.000   4.141 999.000
     100     ILE  65.370 999.000  37.717 999.000 177.573 999.000   7.995 999.000 120.744 999.000   4.055 999.000
     101     VAL  66.933 999.000  31.291 999.000 176.748 999.000   8.350 999.000 119.455 999.000   3.455 999.000
     102     ALA  55.517 999.000  18.047 999.000 178.706 999.000   8.219 999.000 122.690 999.000   3.884 999.000
     103     PHE  60.746 999.000  38.490 999.000 176.909 999.000   8.302 999.000 119.636 999.000   4.245 999.000
     104     PHE  62.706 999.000  38.791 999.000 177.651 999.000   8.687 999.000 118.491 999.000   3.608 999.000
     105     SER  61.931 999.000  62.620 999.000 176.433 999.000   8.348 999.000 115.355 999.000   4.136 999.000
     106     PHE  60.010 999.000  38.409 999.000 176.794 999.000   8.779 999.000 123.576 999.000   4.317 999.000
     107     GLY  47.551 999.000-999.000-999.000 176.213 999.000   8.200 999.000 106.566 999.000   3.609 999.000
     108     GLY  47.316 999.000-999.000-999.000 175.483 999.000   8.455 999.000 109.670 999.000   3.938 999.000
     109     ALA  54.837 999.000  18.349 999.000 178.946 999.000   8.203 999.000 124.580 999.000   4.177 999.000
     110     LEU  57.982 999.000  41.658 999.000 177.602 999.000   8.583 999.000 119.772 999.000   4.132 999.000
     111     CYS 999.000 999.000 999.000 999.000 999.000 999.000 999.000 999.000 999.000 999.000   3.937 999.000
     112     VAL  66.427 999.000  31.283 999.000 177.536 999.000   8.009 999.000 120.180 999.000   3.496 999.000
     113     GLU  59.504 999.000  29.087 999.000 178.439 999.000   8.382 999.000 120.502 999.000   4.012 999.000
     114     SER  62.079 999.000  63.024 999.000 176.296 999.000   8.168 999.000 115.612 999.000   4.102 999.000
     115     VAL  65.265 999.000  31.259 999.000 177.632 999.000   7.581 999.000 120.910 999.000   3.599 999.000
     116     ASP  56.401 999.000  41.141 999.000 177.703 999.000   7.915 999.000 119.938 999.000   4.429 999.000
     117     LYS  56.481 999.000  32.125 999.000 176.017 999.000   7.853 999.000 116.581 999.000   4.215 999.000
     118     GLU  57.424 999.000  27.205 999.000 175.544 999.000   7.925 999.000 115.606 999.000   4.016 999.000
     119     MET  54.753 999.000  32.074 999.000 176.110 999.000   8.456 999.000 118.931 999.000   4.735 999.000
     120     GLN  58.820 999.000  27.865 999.000 177.631 999.000   7.976 999.000 119.776 999.000   3.876 999.000
     121     VAL  64.147 999.000  31.517 999.000 177.295 999.000   7.639 999.000 118.197 999.000   3.855 999.000
     122     LEU  56.898 999.000  41.314 999.000 178.151 999.000   7.840 999.000 119.744 999.000   3.942 999.000
     123     VAL  66.643 999.000  31.267 999.000 177.770 999.000   7.459 999.000 118.796 999.000   3.277 999.000
     124     SER  61.400 999.000  62.784 999.000 176.321 999.000   8.307 999.000 114.443 999.000   4.133 999.000
     125     ARG  58.533 999.000  30.026 999.000 178.096 999.000   6.846 999.000 122.615 999.000   3.775 999.000
     126     ILE  65.672 999.000  37.777 999.000 177.410 999.000   8.238 999.000 120.868 999.000   2.922 999.000
     127     ALA  55.504 999.000  18.119 999.000 179.189 999.000   7.829 999.000 120.587 999.000   3.905 999.000
     128     ALA  54.995 999.000  18.429 999.000 178.778 999.000   7.232 999.000 121.283 999.000   4.160 999.000
     129     TRP  58.629 999.000  28.546 999.000 178.823 999.000   8.736 999.000 119.989 999.000   4.338 999.000
     130     MET  59.811 999.000  32.808 999.000 177.768 999.000   8.730 999.000 117.268 999.000   4.515 999.000
     131     ALA  55.142 999.000  18.266 999.000 178.649 999.000   8.030 999.000 121.522 999.000   4.194 999.000
     132     THR  66.776 999.000  67.964 999.000 175.573 999.000   8.448 999.000 116.201 999.000   4.018 999.000
     133     TYR  62.213 999.000  38.811 999.000 176.885 999.000   8.721 999.000 122.998 999.000   4.195 999.000
     134     LEU  58.550 999.000  41.464 999.000 177.813 999.000   8.709 999.000 119.204 999.000   4.067 999.000
     135     ASN  56.171 999.000  38.904 999.000 177.149 999.000   8.063 999.000 116.552 999.000   4.386 999.000
     136     ASP  55.977 999.000  40.940 999.000 176.932 999.000   8.106 999.000 118.108 999.000   4.407 999.000
     137     HIS  57.324 999.000  31.877 999.000 175.874 999.000   7.769 999.000 114.139 999.000   4.405 999.000
     138     LEU  56.162 999.000  42.464 999.000 177.615 999.000   7.931 999.000 116.588 999.000   4.130 999.000
     139     GLU  61.673 999.000  28.146 999.000 176.123 999.000   8.758 999.000 119.740 999.000   4.019 999.000
     140     PRO  65.392 999.000  31.449 999.000 178.029 999.000-999.000-999.000 999.000 999.000   4.207 999.000
     141     TRP  60.525 999.000  29.506 999.000 177.759 999.000   7.109 999.000 118.566 999.000   4.183 999.000
     142     ILE  65.629 999.000  37.908 999.000 177.254 999.000   8.493 999.000 119.982 999.000   3.141 999.000
     143     GLN  58.993 999.000  28.063 999.000 178.561 999.000   8.344 999.000 118.041 999.000   3.971 999.000
     144     GLU  58.251 999.000  29.678 999.000 177.804 999.000   7.485 999.000 119.184 999.000   3.994 999.000
     145     ASN  54.424 999.000  39.614 999.000 175.561 999.000   7.679 999.000 115.226 999.000   4.294 999.000
     146     GLY  45.133 999.000-999.000-999.000 174.693 999.000   7.564 999.000 107.544 999.000   4.110 999.000
     147     GLY  44.252 999.000-999.000-999.000 173.660 999.000   8.288 999.000 107.639 999.000   4.135 999.000
     148     TRP  59.973 999.000  29.753 999.000 177.635 999.000   8.884 999.000 120.024 999.000   4.599 999.000
     149     ASP  56.953 999.000  39.745 999.000 178.231 999.000   8.439 999.000 119.614 999.000   4.426 999.000
     150     THR  64.815 999.000  68.556 999.000 176.147 999.000   7.641 999.000 113.930 999.000   4.102 999.000
     151     PHE  60.682 999.000  39.477 999.000 176.628 999.000   7.569 999.000 123.465 999.000   3.791 999.000
     152     VAL  65.474 999.000  31.237 999.000 177.874 999.000   7.923 999.000 117.309 999.000   3.667 999.000
     153     GLU  58.123 999.000  29.555 999.000 177.392 999.000   7.580 999.000 118.916 999.000   4.077 999.000
     154     LEU  56.386 999.000  43.258 999.000 177.067 999.000   7.123 999.000 118.452 999.000   4.049 999.000
     155     TYR  58.167 999.000  40.282 999.000 176.278 999.000   8.096 999.000 115.023 999.000   4.454 999.000
     156     GLY  44.835 999.000-999.000-999.000 174.402 999.000   7.906 999.000 106.021 999.000   4.036 999.000
     157     ASN  54.796 999.000  38.487 999.000 176.493 999.000   8.546 999.000 117.988 999.000   4.425 999.000
     158     ASN  54.596 999.000  38.366 999.000 176.182 999.000   8.244 999.000 117.240 999.000   4.537 999.000
     159     ALA  53.640 999.000  18.704 999.000 178.672 999.000   7.754 999.000 122.313 999.000   4.174 999.000
     160     ALA  53.444 999.000  18.480 999.000 178.896 999.000   7.672 999.000 119.920 999.000   4.200 999.000
     161     ALA  53.837 999.000  18.385 999.000 179.481 999.000   7.648 999.000 120.089 999.000   4.219 999.000
     162     GLU  58.256 999.000  29.230 999.000 178.447 999.000   7.816 999.000 117.264 999.000   4.157 999.000
     163     SER  60.546 999.000  63.297 999.000 176.029 999.000   7.749 999.000 114.750 999.000   4.300 999.000
     164     ARG  57.164 999.000  29.978 999.000 177.415 999.000   7.655 999.000 121.798 999.000   4.276 999.000
     165     LYS  57.081 999.000  32.310 999.000 177.883 999.000   7.742 999.000 119.035 999.000   4.237 999.000
     166     GLY  45.452 999.000-999.000-999.000 174.505 999.000   7.942 999.000 107.172 999.000   3.957 999.000
     167     GLN  56.332 999.000  29.286 999.000 176.408 999.000   7.938 999.000 119.529 999.000   4.311 999.000
     168     GLU  57.022 999.000  30.061 999.000 176.606 999.000   7.911 999.000 118.920 999.000   4.276 999.000
     169     ARG 999.000 999.000 999.000 999.000 999.000 999.000 999.000 999.000 999.000 999.000 999.000 999.000
