   index residue  pre_ca  exp_ca  pre_cb  exp_cb   pre_c   exp_c   pre_h   exp_h   pre_n   exp_n  pre_ha  exp_ha
       1     MET 999.000 999.000 999.000 999.000 999.000 999.000-999.000-999.000 999.000 999.000 999.000 999.000
       2     SER 999.000 999.000 999.000 999.000 999.000 999.000 999.000 999.000 999.000 999.000 999.000 999.000
       3     GLN  57.772 999.000  28.531 999.000 177.644 999.000   8.222 999.000 120.166 999.000   4.166 999.000
       4     SER  60.733 999.000  62.996 999.000 176.130 999.000   7.737 999.000 115.577 999.000   4.080 999.000
       5     ASN  55.736 999.000  38.378 999.000 176.708 999.000   8.108 999.000 120.691 999.000   4.519 999.000
       6     ARG  59.233 999.000  29.961 999.000 177.863 999.000   7.835 999.000 120.199 999.000   4.066 999.000
       7     GLU  59.051 999.000  29.217 999.000 178.864 999.000   7.791 999.000 118.881 999.000   4.005 999.000
       8     LEU  57.725 999.000  41.450 999.000 178.601 999.000   7.589 999.000 119.338 999.000   4.149 999.000
       9     VAL  66.228 999.000  31.289 999.000 177.629 999.000   7.456 999.000 119.246 999.000   3.010 999.000
      10     VAL  67.081 999.000  31.231 999.000 176.306 999.000   8.041 999.000 119.524 999.000   3.713 999.000
      11     ASP  57.591 999.000  41.254 999.000 177.431 999.000   7.884 999.000 120.089 999.000   4.405 999.000
      12     PHE  61.526 999.000  39.638 999.000 177.329 999.000   8.135 999.000 120.491 999.000   4.228 999.000
      13     LEU  58.300 999.000  41.202 999.000 178.614 999.000   8.729 999.000 118.572 999.000   4.095 999.000
      14     SER  62.321 999.000  62.556 999.000 176.501 999.000   8.538 999.000 115.110 999.000   4.359 999.000
      15     TYR  60.998 999.000  37.866 999.000 177.012 999.000   8.567 999.000 124.316 999.000   4.332 999.000
      16     LYS  58.526 999.000  31.389 999.000 179.137 999.000   8.140 999.000 118.414 999.000   3.782 999.000
      17     LEU  58.070 999.000  41.530 999.000 178.660 999.000   8.517 999.000 119.852 999.000   4.038 999.000
      18     SER  61.778 999.000  62.803 999.000 177.169 999.000   8.444 999.000 115.920 999.000   4.264 999.000
      19     GLN  57.825 999.000  28.531 999.000 177.501 999.000   8.040 999.000 120.451 999.000   4.044 999.000
      20     LYS  56.395 999.000  32.677 999.000 177.168 999.000   7.298 999.000 117.804 999.000   4.067 999.000
      21     GLY  45.542 999.000-999.000-999.000 174.034 999.000   7.510 999.000 107.714 999.000   3.983 999.000
      22     TYR  54.496 999.000  40.159 999.000 175.195 999.000   8.327 999.000 119.541 999.000   4.799 999.000
      23     SER  56.354 999.000  66.103 999.000 174.524 999.000   8.670 999.000 113.135 999.000   4.760 999.000
      24     TRP  59.864 999.000  29.722 999.000 176.481 999.000   8.529 999.000 121.009 999.000   4.206 999.000
      25     SER  58.668 999.000  64.439 999.000 173.737 999.000   8.000 999.000 111.089 999.000   4.422 999.000
      26     GLN  54.535 999.000  31.982 999.000 174.949 999.000   7.544 999.000 119.689 999.000   4.346 999.000
      27     PHE  58.088 999.000  37.772 999.000 175.635 999.000   8.351 999.000 120.719 999.000   4.043 999.000
      28     SER  57.082 999.000  65.116 999.000 174.081 999.000   7.407 999.000 113.635 999.000   4.757 999.000
      29     ASP  54.750 999.000  39.627 999.000 176.937 999.000   8.629 999.000 124.152 999.000   4.437 999.000
      30     VAL  63.165 999.000  32.070 999.000 176.469 999.000   7.825 999.000 117.693 999.000   4.013 999.000
      31     GLU  56.291 999.000  30.217 999.000 176.223 999.000   8.107 999.000 120.690 999.000   4.304 999.000
      32     GLU  56.679 999.000  30.385 999.000 176.515 999.000   8.167 999.000 119.843 999.000   4.248 999.000
      33     ASN  53.402 999.000  38.346 999.000 175.495 999.000   8.623 999.000 118.613 999.000   4.636 999.000
      34     ARG  55.876 999.000  30.698 999.000 176.319 999.000   8.071 999.000 119.851 999.000   4.346 999.000
      35     THR  61.614 999.000  70.093 999.000 174.954 999.000   8.207 999.000 115.176 999.000   4.355 999.000
      36     GLU  56.617 999.000  30.021 999.000 175.936 999.000   8.617 999.000 122.995 999.000   4.205 999.000
      37     ALA  50.897 999.000  18.233 999.000 175.634 999.000   8.256 999.000 124.767 999.000   4.420 999.000
      38     PRO  62.879 999.000  32.371 999.000 176.841 999.000-999.000-999.000 999.000 999.000   4.522 999.000
      39     GLU  56.734 999.000  30.014 999.000 176.985 999.000   8.567 999.000 121.622 999.000   4.198 999.000
      40     GLY  45.406 999.000-999.000-999.000 174.900 999.000   8.624 999.000 110.662 999.000   4.083 999.000
      41     THR  62.209 999.000  70.045 999.000 175.229 999.000   7.718 999.000 114.262 999.000   4.338 999.000
      42     GLU  58.923 999.000  29.343 999.000 177.573 999.000   8.981 999.000 122.699 999.000   4.053 999.000
      43     SER  60.757 999.000  63.232 999.000 175.954 999.000   8.418 999.000 114.137 999.000   4.377 999.000
      44     GLU  59.089 999.000  29.081 999.000 178.274 999.000   7.965 999.000 122.751 999.000   4.010 999.000
      45     ALA  54.982 999.000  18.319 999.000 179.421 999.000   7.547 999.000 120.844 999.000   3.875 999.000
      46     VAL  66.080 999.000  31.246 999.000 177.844 999.000   7.350 999.000 118.966 999.000   3.548 999.000
      47     LYS  60.261 999.000  31.993 999.000 178.801 999.000   8.075 999.000 119.623 999.000   3.905 999.000
      48     GLN  58.757 999.000  28.110 999.000 178.210 999.000   8.183 999.000 118.867 999.000   3.945 999.000
      49     ALA  54.995 999.000  18.134 999.000 179.618 999.000   7.864 999.000 122.191 999.000   4.079 999.000
      50     LEU  57.671 999.000  41.550 999.000 178.812 999.000   8.172 999.000 118.890 999.000   4.142 999.000
      51     ARG  59.561 999.000  29.720 999.000 178.699 999.000   8.029 999.000 119.288 999.000   3.938 999.000
      52     GLU  58.974 999.000  29.332 999.000 178.766 999.000   8.234 999.000 119.093 999.000   4.085 999.000
      53     ALA  54.518 999.000  18.205 999.000 179.609 999.000   8.066 999.000 121.583 999.000   4.189 999.000
      54     GLY  47.041 999.000-999.000-999.000 175.428 999.000   8.383 999.000 106.657 999.000   4.200 999.000
      55     ASP  56.317 999.000  40.454 999.000 177.697 999.000   8.133 999.000 121.509 999.000   4.589 999.000
      56     GLU  58.282 999.000  29.768 999.000 177.846 999.000   7.706 999.000 119.781 999.000   4.167 999.000
      57     PHE  60.552 999.000  39.384 999.000 176.734 999.000   8.152 999.000 119.067 999.000   4.313 999.000
      58     GLU  56.500 999.000  29.938 999.000 177.256 999.000   7.777 999.000 117.048 999.000   4.187 999.000
      59     LEU  55.439 999.000  41.856 999.000 176.996 999.000   7.779 999.000 121.552 999.000   4.180 999.000
      60     ARG  56.928 999.000  28.910 999.000 175.743 999.000   8.785 999.000 123.601 999.000   3.898 999.000
      61     TYR  58.613 999.000  35.874 999.000 175.358 999.000   7.815 999.000 115.810 999.000   4.178 999.000
      62     ARG  56.961 999.000  30.830 999.000 176.410 999.000   7.502 999.000 119.294 999.000   4.243 999.000
      63     ARG  56.435 999.000  30.732 999.000 175.811 999.000   8.023 999.000 117.264 999.000   4.204 999.000
      64     ALA  51.766 999.000  19.084 999.000 176.967 999.000   7.729 999.000 121.982 999.000   4.220 999.000
      65     PHE  57.011 999.000  39.120 999.000 176.630 999.000   8.358 999.000 119.296 999.000   4.649 999.000
      66     SER  61.475 999.000  62.614 999.000 175.817 999.000   8.912 999.000 118.975 999.000   4.171 999.000
      67     ASP  56.097 999.000  39.978 999.000 176.862 999.000   8.403 999.000 121.026 999.000   4.436 999.000
      68     LEU  55.336 999.000  43.113 999.000 177.278 999.000   7.575 999.000 117.551 999.000   4.550 999.000
      69     THR  62.611 999.000  70.264 999.000 175.169 999.000   7.710 999.000 108.874 999.000   4.389 999.000
      70     SER  59.628 999.000  64.059 999.000 174.703 999.000   8.472 999.000 115.366 999.000   4.531 999.000
      71     GLN  55.140 999.000  27.942 999.000 175.834 999.000   8.133 999.000 121.555 999.000   4.433 999.000
      72     LEU  55.007 999.000  41.831 999.000 176.689 999.000   7.723 999.000 121.239 999.000   4.293 999.000
      73     HIS  55.761 999.000  30.303 999.000 175.367 999.000   8.598 999.000 122.426 999.000   4.649 999.000
      74     ILE  60.731 999.000  38.135 999.000 176.215 999.000   8.226 999.000 123.885 999.000   4.202 999.000
      75     THR  60.366 999.000  68.906 999.000 173.997 999.000   8.128 999.000 121.694 999.000   4.040 999.000
      76     PRO  63.417 999.000  32.291 999.000 176.992 999.000-999.000-999.000 999.000 999.000   4.332 999.000
      77     GLY  44.817 999.000-999.000-999.000 174.180 999.000   8.264 999.000 108.187 999.000   4.066 999.000
      78     THR  62.380 999.000  69.831 999.000 175.044 999.000   8.104 999.000 111.792 999.000   4.139 999.000
      79     ALA  52.476 999.000  19.527 999.000 177.100 999.000   7.985 999.000 123.994 999.000   4.198 999.000
      80     TYR  58.420 999.000  38.487 999.000 176.548 999.000   8.171 999.000 115.450 999.000   4.361 999.000
      81     GLN  58.128 999.000  28.151 999.000 177.386 999.000   7.949 999.000 119.941 999.000   3.978 999.000
      82     SER  60.581 999.000  63.147 999.000 175.809 999.000   7.901 999.000 114.988 999.000   4.252 999.000
      83     PHE  60.358 999.000  38.345 999.000 177.392 999.000   7.824 999.000 123.513 999.000   4.329 999.000
      84     GLU  59.805 999.000  29.403 999.000 178.197 999.000   7.502 999.000 120.259 999.000   3.478 999.000
      85     GLN  57.509 999.000  28.025 999.000 177.465 999.000   7.581 999.000 116.165 999.000   3.967 999.000
      86     VAL  65.482 999.000  32.061 999.000 176.958 999.000   7.158 999.000 119.628 999.000   3.670 999.000
      87     VAL  62.578 999.000  32.077 999.000 176.839 999.000   7.295 999.000 113.582 999.000   3.754 999.000
      88     ASN  55.696 999.000  38.211 999.000 175.773 999.000   7.920 999.000 118.858 999.000   3.763 999.000
      89     GLU  56.422 999.000  31.039 999.000 176.732 999.000   7.684 999.000 115.827 999.000   4.313 999.000
      90     LEU  57.270 999.000  41.892 999.000 176.865 999.000   7.442 999.000 119.851 999.000   3.672 999.000
      91     PHE  57.492 999.000  39.349 999.000 176.169 999.000   7.563 999.000 112.989 999.000   4.558 999.000
      92     ARG  58.346 999.000  29.981 999.000 176.848 999.000   7.598 999.000 119.855 999.000   3.303 999.000
      93     ASP  54.016 999.000  40.875 999.000 176.131 999.000   7.727 999.000 115.917 999.000   4.495 999.000
      94     GLY  45.304 999.000-999.000-999.000 173.189 999.000   7.281 999.000 108.328 999.000   3.969 999.000
      95     VAL  61.156 999.000  30.047 999.000 175.598 999.000   7.979 999.000 117.367 999.000   4.267 999.000
      96     ASN  53.161 999.000  39.459 999.000 175.883 999.000   7.782 999.000 120.296 999.000   4.436 999.000
      97     TRP  59.688 999.000  29.096 999.000 177.380 999.000   8.461 999.000 124.836 999.000   4.281 999.000
      98     GLY  47.733 999.000-999.000-999.000 175.428 999.000   7.818 999.000 107.910 999.000   3.723 999.000
      99     ARG  59.204 999.000  30.089 999.000 178.080 999.000   7.879 999.000 120.582 999.000   4.061 999.000
     100     ILE  64.984 999.000  37.463 999.000 177.410 999.000   7.524 999.000 119.910 999.000   3.714 999.000
     101     VAL  66.810 999.000  31.154 999.000 176.787 999.000   8.481 999.000 118.935 999.000   3.107 999.000
     102     ALA  55.421 999.000  18.054 999.000 178.197 999.000   8.150 999.000 122.425 999.000   3.803 999.000
     103     PHE  60.534 999.000  39.067 999.000 176.860 999.000   7.962 999.000 119.410 999.000   4.426 999.000
     104     PHE  58.588 999.000  37.766 999.000 177.731 999.000   8.929 999.000 118.214 999.000   4.245 999.000
     105     SER  61.791 999.000  62.684 999.000 176.314 999.000   8.540 999.000 115.999 999.000   4.492 999.000
     106     PHE  60.543 999.000  38.822 999.000 176.826 999.000   8.616 999.000 122.962 999.000   4.362 999.000
     107     GLY  47.621 999.000-999.000-999.000 176.219 999.000   8.461 999.000 106.608 999.000   3.680 999.000
     108     GLY  47.286 999.000-999.000-999.000 175.458 999.000   8.636 999.000 109.792 999.000   3.967 999.000
     109     ALA  54.827 999.000  18.370 999.000 178.932 999.000   8.129 999.000 124.671 999.000   4.131 999.000
     110     LEU  58.078 999.000  41.537 999.000 178.302 999.000   8.333 999.000 119.417 999.000   3.941 999.000
     111     CYS 999.000 999.000 999.000 999.000 999.000 999.000 999.000 999.000 999.000 999.000   4.097 999.000
     112     VAL  64.982 999.000  32.008 999.000 177.203 999.000   8.026 999.000 119.187 999.000   3.872 999.000
     113     GLU  56.816 999.000  29.111 999.000 177.028 999.000   8.381 999.000 117.065 999.000   4.293 999.000
     114     SER  58.381 999.000  63.433 999.000 174.643 999.000   7.536 999.000 115.384 999.000   4.489 999.000
     115     VAL  63.429 999.000  32.260 999.000 175.727 999.000   8.147 999.000 119.745 999.000   3.935 999.000
     116     ASP  54.302 999.000  40.485 999.000 176.508 999.000   8.284 999.000 118.105 999.000   4.632 999.000
     117     LYS  55.896 999.000  33.128 999.000 176.289 999.000   7.581 999.000 120.839 999.000   4.350 999.000
     118     GLU  56.149 999.000  29.863 999.000 176.723 999.000   8.713 999.000 121.443 999.000   4.282 999.000
     119     MET  57.629 999.000  31.208 999.000 177.790 999.000   8.793 999.000 124.586 999.000   4.063 999.000
     120     GLN  57.867 999.000  28.408 999.000 176.832 999.000   8.246 999.000 117.779 999.000   4.155 999.000
     121     VAL  61.925 999.000  33.708 999.000 176.909 999.000   7.512 999.000 113.683 999.000   4.340 999.000
     122     LEU  58.578 999.000  41.655 999.000 177.792 999.000   7.965 999.000 122.099 999.000   3.940 999.000
     123     VAL  66.291 999.000  31.315 999.000 178.049 999.000   7.851 999.000 117.763 999.000   3.355 999.000
     124     SER  61.793 999.000  62.892 999.000 176.629 999.000   7.765 999.000 116.208 999.000   4.339 999.000
     125     ARG  58.979 999.000  29.947 999.000 178.500 999.000   7.953 999.000 122.416 999.000   3.999 999.000
     126     ILE  65.015 999.000  37.498 999.000 177.515 999.000   8.425 999.000 120.572 999.000   3.745 999.000
     127     ALA  55.499 999.000  18.104 999.000 179.243 999.000   8.586 999.000 121.212 999.000   3.970 999.000
     128     ALA  55.342 999.000  18.168 999.000 178.890 999.000   7.807 999.000 121.207 999.000   3.998 999.000
     129     TRP  60.325 999.000  29.762 999.000 178.696 999.000   8.319 999.000 119.315 999.000   4.233 999.000
     130     MET  59.811 999.000  32.785 999.000 177.582 999.000   8.876 999.000 118.012 999.000   4.351 999.000
     131     ALA  55.276 999.000  18.237 999.000 178.531 999.000   8.414 999.000 121.463 999.000   4.125 999.000
     132     THR  66.602 999.000  68.031 999.000 176.216 999.000   8.192 999.000 115.303 999.000   3.933 999.000
     133     TYR  59.429 999.000  38.120 999.000 177.775 999.000   8.307 999.000 120.044 999.000   4.667 999.000
     134     LEU  58.027 999.000  41.352 999.000 177.635 999.000   8.927 999.000 119.519 999.000   4.128 999.000
     135     ASN  56.328 999.000  39.026 999.000 176.899 999.000   8.120 999.000 116.410 999.000   4.441 999.000
     136     ASP  55.633 999.000  41.108 999.000 176.800 999.000   7.609 999.000 118.014 999.000   4.527 999.000
     137     HIS  56.285 999.000  31.429 999.000 174.778 999.000   8.072 999.000 113.720 999.000   4.762 999.000
     138     LEU  56.268 999.000  43.954 999.000 176.827 999.000   8.178 999.000 120.143 999.000   4.524 999.000
     139     GLU  61.719 999.000  27.891 999.000 176.319 999.000   8.594 999.000 118.256 999.000   4.005 999.000
     140     PRO  65.370 999.000  31.362 999.000 178.162 999.000-999.000-999.000 999.000 999.000   4.179 999.000
     141     TRP  58.266 999.000  30.066 999.000 178.427 999.000   7.081 999.000 116.711 999.000   4.639 999.000
     142     ILE  64.782 999.000  37.240 999.000 177.299 999.000   8.196 999.000 120.073 999.000   3.747 999.000
     143     GLN  59.046 999.000  27.766 999.000 178.732 999.000   8.357 999.000 118.967 999.000   4.104 999.000
     144     GLU  58.445 999.000  29.490 999.000 177.919 999.000   7.848 999.000 118.822 999.000   4.103 999.000
     145     ASN  54.515 999.000  39.712 999.000 175.686 999.000   7.879 999.000 115.318 999.000   4.536 999.000
     146     GLY  45.522 999.000-999.000-999.000 173.932 999.000   7.792 999.000 106.227 999.000   4.125 999.000
     147     GLY  44.770 999.000-999.000-999.000 173.458 999.000   8.318 999.000 107.678 999.000   4.143 999.000
     148     TRP  60.384 999.000  29.567 999.000 177.664 999.000   9.012 999.000 123.380 999.000   4.560 999.000
     149     ASP  57.235 999.000  39.823 999.000 177.784 999.000   8.328 999.000 119.206 999.000   4.292 999.000
     150     THR  65.112 999.000  68.422 999.000 176.101 999.000   7.715 999.000 113.887 999.000   3.975 999.000
     151     PHE  60.149 999.000  39.539 999.000 177.540 999.000   7.684 999.000 121.024 999.000   4.330 999.000
     152     VAL  65.597 999.000  31.052 999.000 177.691 999.000   7.673 999.000 117.695 999.000   3.510 999.000
     153     GLU  58.888 999.000  28.906 999.000 178.414 999.000   7.515 999.000 120.566 999.000   3.844 999.000
     154     LEU  57.313 999.000  41.655 999.000 177.880 999.000   7.145 999.000 120.000 999.000   3.629 999.000
     155     TYR  58.085 999.000  38.968 999.000 176.872 999.000   7.619 999.000 117.543 999.000   4.476 999.000
     156     GLY  45.249 999.000-999.000-999.000 174.453 999.000   7.859 999.000 106.523 999.000   3.792 999.000
     157     ASN  53.204 999.000  39.041 999.000 175.667 999.000   7.986 999.000 117.755 999.000   4.569 999.000
     158     ASN  54.312 999.000  38.885 999.000 176.183 999.000   8.202 999.000 118.970 999.000   4.505 999.000
     159     ALA  54.874 999.000  18.499 999.000 179.154 999.000   8.354 999.000 122.435 999.000   4.074 999.000
     160     ALA  54.065 999.000  18.121 999.000 179.626 999.000   7.625 999.000 120.202 999.000   4.225 999.000
     161     ALA  54.182 999.000  18.191 999.000 179.720 999.000   7.537 999.000 120.514 999.000   4.195 999.000
     162     GLU  58.752 999.000  29.187 999.000 178.964 999.000   7.977 999.000 118.015 999.000   4.088 999.000
     163     SER  60.950 999.000  63.140 999.000 176.271 999.000   7.834 999.000 114.814 999.000   4.264 999.000
     164     ARG  57.577 999.000  29.903 999.000 177.868 999.000   7.579 999.000 121.707 999.000   4.257 999.000
     165     LYS  57.153 999.000  32.288 999.000 178.098 999.000   7.736 999.000 119.096 999.000   4.237 999.000
     166     GLY  45.383 999.000-999.000-999.000 174.471 999.000   7.838 999.000 106.918 999.000   3.956 999.000
     167     GLN  56.263 999.000  29.314 999.000 176.355 999.000   7.885 999.000 119.511 999.000   4.301 999.000
     168     GLU  56.915 999.000  29.770 999.000 176.483 999.000   8.030 999.000 118.998 999.000   4.286 999.000
     169     ARG 999.000 999.000 999.000 999.000 999.000 999.000 999.000 999.000 999.000 999.000 999.000 999.000
     630     GLU 999.000 999.000 999.000 999.000 999.000 999.000-999.000-999.000 999.000 999.000 999.000 999.000
     631     GLU 999.000 999.000 999.000 999.000 999.000 999.000 999.000 999.000 999.000 999.000 999.000 999.000
     632     GLN  57.407 999.000  28.079 999.000 177.483 999.000   8.150 999.000 118.686 999.000   4.141 999.000
     633     TRP  60.287 999.000  28.905 999.000 177.779 999.000   7.934 999.000 121.117 999.000   4.287 999.000
     634     ALA  55.036 999.000  18.147 999.000 179.173 999.000   7.907 999.000 120.964 999.000   3.720 999.000
     635     ARG  59.333 999.000  29.740 999.000 178.544 999.000   8.041 999.000 118.060 999.000   3.947 999.000
     636     GLU  59.011 999.000  29.404 999.000 179.033 999.000   7.672 999.000 119.573 999.000   4.072 999.000
     637     ILE  63.885 999.000  36.742 999.000 178.026 999.000   7.896 999.000 119.592 999.000   3.593 999.000
     638     GLY  47.618 999.000-999.000-999.000 176.022 999.000   8.359 999.000 107.645 999.000   3.750 999.000
     639     ALA  54.818 999.000  18.193 999.000 178.934 999.000   7.943 999.000 124.235 999.000   4.044 999.000
     640     GLN  58.868 999.000  28.299 999.000 178.406 999.000   7.906 999.000 118.478 999.000   3.914 999.000
     641     LEU  58.166 999.000  41.324 999.000 178.704 999.000   8.569 999.000 120.258 999.000   3.940 999.000
     642     ARG  59.324 999.000  29.913 999.000 178.537 999.000   7.942 999.000 118.471 999.000   3.911 999.000
     643     ARG  58.103 999.000  29.998 999.000 178.104 999.000   7.743 999.000 118.585 999.000   4.164 999.000
     644     MET  58.194 999.000  32.900 999.000 176.896 999.000   8.315 999.000 118.752 999.000   3.987 999.000
     645     ALA  52.234 999.000  19.238 999.000 176.542 999.000   7.503 999.000 119.591 999.000   4.338 999.000
     646     ASP  53.880 999.000  41.453 999.000 175.927 999.000   7.632 999.000 117.603 999.000   4.500 999.000
     647     ASP  54.157 999.000  41.000 999.000 176.629 999.000   8.397 999.000 122.020 999.000   4.468 999.000
     648     LEU  55.770 999.000  42.012 999.000 177.064 999.000   7.854 999.000 119.965 999.000   4.104 999.000
     649     ASN  53.358 999.000  38.737 999.000 175.394 999.000   8.165 999.000 116.943 999.000   4.551 999.000
     650     ALA  52.424 999.000  19.377 999.000 177.281 999.000   7.921 999.000 121.794 999.000   4.232 999.000
     651     GLN  56.220 999.000  29.150 999.000 176.013 999.000   8.084 999.000 118.132 999.000   4.115 999.000
     652     TYR  58.296 999.000  38.598 999.000 175.477 999.000   8.262 999.000 118.404 999.000   4.504 999.000
     653     GLU  56.993 999.000  30.249 999.000 176.493 999.000   8.171 999.000 119.773 999.000   4.249 999.000
     654     ARG 999.000 999.000 999.000 999.000 999.000 999.000 999.000 999.000 999.000 999.000 999.000 999.000
