   index residue  pre_ca  exp_ca  pre_cb  exp_cb   pre_c   exp_c   pre_h   exp_h   pre_n   exp_n  pre_ha  exp_ha
       1     MET 999.000 999.000 999.000 999.000 999.000 999.000-999.000-999.000 999.000 999.000 999.000 999.000
       2     SER 999.000 999.000 999.000 999.000 999.000 999.000 999.000 999.000 999.000 999.000 999.000 999.000
       3     GLN  57.858 999.000  28.063 999.000 177.665 999.000   8.898 999.000 122.884 999.000   4.221 999.000
       4     SER  61.232 999.000  62.832 999.000 175.967 999.000   8.754 999.000 114.512 999.000   4.167 999.000
       5     ASN  55.315 999.000  38.610 999.000 176.599 999.000   8.005 999.000 119.889 999.000   4.695 999.000
       6     ARG  59.447 999.000  29.848 999.000 177.940 999.000   7.998 999.000 121.427 999.000   4.117 999.000
       7     GLU  59.141 999.000  29.088 999.000 178.899 999.000   8.222 999.000 118.729 999.000   3.983 999.000
       8     LEU  57.656 999.000  41.613 999.000 178.565 999.000   7.354 999.000 119.412 999.000   3.999 999.000
       9     VAL  66.466 999.000  31.407 999.000 177.577 999.000   7.652 999.000 119.348 999.000   3.663 999.000
      10     VAL  67.021 999.000  31.183 999.000 176.523 999.000   8.476 999.000 118.853 999.000   3.106 999.000
      11     ASP  57.552 999.000  41.041 999.000 177.613 999.000   7.567 999.000 120.058 999.000   4.216 999.000
      12     PHE  61.371 999.000  39.603 999.000 176.996 999.000   7.661 999.000 120.501 999.000   4.167 999.000
      13     LEU  58.192 999.000  41.068 999.000 178.526 999.000   8.541 999.000 118.226 999.000   3.928 999.000
      14     SER  62.061 999.000  62.595 999.000 176.467 999.000   8.082 999.000 114.979 999.000   4.119 999.000
      15     TYR  61.111 999.000  37.913 999.000 176.965 999.000   7.914 999.000 124.010 999.000   4.250 999.000
      16     LYS  58.567 999.000  31.369 999.000 178.970 999.000   7.904 999.000 118.252 999.000   3.699 999.000
      17     LEU  57.648 999.000  41.664 999.000 178.836 999.000   8.439 999.000 118.971 999.000   4.221 999.000
      18     SER  61.555 999.000  62.934 999.000 177.092 999.000   8.449 999.000 115.862 999.000   4.231 999.000
      19     GLN  57.925 999.000  28.515 999.000 177.185 999.000   7.974 999.000 119.952 999.000   4.054 999.000
      20     LYS  55.634 999.000  32.425 999.000 176.545 999.000   7.329 999.000 116.823 999.000   4.259 999.000
      21     GLY  45.410 999.000-999.000-999.000 174.036 999.000   7.576 999.000 107.612 999.000   3.829 999.000
      22     TYR  56.617 999.000  39.471 999.000 175.543 999.000   7.875 999.000 120.262 999.000   4.813 999.000
      23     SER  57.143 999.000  64.326 999.000 174.938 999.000   8.266 999.000 116.965 999.000   4.621 999.000
      24     TRP  59.561 999.000  29.903 999.000 177.554 999.000   9.114 999.000 126.668 999.000   4.581 999.000
      25     SER  61.207 999.000  62.452 999.000 176.142 999.000   8.424 999.000 114.708 999.000   4.065 999.000
      26     GLN  57.498 999.000  28.708 999.000 176.302 999.000   7.326 999.000 120.740 999.000   3.922 999.000
      27     PHE  57.536 999.000  40.241 999.000 176.063 999.000   7.239 999.000 115.964 999.000   4.376 999.000
      28     SER  57.602 999.000  64.798 999.000 174.085 999.000   7.051 999.000 114.596 999.000   4.255 999.000
      29     ASP  53.470 999.000  40.761 999.000 176.971 999.000   8.399 999.000 122.434 999.000   4.634 999.000
      30     VAL  64.237 999.000  31.745 999.000 177.372 999.000   8.263 999.000 121.130 999.000   3.868 999.000
      31     GLU  58.069 999.000  29.186 999.000 177.602 999.000   8.358 999.000 119.684 999.000   4.153 999.000
      32     GLU  57.232 999.000  30.143 999.000 177.310 999.000   7.851 999.000 117.927 999.000   4.218 999.000
      33     ASN  53.329 999.000  38.662 999.000 175.755 999.000   7.707 999.000 117.528 999.000   4.702 999.000
      34     ARG  56.319 999.000  30.551 999.000 176.636 999.000   8.098 999.000 119.925 999.000   4.379 999.000
      35     THR  62.034 999.000  69.838 999.000 174.832 999.000   7.965 999.000 113.451 999.000   4.347 999.000
      36     GLU  56.455 999.000  30.296 999.000 175.835 999.000   8.536 999.000 122.002 999.000   4.296 999.000
      37     ALA  50.874 999.000  18.268 999.000 175.634 999.000   8.182 999.000 123.537 999.000   4.493 999.000
      38     PRO  63.125 999.000  32.295 999.000 176.663 999.000-999.000-999.000 999.000 999.000   4.531 999.000
      39     GLU  56.284 999.000  30.403 999.000 176.831 999.000   8.486 999.000 119.833 999.000   4.268 999.000
      40     GLY  45.153 999.000-999.000-999.000 174.597 999.000   8.477 999.000 109.104 999.000   4.069 999.000
      41     THR  61.660 999.000  70.404 999.000 174.993 999.000   8.121 999.000 112.667 999.000   4.424 999.000
      42     GLU  57.609 999.000  29.496 999.000 177.050 999.000   8.843 999.000 121.859 999.000   4.253 999.000
      43     SER  59.560 999.000  63.498 999.000 175.479 999.000   8.345 999.000 114.540 999.000   4.306 999.000
      44     GLU  59.219 999.000  29.039 999.000 178.248 999.000   8.112 999.000 123.079 999.000   3.962 999.000
      45     ALA  54.864 999.000  18.320 999.000 179.632 999.000   7.991 999.000 120.481 999.000   4.170 999.000
      46     VAL  65.824 999.000  31.372 999.000 177.824 999.000   7.450 999.000 119.182 999.000   3.646 999.000
      47     LYS  60.140 999.000  32.013 999.000 178.891 999.000   8.073 999.000 119.767 999.000   3.728 999.000
      48     GLN  58.744 999.000  28.198 999.000 178.219 999.000   8.116 999.000 118.615 999.000   3.950 999.000
      49     ALA  55.090 999.000  18.171 999.000 179.527 999.000   7.809 999.000 122.361 999.000   3.993 999.000
      50     LEU  58.092 999.000  41.518 999.000 178.762 999.000   8.469 999.000 118.911 999.000   4.084 999.000
      51     ARG  59.754 999.000  29.728 999.000 178.425 999.000   8.029 999.000 118.925 999.000   3.913 999.000
      52     GLU  59.068 999.000  29.205 999.000 178.903 999.000   8.102 999.000 118.858 999.000   4.128 999.000
      53     ALA  54.845 999.000  18.201 999.000 179.442 999.000   8.438 999.000 121.625 999.000   4.209 999.000
      54     GLY  47.309 999.000-999.000-999.000 175.512 999.000   8.599 999.000 106.569 999.000   4.127 999.000
      55     ASP  56.811 999.000  40.380 999.000 178.018 999.000   8.342 999.000 121.962 999.000   4.614 999.000
      56     GLU  58.909 999.000  29.658 999.000 178.267 999.000   7.811 999.000 120.660 999.000   4.208 999.000
      57     PHE  61.863 999.000  39.051 999.000 177.932 999.000   8.716 999.000 119.507 999.000   4.262 999.000
      58     GLU  58.935 999.000  29.436 999.000 178.334 999.000   8.295 999.000 118.657 999.000   4.254 999.000
      59     LEU  56.957 999.000  42.503 999.000 177.874 999.000   7.523 999.000 120.020 999.000   4.250 999.000
      60     ARG  57.332 999.000  31.271 999.000 176.687 999.000   8.102 999.000 115.509 999.000   4.016 999.000
      61     TYR  56.364 999.000  38.053 999.000 175.628 999.000   7.969 999.000 117.520 999.000   4.779 999.000
      62     ARG  58.894 999.000  30.012 999.000 177.490 999.000   7.937 999.000 120.973 999.000   3.786 999.000
      63     ARG  57.512 999.000  29.565 999.000 177.657 999.000   8.277 999.000 117.647 999.000   4.183 999.000
      64     ALA  54.164 999.000  18.528 999.000 178.015 999.000   7.678 999.000 121.017 999.000   4.190 999.000
      65     PHE  57.747 999.000  39.770 999.000 176.397 999.000   7.524 999.000 113.024 999.000   4.795 999.000
      66     SER  61.290 999.000  62.545 999.000 176.275 999.000   8.182 999.000 116.918 999.000   4.198 999.000
      67     ASP  56.234 999.000  39.927 999.000 178.181 999.000   7.882 999.000 122.010 999.000   4.492 999.000
      68     LEU  57.451 999.000  41.590 999.000 178.734 999.000   7.528 999.000 119.959 999.000   4.005 999.000
      69     THR  65.348 999.000  68.628 999.000 176.772 999.000   8.219 999.000 112.774 999.000   4.243 999.000
      70     SER  60.452 999.000  63.418 999.000 175.709 999.000   7.833 999.000 116.741 999.000   4.345 999.000
      71     GLN  57.285 999.000  28.940 999.000 177.092 999.000   7.553 999.000 121.026 999.000   4.221 999.000
      72     LEU  54.742 999.000  42.138 999.000 176.262 999.000   7.260 999.000 120.790 999.000   4.277 999.000
      73     HIS  55.877 999.000  29.906 999.000 175.388 999.000   8.600 999.000 125.660 999.000   4.629 999.000
      74     ILE  60.888 999.000  38.866 999.000 175.164 999.000   8.055 999.000 123.717 999.000   4.446 999.000
      75     THR  58.464 999.000  69.998 999.000 173.773 999.000   7.999 999.000 116.751 999.000   4.789 999.000
      76     PRO  64.700 999.000  31.630 999.000 177.488 999.000-999.000-999.000 999.000 999.000   4.410 999.000
      77     GLY  45.067 999.000-999.000-999.000 175.048 999.000   8.317 999.000 107.565 999.000   4.136 999.000
      78     THR  63.661 999.000  69.470 999.000 174.200 999.000   7.709 999.000 117.781 999.000   4.229 999.000
      79     ALA  50.874 999.000  21.092 999.000 176.814 999.000   8.629 999.000 128.876 999.000   4.699 999.000
      80     TYR  61.024 999.000  38.028 999.000 177.297 999.000   8.886 999.000 120.770 999.000   3.085 999.000
      81     GLN  58.804 999.000  27.701 999.000 178.237 999.000   8.437 999.000 118.153 999.000   3.822 999.000
      82     SER  60.826 999.000  62.922 999.000 176.068 999.000   7.588 999.000 114.603 999.000   4.264 999.000
      83     PHE  60.888 999.000  39.356 999.000 176.621 999.000   7.164 999.000 123.629 999.000   4.186 999.000
      84     GLU  59.935 999.000  29.353 999.000 178.333 999.000   8.564 999.000 119.221 999.000   3.590 999.000
      85     GLN  58.575 999.000  28.270 999.000 178.401 999.000   7.596 999.000 117.367 999.000   3.968 999.000
      86     VAL  65.106 999.000  31.898 999.000 177.746 999.000   7.075 999.000 119.410 999.000   3.693 999.000
      87     VAL  65.790 999.000  31.166 999.000 177.748 999.000   7.727 999.000 119.212 999.000   3.304 999.000
      88     ASN  55.899 999.000  37.725 999.000 177.423 999.000   8.494 999.000 117.972 999.000   4.305 999.000
      89     GLU  58.375 999.000  29.628 999.000 178.067 999.000   7.300 999.000 119.695 999.000   4.064 999.000
      90     LEU  57.272 999.000  42.027 999.000 177.364 999.000   7.398 999.000 119.849 999.000   3.888 999.000
      91     PHE  58.381 999.000  38.575 999.000 176.083 999.000   7.688 999.000 114.203 999.000   4.505 999.000
      92     ARG  58.654 999.000  29.823 999.000 176.785 999.000   7.504 999.000 120.441 999.000   3.965 999.000
      93     ASP  53.846 999.000  40.715 999.000 176.295 999.000   8.116 999.000 116.860 999.000   4.634 999.000
      94     GLY  44.641 999.000-999.000-999.000 173.340 999.000   7.566 999.000 107.886 999.000   4.092 999.000
      95     VAL  62.241 999.000  32.400 999.000 175.299 999.000   8.014 999.000 119.768 999.000   3.889 999.000
      96     ASN  51.976 999.000  41.138 999.000 174.581 999.000   7.706 999.000 122.267 999.000   4.300 999.000
      97     TRP  60.087 999.000  30.392 999.000 178.162 999.000   8.900 999.000 120.636 999.000   4.541 999.000
      98     GLY  47.125 999.000-999.000-999.000 175.968 999.000   8.888 999.000 107.012 999.000   4.141 999.000
      99     ARG  58.831 999.000  29.867 999.000 178.282 999.000   8.082 999.000 121.440 999.000   4.140 999.000
     100     ILE  65.371 999.000  37.719 999.000 177.572 999.000   7.994 999.000 120.737 999.000   4.054 999.000
     101     VAL  66.931 999.000  31.291 999.000 176.748 999.000   8.350 999.000 119.454 999.000   3.456 999.000
     102     ALA  55.519 999.000  18.047 999.000 178.706 999.000   8.225 999.000 122.699 999.000   3.884 999.000
     103     PHE  60.752 999.000  38.489 999.000 176.911 999.000   8.301 999.000 119.634 999.000   4.246 999.000
     104     PHE  62.704 999.000  38.788 999.000 177.652 999.000   8.686 999.000 118.489 999.000   3.608 999.000
     105     SER  61.931 999.000  62.622 999.000 176.429 999.000   8.347 999.000 115.359 999.000   4.137 999.000
     106     PHE  60.006 999.000  38.416 999.000 176.795 999.000   8.781 999.000 123.567 999.000   4.316 999.000
     107     GLY  47.552 999.000-999.000-999.000 176.212 999.000   8.201 999.000 106.564 999.000   3.608 999.000
     108     GLY  47.317 999.000-999.000-999.000 175.485 999.000   8.457 999.000 109.673 999.000   3.938 999.000
     109     ALA  54.842 999.000  18.347 999.000 178.946 999.000   8.202 999.000 124.582 999.000   4.177 999.000
     110     LEU  57.981 999.000  41.655 999.000 177.606 999.000   8.580 999.000 119.772 999.000   4.132 999.000
     111     CYS 999.000 999.000 999.000 999.000 999.000 999.000 999.000 999.000 999.000 999.000   3.937 999.000
     112     VAL  66.454 999.000  31.289 999.000 177.531 999.000   8.008 999.000 120.251 999.000   3.494 999.000
     113     GLU  59.505 999.000  29.084 999.000 178.440 999.000   8.387 999.000 120.476 999.000   4.011 999.000
     114     SER  62.081 999.000  63.025 999.000 176.297 999.000   8.169 999.000 115.626 999.000   4.102 999.000
     115     VAL  65.272 999.000  31.258 999.000 177.636 999.000   7.585 999.000 120.925 999.000   3.598 999.000
     116     ASP  56.401 999.000  41.140 999.000 177.704 999.000   7.916 999.000 119.932 999.000   4.428 999.000
     117     LYS  56.486 999.000  32.129 999.000 176.020 999.000   7.854 999.000 116.584 999.000   4.214 999.000
     118     GLU  57.423 999.000  27.207 999.000 175.541 999.000   7.925 999.000 115.617 999.000   4.017 999.000
     119     MET  54.749 999.000  32.081 999.000 176.111 999.000   8.455 999.000 118.924 999.000   4.735 999.000
     120     GLN  58.824 999.000  27.865 999.000 177.633 999.000   7.977 999.000 119.783 999.000   3.874 999.000
     121     VAL  64.147 999.000  31.521 999.000 177.289 999.000   7.639 999.000 118.237 999.000   3.856 999.000
     122     LEU  56.899 999.000  41.316 999.000 178.150 999.000   7.839 999.000 119.766 999.000   3.942 999.000
     123     VAL  66.645 999.000  31.268 999.000 177.768 999.000   7.458 999.000 118.798 999.000   3.277 999.000
     124     SER  61.398 999.000  62.785 999.000 176.320 999.000   8.307 999.000 114.441 999.000   4.132 999.000
     125     ARG  58.521 999.000  30.021 999.000 178.096 999.000   6.848 999.000 122.609 999.000   3.776 999.000
     126     ILE  65.673 999.000  37.777 999.000 177.409 999.000   8.236 999.000 120.868 999.000   2.921 999.000
     127     ALA  55.502 999.000  18.119 999.000 179.188 999.000   7.833 999.000 120.580 999.000   3.905 999.000
     128     ALA  54.990 999.000  18.431 999.000 178.780 999.000   7.229 999.000 121.280 999.000   4.161 999.000
     129     TRP  58.627 999.000  28.546 999.000 178.823 999.000   8.733 999.000 119.985 999.000   4.338 999.000
     130     MET  59.811 999.000  32.805 999.000 177.768 999.000   8.732 999.000 117.272 999.000   4.514 999.000
     131     ALA  55.142 999.000  18.267 999.000 178.650 999.000   8.029 999.000 121.520 999.000   4.194 999.000
     132     THR  66.776 999.000  67.965 999.000 175.570 999.000   8.447 999.000 116.202 999.000   4.018 999.000
     133     TYR  62.211 999.000  38.810 999.000 176.887 999.000   8.722 999.000 123.000 999.000   4.194 999.000
     134     LEU  58.553 999.000  41.462 999.000 177.806 999.000   8.710 999.000 119.199 999.000   4.066 999.000
     135     ASN  56.174 999.000  38.910 999.000 177.152 999.000   8.062 999.000 116.558 999.000   4.386 999.000
     136     ASP  55.978 999.000  40.937 999.000 176.931 999.000   8.109 999.000 118.120 999.000   4.406 999.000
     137     HIS  57.314 999.000  31.888 999.000 175.865 999.000   7.770 999.000 114.139 999.000   4.407 999.000
     138     LEU  56.161 999.000  42.472 999.000 177.616 999.000   7.928 999.000 116.590 999.000   4.131 999.000
     139     GLU  61.672 999.000  28.145 999.000 176.124 999.000   8.759 999.000 119.736 999.000   4.019 999.000
     140     PRO  65.394 999.000  31.448 999.000 178.029 999.000-999.000-999.000 999.000 999.000   4.206 999.000
     141     TRP  60.525 999.000  29.504 999.000 177.759 999.000   7.108 999.000 118.564 999.000   4.183 999.000
     142     ILE  65.630 999.000  37.907 999.000 177.250 999.000   8.489 999.000 119.979 999.000   3.139 999.000
     143     GLN  58.994 999.000  28.063 999.000 178.564 999.000   8.343 999.000 118.046 999.000   3.971 999.000
     144     GLU  58.248 999.000  29.678 999.000 177.805 999.000   7.485 999.000 119.176 999.000   3.994 999.000
     145     ASN  54.430 999.000  39.618 999.000 175.571 999.000   7.680 999.000 115.235 999.000   4.291 999.000
     146     GLY  45.138 999.000-999.000-999.000 174.692 999.000   7.562 999.000 107.528 999.000   4.108 999.000
     147     GLY  44.253 999.000-999.000-999.000 173.657 999.000   8.289 999.000 107.626 999.000   4.136 999.000
     148     TRP  59.983 999.000  29.753 999.000 177.639 999.000   8.889 999.000 120.035 999.000   4.600 999.000
     149     ASP  56.958 999.000  39.748 999.000 178.233 999.000   8.437 999.000 119.617 999.000   4.427 999.000
     150     THR  64.792 999.000  68.563 999.000 176.146 999.000   7.642 999.000 113.845 999.000   4.105 999.000
     151     PHE  60.672 999.000  39.482 999.000 176.623 999.000   7.580 999.000 123.485 999.000   3.792 999.000
     152     VAL  65.454 999.000  31.236 999.000 177.864 999.000   7.918 999.000 117.279 999.000   3.671 999.000
     153     GLU  58.115 999.000  29.559 999.000 177.382 999.000   7.578 999.000 118.902 999.000   4.079 999.000
     154     LEU  56.378 999.000  43.260 999.000 177.061 999.000   7.122 999.000 118.460 999.000   4.051 999.000
     155     TYR  58.155 999.000  40.293 999.000 176.268 999.000   8.088 999.000 115.049 999.000   4.453 999.000
     156     GLY  44.863 999.000-999.000-999.000 174.396 999.000   7.914 999.000 106.031 999.000   4.033 999.000
     157     ASN  54.852 999.000  38.506 999.000 176.537 999.000   8.536 999.000 118.067 999.000   4.422 999.000
     158     ASN  54.646 999.000  38.342 999.000 176.216 999.000   8.251 999.000 117.171 999.000   4.534 999.000
     159     ALA  53.680 999.000  18.693 999.000 178.708 999.000   7.733 999.000 122.354 999.000   4.171 999.000
     160     ALA  53.460 999.000  18.470 999.000 178.932 999.000   7.680 999.000 119.946 999.000   4.201 999.000
     161     ALA  53.879 999.000  18.357 999.000 179.520 999.000   7.647 999.000 120.114 999.000   4.214 999.000
     162     GLU  58.309 999.000  29.198 999.000 178.501 999.000   7.816 999.000 117.287 999.000   4.151 999.000
     163     SER  60.622 999.000  63.261 999.000 176.085 999.000   7.755 999.000 114.821 999.000   4.294 999.000
     164     ARG  57.207 999.000  29.944 999.000 177.460 999.000   7.659 999.000 121.872 999.000   4.271 999.000
     165     LYS  57.110 999.000  32.286 999.000 177.907 999.000   7.743 999.000 119.022 999.000   4.235 999.000
     166     GLY  45.454 999.000-999.000-999.000 174.521 999.000   7.929 999.000 107.169 999.000   3.958 999.000
     167     GLN  56.355 999.000  29.276 999.000 176.426 999.000   7.929 999.000 119.542 999.000   4.310 999.000
     168     GLU  57.037 999.000  30.052 999.000 176.625 999.000   7.898 999.000 118.883 999.000   4.275 999.000
     169     ARG 999.000 999.000 999.000 999.000 999.000 999.000 999.000 999.000 999.000 999.000 999.000 999.000
