   index residue  pre_ca  exp_ca  pre_cb  exp_cb   pre_c   exp_c   pre_h   exp_h   pre_n   exp_n  pre_ha  exp_ha
       1     MET 999.000 999.000 999.000 999.000 999.000 999.000-999.000-999.000 999.000 999.000 999.000 999.000
       2     SER 999.000 999.000 999.000 999.000 999.000 999.000 999.000 999.000 999.000 999.000 999.000 999.000
       3     GLN  57.756 999.000  28.077 999.000 177.634 999.000   8.879 999.000 122.751 999.000   4.235 999.000
       4     SER  61.223 999.000  62.846 999.000 175.939 999.000   8.750 999.000 114.577 999.000   4.167 999.000
       5     ASN  55.270 999.000  38.615 999.000 176.568 999.000   8.007 999.000 119.836 999.000   4.699 999.000
       6     ARG  59.441 999.000  29.845 999.000 177.923 999.000   7.980 999.000 121.448 999.000   4.119 999.000
       7     GLU  59.149 999.000  29.100 999.000 178.892 999.000   8.200 999.000 118.758 999.000   3.982 999.000
       8     LEU  57.601 999.000  41.601 999.000 178.592 999.000   7.347 999.000 119.299 999.000   3.999 999.000
       9     VAL  66.469 999.000  31.402 999.000 177.580 999.000   7.637 999.000 119.357 999.000   3.651 999.000
      10     VAL  66.996 999.000  31.179 999.000 176.523 999.000   8.483 999.000 118.749 999.000   3.105 999.000
      11     ASP  57.570 999.000  41.102 999.000 177.593 999.000   7.573 999.000 120.088 999.000   4.216 999.000
      12     PHE  61.402 999.000  39.608 999.000 177.022 999.000   7.687 999.000 120.495 999.000   4.159 999.000
      13     LEU  58.209 999.000  41.056 999.000 178.530 999.000   8.534 999.000 118.235 999.000   3.933 999.000
      14     SER  62.070 999.000  62.604 999.000 176.481 999.000   8.069 999.000 114.984 999.000   4.124 999.000
      15     TYR  61.119 999.000  37.923 999.000 176.967 999.000   7.962 999.000 124.023 999.000   4.252 999.000
      16     LYS  58.572 999.000  31.371 999.000 178.974 999.000   7.914 999.000 118.234 999.000   3.703 999.000
      17     LEU  57.642 999.000  41.671 999.000 178.838 999.000   8.426 999.000 118.952 999.000   4.219 999.000
      18     SER  61.554 999.000  62.934 999.000 177.085 999.000   8.454 999.000 115.867 999.000   4.231 999.000
      19     GLN  57.915 999.000  28.511 999.000 177.169 999.000   7.970 999.000 119.911 999.000   4.054 999.000
      20     LYS  55.624 999.000  32.430 999.000 176.543 999.000   7.330 999.000 116.826 999.000   4.262 999.000
      21     GLY  45.415 999.000-999.000-999.000 174.042 999.000   7.583 999.000 107.658 999.000   3.829 999.000
      22     TYR  56.631 999.000  39.503 999.000 175.536 999.000   7.878 999.000 120.274 999.000   4.813 999.000
      23     SER  57.129 999.000  64.344 999.000 174.939 999.000   8.258 999.000 116.915 999.000   4.624 999.000
      24     TRP  59.563 999.000  29.906 999.000 177.550 999.000   9.116 999.000 126.683 999.000   4.588 999.000
      25     SER  61.214 999.000  62.448 999.000 176.142 999.000   8.428 999.000 114.699 999.000   4.067 999.000
      26     GLN  57.488 999.000  28.709 999.000 176.302 999.000   7.328 999.000 120.744 999.000   3.922 999.000
      27     PHE  57.566 999.000  40.256 999.000 176.085 999.000   7.246 999.000 115.980 999.000   4.374 999.000
      28     SER  57.597 999.000  64.817 999.000 174.110 999.000   7.072 999.000 114.582 999.000   4.248 999.000
      29     ASP  53.467 999.000  40.678 999.000 177.018 999.000   8.410 999.000 122.400 999.000   4.627 999.000
      30     VAL  64.333 999.000  31.709 999.000 177.414 999.000   8.246 999.000 121.097 999.000   3.850 999.000
      31     GLU  58.073 999.000  29.179 999.000 177.617 999.000   8.362 999.000 119.644 999.000   4.155 999.000
      32     GLU  57.250 999.000  30.158 999.000 177.329 999.000   7.831 999.000 117.971 999.000   4.217 999.000
      33     ASN  53.402 999.000  38.704 999.000 175.798 999.000   7.728 999.000 117.428 999.000   4.699 999.000
      34     ARG  56.360 999.000  30.552 999.000 176.668 999.000   8.072 999.000 119.692 999.000   4.377 999.000
      35     THR  61.988 999.000  69.881 999.000 174.784 999.000   7.900 999.000 113.388 999.000   4.355 999.000
      36     GLU  56.494 999.000  30.288 999.000 175.844 999.000   8.559 999.000 122.307 999.000   4.292 999.000
      37     ALA  50.862 999.000  18.290 999.000 175.615 999.000   8.180 999.000 123.454 999.000   4.497 999.000
      38     PRO  63.128 999.000  32.305 999.000 176.650 999.000-999.000-999.000 999.000 999.000   4.532 999.000
      39     GLU  56.242 999.000  30.437 999.000 176.812 999.000   8.483 999.000 119.824 999.000   4.272 999.000
      40     GLY  45.157 999.000-999.000-999.000 174.604 999.000   8.487 999.000 109.154 999.000   4.069 999.000
      41     THR  61.626 999.000  70.428 999.000 175.024 999.000   8.135 999.000 112.673 999.000   4.431 999.000
      42     GLU  57.777 999.000  29.408 999.000 177.144 999.000   8.856 999.000 121.702 999.000   4.236 999.000
      43     SER  59.708 999.000  63.415 999.000 175.554 999.000   8.308 999.000 114.537 999.000   4.294 999.000
      44     GLU  59.391 999.000  29.008 999.000 178.363 999.000   8.042 999.000 123.259 999.000   3.945 999.000
      45     ALA  54.843 999.000  18.320 999.000 179.638 999.000   7.977 999.000 120.377 999.000   4.177 999.000
      46     VAL  65.820 999.000  31.383 999.000 177.823 999.000   7.420 999.000 119.279 999.000   3.644 999.000
      47     LYS  60.157 999.000  32.022 999.000 178.901 999.000   8.179 999.000 119.678 999.000   3.732 999.000
      48     GLN  58.755 999.000  28.228 999.000 178.210 999.000   8.105 999.000 118.635 999.000   3.950 999.000
      49     ALA  55.090 999.000  18.165 999.000 179.545 999.000   7.799 999.000 122.368 999.000   3.989 999.000
      50     LEU  58.114 999.000  41.532 999.000 178.788 999.000   8.485 999.000 118.906 999.000   4.080 999.000
      51     ARG  59.749 999.000  29.744 999.000 178.428 999.000   8.018 999.000 118.902 999.000   3.915 999.000
      52     GLU  59.070 999.000  29.211 999.000 178.900 999.000   8.111 999.000 118.883 999.000   4.128 999.000
      53     ALA  54.841 999.000  18.203 999.000 179.442 999.000   8.450 999.000 121.645 999.000   4.220 999.000
      54     GLY  47.319 999.000-999.000-999.000 175.523 999.000   8.600 999.000 106.577 999.000   4.126 999.000
      55     ASP  56.819 999.000  40.364 999.000 178.021 999.000   8.344 999.000 121.949 999.000   4.613 999.000
      56     GLU  58.903 999.000  29.650 999.000 178.292 999.000   7.806 999.000 120.619 999.000   4.209 999.000
      57     PHE  61.853 999.000  39.034 999.000 177.915 999.000   8.720 999.000 119.593 999.000   4.261 999.000
      58     GLU  58.936 999.000  29.421 999.000 178.345 999.000   8.300 999.000 118.652 999.000   4.248 999.000
      59     LEU  56.959 999.000  42.480 999.000 177.908 999.000   7.528 999.000 120.026 999.000   4.250 999.000
      60     ARG  57.374 999.000  31.209 999.000 176.728 999.000   8.083 999.000 115.625 999.000   4.008 999.000
      61     TYR  56.376 999.000  38.045 999.000 175.627 999.000   7.982 999.000 117.610 999.000   4.775 999.000
      62     ARG  58.837 999.000  30.034 999.000 177.430 999.000   7.950 999.000 120.950 999.000   3.811 999.000
      63     ARG  57.382 999.000  29.657 999.000 177.567 999.000   8.269 999.000 117.540 999.000   4.201 999.000
      64     ALA  54.200 999.000  18.527 999.000 178.031 999.000   7.704 999.000 121.019 999.000   4.175 999.000
      65     PHE  57.789 999.000  39.754 999.000 176.419 999.000   7.514 999.000 113.069 999.000   4.783 999.000
      66     SER  61.292 999.000  62.546 999.000 176.271 999.000   8.142 999.000 116.858 999.000   4.199 999.000
      67     ASP  56.225 999.000  39.924 999.000 178.181 999.000   7.880 999.000 122.040 999.000   4.495 999.000
      68     LEU  57.471 999.000  41.604 999.000 178.730 999.000   7.525 999.000 119.968 999.000   4.011 999.000
      69     THR  65.300 999.000  68.632 999.000 176.769 999.000   8.229 999.000 112.573 999.000   4.238 999.000
      70     SER  60.457 999.000  63.415 999.000 175.716 999.000   7.834 999.000 116.788 999.000   4.345 999.000
      71     GLN  57.267 999.000  28.936 999.000 177.083 999.000   7.560 999.000 121.009 999.000   4.223 999.000
      72     LEU  54.748 999.000  42.133 999.000 176.278 999.000   7.251 999.000 120.796 999.000   4.277 999.000
      73     HIS  55.869 999.000  29.907 999.000 175.377 999.000   8.597 999.000 125.550 999.000   4.631 999.000
      74     ILE  60.871 999.000  38.875 999.000 175.160 999.000   8.056 999.000 123.703 999.000   4.449 999.000
      75     THR  58.468 999.000  69.988 999.000 173.754 999.000   8.001 999.000 116.746 999.000   4.790 999.000
      76     PRO  64.694 999.000  31.634 999.000 177.498 999.000-999.000-999.000 999.000 999.000   4.411 999.000
      77     GLY  45.073 999.000-999.000-999.000 175.044 999.000   8.321 999.000 107.564 999.000   4.136 999.000
      78     THR  63.643 999.000  69.480 999.000 174.194 999.000   7.705 999.000 117.754 999.000   4.231 999.000
      79     ALA  50.872 999.000  21.096 999.000 176.812 999.000   8.630 999.000 128.849 999.000   4.699 999.000
      80     TYR  61.053 999.000  38.034 999.000 177.295 999.000   8.886 999.000 120.764 999.000   3.089 999.000
      81     GLN  58.799 999.000  27.709 999.000 178.232 999.000   8.436 999.000 118.148 999.000   3.826 999.000
      82     SER  60.821 999.000  62.926 999.000 176.066 999.000   7.592 999.000 114.584 999.000   4.263 999.000
      83     PHE  60.894 999.000  39.355 999.000 176.618 999.000   7.149 999.000 123.630 999.000   4.182 999.000
      84     GLU  59.935 999.000  29.352 999.000 178.341 999.000   8.556 999.000 119.202 999.000   3.588 999.000
      85     GLN  58.570 999.000  28.267 999.000 178.406 999.000   7.583 999.000 117.362 999.000   3.968 999.000
      86     VAL  65.097 999.000  31.897 999.000 177.759 999.000   7.072 999.000 119.367 999.000   3.692 999.000
      87     VAL  65.771 999.000  31.160 999.000 177.743 999.000   7.730 999.000 119.193 999.000   3.301 999.000
      88     ASN  55.901 999.000  37.730 999.000 177.417 999.000   8.477 999.000 117.980 999.000   4.306 999.000
      89     GLU  58.379 999.000  29.626 999.000 178.057 999.000   7.305 999.000 119.682 999.000   4.063 999.000
      90     LEU  57.230 999.000  42.012 999.000 177.354 999.000   7.383 999.000 119.801 999.000   3.895 999.000
      91     PHE  58.455 999.000  38.621 999.000 176.106 999.000   7.688 999.000 114.314 999.000   4.491 999.000
      92     ARG  58.646 999.000  29.817 999.000 176.761 999.000   7.515 999.000 120.390 999.000   3.962 999.000
      93     ASP  53.827 999.000  40.728 999.000 176.281 999.000   8.118 999.000 116.851 999.000   4.633 999.000
      94     GLY  44.642 999.000-999.000-999.000 173.334 999.000   7.565 999.000 107.906 999.000   4.088 999.000
      95     VAL  62.229 999.000  32.415 999.000 175.293 999.000   8.009 999.000 119.753 999.000   3.890 999.000
      96     ASN  51.980 999.000  41.141 999.000 174.585 999.000   7.705 999.000 122.257 999.000   4.297 999.000
      97     TRP  60.098 999.000  30.396 999.000 178.161 999.000   8.900 999.000 120.662 999.000   4.536 999.000
      98     GLY  47.124 999.000-999.000-999.000 175.973 999.000   8.886 999.000 107.003 999.000   4.141 999.000
      99     ARG  58.809 999.000  29.852 999.000 178.289 999.000   8.080 999.000 121.457 999.000   4.143 999.000
     100     ILE  65.370 999.000  37.714 999.000 177.573 999.000   7.997 999.000 120.729 999.000   4.052 999.000
     101     VAL  66.939 999.000  31.291 999.000 176.746 999.000   8.351 999.000 119.450 999.000   3.449 999.000
     102     ALA  55.515 999.000  18.049 999.000 178.710 999.000   8.219 999.000 122.678 999.000   3.882 999.000
     103     PHE  60.742 999.000  38.490 999.000 176.909 999.000   8.295 999.000 119.642 999.000   4.242 999.000
     104     PHE  62.709 999.000  38.780 999.000 177.653 999.000   8.694 999.000 118.507 999.000   3.601 999.000
     105     SER  61.936 999.000  62.627 999.000 176.427 999.000   8.344 999.000 115.354 999.000   4.143 999.000
     106     PHE  60.052 999.000  38.423 999.000 176.800 999.000   8.772 999.000 123.563 999.000   4.297 999.000
     107     GLY  47.546 999.000-999.000-999.000 176.214 999.000   8.205 999.000 106.570 999.000   3.607 999.000
     108     GLY  47.320 999.000-999.000-999.000 175.491 999.000   8.447 999.000 109.681 999.000   3.940 999.000
     109     ALA  54.857 999.000  18.344 999.000 178.949 999.000   8.204 999.000 124.572 999.000   4.170 999.000
     110     LEU  57.990 999.000  41.653 999.000 177.599 999.000   8.567 999.000 119.770 999.000   4.126 999.000
     111     CYS 999.000 999.000 999.000 999.000 999.000 999.000 999.000 999.000 999.000 999.000   3.937 999.000
     112     VAL  66.449 999.000  31.292 999.000 177.532 999.000   8.018 999.000 120.270 999.000   3.493 999.000
     113     GLU  59.511 999.000  29.081 999.000 178.448 999.000   8.388 999.000 120.465 999.000   4.011 999.000
     114     SER  62.086 999.000  63.024 999.000 176.299 999.000   8.170 999.000 115.622 999.000   4.103 999.000
     115     VAL  65.275 999.000  31.256 999.000 177.643 999.000   7.589 999.000 120.898 999.000   3.597 999.000
     116     ASP  56.404 999.000  41.147 999.000 177.707 999.000   7.911 999.000 119.943 999.000   4.430 999.000
     117     LYS  56.489 999.000  32.135 999.000 176.019 999.000   7.855 999.000 116.598 999.000   4.215 999.000
     118     GLU  57.418 999.000  27.206 999.000 175.550 999.000   7.925 999.000 115.608 999.000   4.016 999.000
     119     MET  54.742 999.000  32.043 999.000 176.123 999.000   8.450 999.000 118.909 999.000   4.738 999.000
     120     GLN  58.827 999.000  27.870 999.000 177.637 999.000   7.972 999.000 119.789 999.000   3.876 999.000
     121     VAL  64.139 999.000  31.524 999.000 177.283 999.000   7.643 999.000 118.191 999.000   3.857 999.000
     122     LEU  56.892 999.000  41.318 999.000 178.153 999.000   7.833 999.000 119.794 999.000   3.942 999.000
     123     VAL  66.643 999.000  31.270 999.000 177.769 999.000   7.453 999.000 118.802 999.000   3.279 999.000
     124     SER  61.410 999.000  62.785 999.000 176.335 999.000   8.305 999.000 114.458 999.000   4.128 999.000
     125     ARG  58.510 999.000  29.999 999.000 178.108 999.000   6.847 999.000 122.589 999.000   3.777 999.000
     126     ILE  65.673 999.000  37.784 999.000 177.408 999.000   8.232 999.000 120.867 999.000   2.928 999.000
     127     ALA  55.490 999.000  18.119 999.000 179.191 999.000   7.836 999.000 120.570 999.000   3.907 999.000
     128     ALA  54.975 999.000  18.441 999.000 178.778 999.000   7.229 999.000 121.288 999.000   4.164 999.000
     129     TRP  58.630 999.000  28.548 999.000 178.817 999.000   8.737 999.000 119.982 999.000   4.342 999.000
     130     MET  59.798 999.000  32.790 999.000 177.769 999.000   8.738 999.000 117.273 999.000   4.521 999.000
     131     ALA  55.144 999.000  18.269 999.000 178.657 999.000   8.017 999.000 121.542 999.000   4.198 999.000
     132     THR  66.783 999.000  67.964 999.000 175.571 999.000   8.455 999.000 116.217 999.000   4.016 999.000
     133     TYR  62.210 999.000  38.802 999.000 176.885 999.000   8.733 999.000 123.002 999.000   4.191 999.000
     134     LEU  58.551 999.000  41.458 999.000 177.796 999.000   8.714 999.000 119.171 999.000   4.064 999.000
     135     ASN  56.189 999.000  38.924 999.000 177.164 999.000   8.060 999.000 116.572 999.000   4.386 999.000
     136     ASP  55.986 999.000  40.929 999.000 176.931 999.000   8.114 999.000 118.112 999.000   4.405 999.000
     137     HIS  57.324 999.000  31.875 999.000 175.870 999.000   7.762 999.000 114.133 999.000   4.405 999.000
     138     LEU  56.171 999.000  42.481 999.000 177.627 999.000   7.927 999.000 116.583 999.000   4.133 999.000
     139     GLU  61.686 999.000  28.142 999.000 176.131 999.000   8.777 999.000 119.706 999.000   4.017 999.000
     140     PRO  65.399 999.000  31.447 999.000 178.028 999.000-999.000-999.000 999.000 999.000   4.206 999.000
     141     TRP  60.529 999.000  29.501 999.000 177.761 999.000   7.107 999.000 118.569 999.000   4.180 999.000
     142     ILE  65.632 999.000  37.904 999.000 177.233 999.000   8.489 999.000 119.988 999.000   3.139 999.000
     143     GLN  58.995 999.000  28.064 999.000 178.572 999.000   8.353 999.000 118.057 999.000   3.973 999.000
     144     GLU  58.245 999.000  29.680 999.000 177.813 999.000   7.484 999.000 119.158 999.000   3.994 999.000
     145     ASN  54.465 999.000  39.638 999.000 175.602 999.000   7.681 999.000 115.262 999.000   4.282 999.000
     146     GLY  45.146 999.000-999.000-999.000 174.682 999.000   7.558 999.000 107.471 999.000   4.108 999.000
     147     GLY  44.256 999.000-999.000-999.000 173.655 999.000   8.293 999.000 107.591 999.000   4.139 999.000
     148     TRP  60.017 999.000  29.757 999.000 177.651 999.000   8.895 999.000 120.078 999.000   4.599 999.000
     149     ASP  56.947 999.000  39.748 999.000 178.234 999.000   8.433 999.000 119.624 999.000   4.426 999.000
     150     THR  64.767 999.000  68.563 999.000 176.152 999.000   7.644 999.000 113.766 999.000   4.105 999.000
     151     PHE  60.648 999.000  39.480 999.000 176.603 999.000   7.587 999.000 123.498 999.000   3.790 999.000
     152     VAL  65.459 999.000  31.235 999.000 177.864 999.000   7.906 999.000 117.290 999.000   3.668 999.000
     153     GLU  58.135 999.000  29.538 999.000 177.373 999.000   7.585 999.000 118.902 999.000   4.081 999.000
     154     LEU  56.354 999.000  43.295 999.000 177.064 999.000   7.124 999.000 118.410 999.000   4.062 999.000
     155     TYR  58.207 999.000  40.233 999.000 176.307 999.000   8.097 999.000 115.035 999.000   4.449 999.000
     156     GLY  44.914 999.000-999.000-999.000 174.345 999.000   7.898 999.000 106.018 999.000   4.036 999.000
     157     ASN  55.262 999.000  38.502 999.000 176.770 999.000   8.524 999.000 118.435 999.000   4.397 999.000
     158     ASN  54.942 999.000  38.237 999.000 176.457 999.000   8.237 999.000 117.050 999.000   4.521 999.000
     159     ALA  53.944 999.000  18.538 999.000 178.940 999.000   7.645 999.000 122.685 999.000   4.142 999.000
     160     ALA  53.753 999.000  18.301 999.000 179.182 999.000   7.766 999.000 120.118 999.000   4.173 999.000
     161     ALA  54.293 999.000  18.155 999.000 179.792 999.000   7.655 999.000 120.086 999.000   4.175 999.000
     162     GLU  58.554 999.000  29.215 999.000 178.753 999.000   7.785 999.000 117.493 999.000   4.139 999.000
     163     SER  60.621 999.000  63.255 999.000 176.176 999.000   7.772 999.000 114.824 999.000   4.298 999.000
     164     ARG  57.293 999.000  29.912 999.000 177.520 999.000   7.721 999.000 121.962 999.000   4.263 999.000
     165     LYS  57.184 999.000  32.342 999.000 178.018 999.000   7.752 999.000 119.102 999.000   4.235 999.000
     166     GLY  45.479 999.000-999.000-999.000 174.562 999.000   7.909 999.000 107.123 999.000   3.962 999.000
     167     GLN  56.421 999.000  29.261 999.000 176.481 999.000   7.901 999.000 119.560 999.000   4.306 999.000
     168     GLU  57.006 999.000  30.054 999.000 176.643 999.000   7.851 999.000 118.847 999.000   4.280 999.000
     169     ARG 999.000 999.000 999.000 999.000 999.000 999.000 999.000 999.000 999.000 999.000 999.000 999.000
