   index residue  pre_ca  exp_ca  pre_cb  exp_cb   pre_c   exp_c   pre_h   exp_h   pre_n   exp_n  pre_ha  exp_ha
       1     MET 999.000 999.000 999.000 999.000 999.000 999.000-999.000-999.000 999.000 999.000 999.000 999.000
       2     SER 999.000 999.000 999.000 999.000 999.000 999.000 999.000 999.000 999.000 999.000 999.000 999.000
       3     GLN  57.752 999.000  28.551 999.000 177.628 999.000   8.221 999.000 120.139 999.000   4.168 999.000
       4     SER  60.722 999.000  63.003 999.000 176.119 999.000   7.741 999.000 115.554 999.000   4.080 999.000
       5     ASN  55.732 999.000  38.369 999.000 176.705 999.000   8.106 999.000 120.702 999.000   4.518 999.000
       6     ARG  59.230 999.000  29.960 999.000 177.857 999.000   7.833 999.000 120.204 999.000   4.066 999.000
       7     GLU  59.050 999.000  29.213 999.000 178.857 999.000   7.785 999.000 118.873 999.000   4.004 999.000
       8     LEU  57.707 999.000  41.444 999.000 178.605 999.000   7.583 999.000 119.301 999.000   4.146 999.000
       9     VAL  66.232 999.000  31.292 999.000 177.627 999.000   7.443 999.000 119.275 999.000   2.999 999.000
      10     VAL  67.081 999.000  31.229 999.000 176.307 999.000   8.038 999.000 119.503 999.000   3.711 999.000
      11     ASP  57.588 999.000  41.255 999.000 177.432 999.000   7.881 999.000 120.080 999.000   4.402 999.000
      12     PHE  61.523 999.000  39.642 999.000 177.331 999.000   8.131 999.000 120.486 999.000   4.227 999.000
      13     LEU  58.300 999.000  41.199 999.000 178.612 999.000   8.723 999.000 118.569 999.000   4.095 999.000
      14     SER  62.317 999.000  62.558 999.000 176.502 999.000   8.534 999.000 115.106 999.000   4.359 999.000
      15     TYR  60.973 999.000  37.859 999.000 177.003 999.000   8.565 999.000 124.325 999.000   4.334 999.000
      16     LYS  58.532 999.000  31.391 999.000 179.140 999.000   8.138 999.000 118.417 999.000   3.779 999.000
      17     LEU  58.080 999.000  41.530 999.000 178.656 999.000   8.520 999.000 119.861 999.000   4.036 999.000
      18     SER  61.780 999.000  62.800 999.000 177.167 999.000   8.446 999.000 115.920 999.000   4.264 999.000
      19     GLN  57.827 999.000  28.532 999.000 177.509 999.000   8.034 999.000 120.468 999.000   4.043 999.000
      20     LYS  56.414 999.000  32.677 999.000 177.181 999.000   7.305 999.000 117.823 999.000   4.066 999.000
      21     GLY  45.538 999.000-999.000-999.000 174.031 999.000   7.514 999.000 107.692 999.000   3.983 999.000
      22     TYR  54.501 999.000  40.157 999.000 175.201 999.000   8.330 999.000 119.539 999.000   4.798 999.000
      23     SER  56.356 999.000  66.094 999.000 174.529 999.000   8.671 999.000 113.177 999.000   4.761 999.000
      24     TRP  59.853 999.000  29.721 999.000 176.472 999.000   8.525 999.000 121.007 999.000   4.210 999.000
      25     SER  58.666 999.000  64.438 999.000 173.736 999.000   7.994 999.000 111.087 999.000   4.419 999.000
      26     GLN  54.531 999.000  31.980 999.000 174.950 999.000   7.546 999.000 119.693 999.000   4.345 999.000
      27     PHE  58.097 999.000  37.789 999.000 175.636 999.000   8.350 999.000 120.700 999.000   4.042 999.000
      28     SER  57.085 999.000  65.104 999.000 174.110 999.000   7.405 999.000 113.652 999.000   4.757 999.000
      29     ASP  54.794 999.000  39.640 999.000 176.960 999.000   8.624 999.000 124.253 999.000   4.431 999.000
      30     VAL  63.179 999.000  32.064 999.000 176.473 999.000   7.828 999.000 117.689 999.000   4.012 999.000
      31     GLU  56.307 999.000  30.207 999.000 176.224 999.000   8.108 999.000 120.653 999.000   4.303 999.000
      32     GLU  56.685 999.000  30.394 999.000 176.519 999.000   8.155 999.000 119.816 999.000   4.251 999.000
      33     ASN  53.424 999.000  38.330 999.000 175.491 999.000   8.622 999.000 118.522 999.000   4.635 999.000
      34     ARG  55.875 999.000  30.702 999.000 176.315 999.000   8.061 999.000 119.863 999.000   4.345 999.000
      35     THR  61.599 999.000  70.100 999.000 174.952 999.000   8.204 999.000 115.152 999.000   4.357 999.000
      36     GLU  56.627 999.000  30.010 999.000 175.938 999.000   8.617 999.000 122.972 999.000   4.203 999.000
      37     ALA  50.894 999.000  18.243 999.000 175.627 999.000   8.252 999.000 124.761 999.000   4.420 999.000
      38     PRO  62.878 999.000  32.374 999.000 176.829 999.000-999.000-999.000 999.000 999.000   4.521 999.000
      39     GLU  56.723 999.000  30.022 999.000 176.980 999.000   8.564 999.000 121.603 999.000   4.200 999.000
      40     GLY  45.401 999.000-999.000-999.000 174.901 999.000   8.622 999.000 110.642 999.000   4.083 999.000
      41     THR  62.208 999.000  70.045 999.000 175.244 999.000   7.728 999.000 114.179 999.000   4.338 999.000
      42     GLU  58.906 999.000  29.346 999.000 177.558 999.000   8.978 999.000 122.575 999.000   4.059 999.000
      43     SER  60.730 999.000  63.245 999.000 175.932 999.000   8.410 999.000 114.132 999.000   4.382 999.000
      44     GLU  59.104 999.000  29.083 999.000 178.261 999.000   7.964 999.000 122.771 999.000   4.006 999.000
      45     ALA  54.989 999.000  18.325 999.000 179.421 999.000   7.563 999.000 120.804 999.000   3.872 999.000
      46     VAL  66.066 999.000  31.251 999.000 177.838 999.000   7.340 999.000 118.971 999.000   3.550 999.000
      47     LYS  60.262 999.000  31.995 999.000 178.802 999.000   8.089 999.000 119.625 999.000   3.902 999.000
      48     GLN  58.755 999.000  28.103 999.000 178.208 999.000   8.188 999.000 118.862 999.000   3.945 999.000
      49     ALA  54.996 999.000  18.133 999.000 179.619 999.000   7.858 999.000 122.178 999.000   4.080 999.000
      50     LEU  57.671 999.000  41.547 999.000 178.813 999.000   8.173 999.000 118.861 999.000   4.144 999.000
      51     ARG  59.552 999.000  29.717 999.000 178.694 999.000   8.025 999.000 119.311 999.000   3.935 999.000
      52     GLU  58.983 999.000  29.336 999.000 178.777 999.000   8.229 999.000 119.097 999.000   4.085 999.000
      53     ALA  54.533 999.000  18.201 999.000 179.617 999.000   8.083 999.000 121.604 999.000   4.190 999.000
      54     GLY  47.063 999.000-999.000-999.000 175.433 999.000   8.403 999.000 106.696 999.000   4.200 999.000
      55     ASP  56.320 999.000  40.459 999.000 177.701 999.000   8.142 999.000 121.527 999.000   4.587 999.000
      56     GLU  58.286 999.000  29.785 999.000 177.854 999.000   7.712 999.000 119.778 999.000   4.171 999.000
      57     PHE  60.589 999.000  39.426 999.000 176.729 999.000   8.182 999.000 119.165 999.000   4.301 999.000
      58     GLU  56.528 999.000  29.935 999.000 177.300 999.000   7.791 999.000 116.962 999.000   4.180 999.000
      59     LEU  55.491 999.000  41.808 999.000 176.983 999.000   7.759 999.000 121.584 999.000   4.170 999.000
      60     ARG  56.938 999.000  28.872 999.000 175.726 999.000   8.789 999.000 123.577 999.000   3.897 999.000
      61     TYR  58.626 999.000  35.856 999.000 175.369 999.000   7.795 999.000 115.770 999.000   4.173 999.000
      62     ARG  57.017 999.000  30.783 999.000 176.451 999.000   7.502 999.000 119.309 999.000   4.233 999.000
      63     ARG  56.442 999.000  30.742 999.000 175.837 999.000   8.007 999.000 117.143 999.000   4.199 999.000
      64     ALA  51.777 999.000  19.038 999.000 176.960 999.000   7.712 999.000 121.999 999.000   4.219 999.000
      65     PHE  56.978 999.000  39.192 999.000 176.647 999.000   8.358 999.000 119.357 999.000   4.655 999.000
      66     SER  61.471 999.000  62.613 999.000 175.821 999.000   8.935 999.000 119.042 999.000   4.170 999.000
      67     ASP  56.103 999.000  39.986 999.000 176.868 999.000   8.400 999.000 121.023 999.000   4.436 999.000
      68     LEU  55.338 999.000  43.100 999.000 177.283 999.000   7.574 999.000 117.567 999.000   4.549 999.000
      69     THR  62.629 999.000  70.254 999.000 175.175 999.000   7.715 999.000 108.921 999.000   4.387 999.000
      70     SER  59.624 999.000  64.061 999.000 174.706 999.000   8.467 999.000 115.372 999.000   4.530 999.000
      71     GLN  55.147 999.000  27.953 999.000 175.834 999.000   8.127 999.000 121.532 999.000   4.430 999.000
      72     LEU  54.994 999.000  41.822 999.000 176.689 999.000   7.728 999.000 121.273 999.000   4.291 999.000
      73     HIS  55.795 999.000  30.345 999.000 175.366 999.000   8.590 999.000 122.443 999.000   4.649 999.000
      74     ILE  60.695 999.000  38.136 999.000 176.214 999.000   8.239 999.000 123.845 999.000   4.221 999.000
      75     THR  60.383 999.000  68.905 999.000 173.998 999.000   8.145 999.000 121.685 999.000   4.029 999.000
      76     PRO  63.417 999.000  32.287 999.000 177.004 999.000-999.000-999.000 999.000 999.000   4.331 999.000
      77     GLY  44.831 999.000-999.000-999.000 174.191 999.000   8.240 999.000 108.184 999.000   4.062 999.000
      78     THR  62.367 999.000  69.845 999.000 175.032 999.000   8.099 999.000 111.835 999.000   4.140 999.000
      79     ALA  52.490 999.000  19.520 999.000 177.123 999.000   7.993 999.000 123.955 999.000   4.191 999.000
      80     TYR  58.403 999.000  38.446 999.000 176.556 999.000   8.151 999.000 115.417 999.000   4.356 999.000
      81     GLN  58.127 999.000  28.155 999.000 177.390 999.000   7.933 999.000 119.972 999.000   3.982 999.000
      82     SER  60.590 999.000  63.139 999.000 175.807 999.000   7.895 999.000 114.982 999.000   4.249 999.000
      83     PHE  60.371 999.000  38.333 999.000 177.397 999.000   7.821 999.000 123.449 999.000   4.328 999.000
      84     GLU  59.809 999.000  29.400 999.000 178.204 999.000   7.496 999.000 120.275 999.000   3.482 999.000
      85     GLN  57.523 999.000  28.032 999.000 177.480 999.000   7.582 999.000 116.180 999.000   3.968 999.000
      86     VAL  65.486 999.000  32.055 999.000 176.967 999.000   7.159 999.000 119.627 999.000   3.670 999.000
      87     VAL  62.595 999.000  32.069 999.000 176.835 999.000   7.318 999.000 113.613 999.000   3.755 999.000
      88     ASN  55.702 999.000  38.221 999.000 175.786 999.000   7.917 999.000 118.874 999.000   3.770 999.000
      89     GLU  56.433 999.000  31.023 999.000 176.737 999.000   7.683 999.000 115.835 999.000   4.313 999.000
      90     LEU  57.266 999.000  41.891 999.000 176.869 999.000   7.438 999.000 119.846 999.000   3.675 999.000
      91     PHE  57.496 999.000  39.341 999.000 176.170 999.000   7.557 999.000 112.997 999.000   4.558 999.000
      92     ARG  58.336 999.000  29.976 999.000 176.846 999.000   7.602 999.000 119.863 999.000   3.316 999.000
      93     ASP  54.016 999.000  40.882 999.000 176.130 999.000   7.720 999.000 115.945 999.000   4.495 999.000
      94     GLY  45.278 999.000-999.000-999.000 173.192 999.000   7.281 999.000 108.315 999.000   3.967 999.000
      95     VAL  61.181 999.000  30.015 999.000 175.605 999.000   7.985 999.000 117.303 999.000   4.260 999.000
      96     ASN  53.169 999.000  39.449 999.000 175.884 999.000   7.791 999.000 120.323 999.000   4.438 999.000
      97     TRP  59.689 999.000  29.088 999.000 177.372 999.000   8.465 999.000 124.869 999.000   4.277 999.000
      98     GLY  47.729 999.000-999.000-999.000 175.422 999.000   7.807 999.000 107.912 999.000   3.718 999.000
      99     ARG  59.204 999.000  30.087 999.000 178.080 999.000   7.875 999.000 120.598 999.000   4.060 999.000
     100     ILE  64.979 999.000  37.455 999.000 177.418 999.000   7.526 999.000 119.910 999.000   3.707 999.000
     101     VAL  66.839 999.000  31.157 999.000 176.789 999.000   8.473 999.000 118.938 999.000   3.100 999.000
     102     ALA  55.415 999.000  18.052 999.000 178.201 999.000   8.141 999.000 122.405 999.000   3.796 999.000
     103     PHE  60.542 999.000  39.070 999.000 176.863 999.000   7.964 999.000 119.407 999.000   4.425 999.000
     104     PHE  58.568 999.000  37.757 999.000 177.738 999.000   8.925 999.000 118.214 999.000   4.250 999.000
     105     SER  61.790 999.000  62.686 999.000 176.315 999.000   8.541 999.000 116.002 999.000   4.491 999.000
     106     PHE  60.533 999.000  38.820 999.000 176.826 999.000   8.618 999.000 122.971 999.000   4.363 999.000
     107     GLY  47.621 999.000-999.000-999.000 176.217 999.000   8.453 999.000 106.603 999.000   3.680 999.000
     108     GLY  47.287 999.000-999.000-999.000 175.462 999.000   8.640 999.000 109.807 999.000   3.968 999.000
     109     ALA  54.824 999.000  18.376 999.000 178.925 999.000   8.137 999.000 124.674 999.000   4.132 999.000
     110     LEU  58.086 999.000  41.541 999.000 178.287 999.000   8.335 999.000 119.413 999.000   3.943 999.000
     111     CYS 999.000 999.000 999.000 999.000 999.000 999.000 999.000 999.000 999.000 999.000   4.098 999.000
     112     VAL  64.947 999.000  32.019 999.000 177.189 999.000   8.016 999.000 119.130 999.000   3.875 999.000
     113     GLU  56.866 999.000  29.131 999.000 177.044 999.000   8.378 999.000 117.098 999.000   4.288 999.000
     114     SER  58.348 999.000  63.403 999.000 174.650 999.000   7.547 999.000 115.378 999.000   4.499 999.000
     115     VAL  63.446 999.000  32.226 999.000 175.742 999.000   8.129 999.000 119.696 999.000   3.929 999.000
     116     ASP  54.311 999.000  40.470 999.000 176.506 999.000   8.278 999.000 118.207 999.000   4.631 999.000
     117     LYS  55.865 999.000  33.145 999.000 176.278 999.000   7.574 999.000 120.807 999.000   4.354 999.000
     118     GLU  56.140 999.000  29.843 999.000 176.717 999.000   8.712 999.000 121.403 999.000   4.285 999.000
     119     MET  57.620 999.000  31.215 999.000 177.784 999.000   8.787 999.000 124.537 999.000   4.065 999.000
     120     GLN  57.869 999.000  28.411 999.000 176.840 999.000   8.247 999.000 117.779 999.000   4.155 999.000
     121     VAL  61.920 999.000  33.700 999.000 176.912 999.000   7.511 999.000 113.610 999.000   4.341 999.000
     122     LEU  58.578 999.000  41.656 999.000 177.796 999.000   7.953 999.000 122.095 999.000   3.940 999.000
     123     VAL  66.292 999.000  31.315 999.000 178.046 999.000   7.850 999.000 117.759 999.000   3.355 999.000
     124     SER  61.789 999.000  62.892 999.000 176.631 999.000   7.762 999.000 116.212 999.000   4.334 999.000
     125     ARG  58.995 999.000  29.968 999.000 178.501 999.000   7.952 999.000 122.418 999.000   4.002 999.000
     126     ILE  65.052 999.000  37.529 999.000 177.508 999.000   8.421 999.000 120.582 999.000   3.740 999.000
     127     ALA  55.497 999.000  18.106 999.000 179.241 999.000   8.586 999.000 121.204 999.000   3.966 999.000
     128     ALA  55.343 999.000  18.167 999.000 178.892 999.000   7.807 999.000 121.210 999.000   3.997 999.000
     129     TRP  60.337 999.000  29.757 999.000 178.695 999.000   8.316 999.000 119.302 999.000   4.230 999.000
     130     MET  59.810 999.000  32.786 999.000 177.583 999.000   8.873 999.000 118.013 999.000   4.352 999.000
     131     ALA  55.275 999.000  18.240 999.000 178.529 999.000   8.416 999.000 121.473 999.000   4.127 999.000
     132     THR  66.603 999.000  68.026 999.000 176.222 999.000   8.198 999.000 115.295 999.000   3.932 999.000
     133     TYR  59.452 999.000  38.116 999.000 177.779 999.000   8.296 999.000 120.051 999.000   4.667 999.000
     134     LEU  58.028 999.000  41.354 999.000 177.635 999.000   8.916 999.000 119.529 999.000   4.127 999.000
     135     ASN  56.327 999.000  39.024 999.000 176.909 999.000   8.129 999.000 116.408 999.000   4.441 999.000
     136     ASP  55.639 999.000  41.100 999.000 176.805 999.000   7.613 999.000 118.023 999.000   4.527 999.000
     137     HIS  56.294 999.000  31.433 999.000 174.788 999.000   8.069 999.000 113.730 999.000   4.758 999.000
     138     LEU  56.268 999.000  43.941 999.000 176.834 999.000   8.178 999.000 120.119 999.000   4.522 999.000
     139     GLU  61.714 999.000  27.893 999.000 176.314 999.000   8.592 999.000 118.271 999.000   4.006 999.000
     140     PRO  65.372 999.000  31.363 999.000 178.163 999.000-999.000-999.000 999.000 999.000   4.179 999.000
     141     TRP  58.265 999.000  30.067 999.000 178.426 999.000   7.079 999.000 116.712 999.000   4.639 999.000
     142     ILE  64.762 999.000  37.230 999.000 177.306 999.000   8.199 999.000 120.068 999.000   3.749 999.000
     143     GLN  59.045 999.000  27.765 999.000 178.728 999.000   8.362 999.000 118.977 999.000   4.104 999.000
     144     GLU  58.439 999.000  29.495 999.000 177.917 999.000   7.845 999.000 118.825 999.000   4.104 999.000
     145     ASN  54.517 999.000  39.711 999.000 175.682 999.000   7.879 999.000 115.308 999.000   4.535 999.000
     146     GLY  45.520 999.000-999.000-999.000 173.939 999.000   7.789 999.000 106.238 999.000   4.124 999.000
     147     GLY  44.788 999.000-999.000-999.000 173.469 999.000   8.317 999.000 107.693 999.000   4.142 999.000
     148     TRP  60.380 999.000  29.567 999.000 177.670 999.000   9.008 999.000 123.419 999.000   4.561 999.000
     149     ASP  57.232 999.000  39.812 999.000 177.784 999.000   8.324 999.000 119.220 999.000   4.289 999.000
     150     THR  65.139 999.000  68.413 999.000 176.113 999.000   7.707 999.000 113.963 999.000   3.971 999.000
     151     PHE  60.132 999.000  39.531 999.000 177.550 999.000   7.689 999.000 120.942 999.000   4.331 999.000
     152     VAL  65.635 999.000  31.071 999.000 177.694 999.000   7.666 999.000 117.848 999.000   3.511 999.000
     153     GLU  58.914 999.000  28.915 999.000 178.421 999.000   7.535 999.000 120.521 999.000   3.843 999.000
     154     LEU  57.298 999.000  41.657 999.000 177.871 999.000   7.146 999.000 119.941 999.000   3.641 999.000
     155     TYR  58.119 999.000  38.995 999.000 176.910 999.000   7.629 999.000 117.456 999.000   4.476 999.000
     156     GLY  45.257 999.000-999.000-999.000 174.454 999.000   7.870 999.000 106.468 999.000   3.798 999.000
     157     ASN  53.156 999.000  39.053 999.000 175.655 999.000   7.988 999.000 117.752 999.000   4.572 999.000
     158     ASN  54.378 999.000  38.861 999.000 176.203 999.000   8.209 999.000 119.129 999.000   4.497 999.000
     159     ALA  54.855 999.000  18.495 999.000 179.148 999.000   8.337 999.000 122.384 999.000   4.078 999.000
     160     ALA  54.063 999.000  18.125 999.000 179.624 999.000   7.621 999.000 120.225 999.000   4.225 999.000
     161     ALA  54.177 999.000  18.188 999.000 179.725 999.000   7.545 999.000 120.484 999.000   4.194 999.000
     162     GLU  58.740 999.000  29.189 999.000 178.954 999.000   7.973 999.000 117.995 999.000   4.092 999.000
     163     SER  60.941 999.000  63.148 999.000 176.252 999.000   7.830 999.000 114.807 999.000   4.265 999.000
     164     ARG  57.547 999.000  29.910 999.000 177.831 999.000   7.577 999.000 121.692 999.000   4.259 999.000
     165     LYS  57.126 999.000  32.297 999.000 178.068 999.000   7.727 999.000 119.112 999.000   4.237 999.000
     166     GLY  45.361 999.000-999.000-999.000 174.440 999.000   7.843 999.000 106.926 999.000   3.955 999.000
     167     GLN  56.232 999.000  29.330 999.000 176.324 999.000   7.904 999.000 119.475 999.000   4.303 999.000
     168     GLU  56.898 999.000  29.771 999.000 176.460 999.000   8.061 999.000 119.058 999.000   4.286 999.000
     169     ARG 999.000 999.000 999.000 999.000 999.000 999.000 999.000 999.000 999.000 999.000 999.000 999.000
     630     GLU 999.000 999.000 999.000 999.000 999.000 999.000-999.000-999.000 999.000 999.000 999.000 999.000
     631     GLU 999.000 999.000 999.000 999.000 999.000 999.000 999.000 999.000 999.000 999.000 999.000 999.000
     632     GLN  57.378 999.000  28.074 999.000 177.468 999.000   8.147 999.000 118.712 999.000   4.142 999.000
     633     TRP  60.265 999.000  28.914 999.000 177.782 999.000   7.931 999.000 121.119 999.000   4.287 999.000
     634     ALA  55.027 999.000  18.148 999.000 179.170 999.000   7.898 999.000 120.965 999.000   3.723 999.000
     635     ARG  59.335 999.000  29.738 999.000 178.542 999.000   8.039 999.000 118.070 999.000   3.948 999.000
     636     GLU  59.006 999.000  29.404 999.000 179.034 999.000   7.674 999.000 119.551 999.000   4.072 999.000
     637     ILE  63.900 999.000  36.755 999.000 178.025 999.000   7.891 999.000 119.592 999.000   3.596 999.000
     638     GLY  47.620 999.000-999.000-999.000 176.028 999.000   8.361 999.000 107.662 999.000   3.750 999.000
     639     ALA  54.832 999.000  18.185 999.000 178.938 999.000   7.952 999.000 124.247 999.000   4.042 999.000
     640     GLN  58.872 999.000  28.290 999.000 178.402 999.000   7.903 999.000 118.477 999.000   3.913 999.000
     641     LEU  58.163 999.000  41.326 999.000 178.709 999.000   8.568 999.000 120.268 999.000   3.943 999.000
     642     ARG  59.341 999.000  29.916 999.000 178.546 999.000   7.962 999.000 118.503 999.000   3.910 999.000
     643     ARG  58.124 999.000  29.993 999.000 178.118 999.000   7.757 999.000 118.616 999.000   4.162 999.000
     644     MET  58.185 999.000  32.901 999.000 176.888 999.000   8.322 999.000 118.711 999.000   3.999 999.000
     645     ALA  52.247 999.000  19.228 999.000 176.551 999.000   7.510 999.000 119.587 999.000   4.338 999.000
     646     ASP  53.879 999.000  41.453 999.000 175.922 999.000   7.617 999.000 117.595 999.000   4.500 999.000
     647     ASP  54.167 999.000  41.007 999.000 176.647 999.000   8.396 999.000 122.066 999.000   4.468 999.000
     648     LEU  55.824 999.000  41.975 999.000 177.078 999.000   7.851 999.000 119.963 999.000   4.098 999.000
     649     ASN  53.378 999.000  38.728 999.000 175.394 999.000   8.160 999.000 116.906 999.000   4.553 999.000
     650     ALA  52.420 999.000  19.383 999.000 177.262 999.000   7.910 999.000 121.771 999.000   4.238 999.000
     651     GLN  56.178 999.000  29.177 999.000 175.978 999.000   8.069 999.000 118.103 999.000   4.120 999.000
     652     TYR  58.300 999.000  38.641 999.000 175.446 999.000   8.281 999.000 118.555 999.000   4.503 999.000
     653     GLU  56.987 999.000  30.272 999.000 176.468 999.000   8.211 999.000 119.857 999.000   4.250 999.000
     654     ARG 999.000 999.000 999.000 999.000 999.000 999.000 999.000 999.000 999.000 999.000 999.000 999.000
