   index residue  pre_ca  exp_ca  pre_cb  exp_cb   pre_c   exp_c   pre_h   exp_h   pre_n   exp_n  pre_ha  exp_ha
       1     MET 999.000 999.000 999.000 999.000 999.000 999.000-999.000-999.000 999.000 999.000 999.000 999.000
       2     SER 999.000 999.000 999.000 999.000 999.000 999.000 999.000 999.000 999.000 999.000 999.000 999.000
       3     GLN  57.336 999.000  28.140 999.000 177.492 999.000   8.789 999.000 121.860 999.000   4.285 999.000
       4     SER  61.242 999.000  62.883 999.000 175.916 999.000   8.748 999.000 114.900 999.000   4.162 999.000
       5     ASN  55.244 999.000  38.532 999.000 176.538 999.000   8.051 999.000 119.770 999.000   4.699 999.000
       6     ARG  59.445 999.000  29.833 999.000 177.913 999.000   7.886 999.000 121.410 999.000   4.118 999.000
       7     GLU  59.139 999.000  29.120 999.000 178.912 999.000   8.128 999.000 118.764 999.000   3.982 999.000
       8     LEU  57.637 999.000  41.621 999.000 178.619 999.000   7.385 999.000 119.347 999.000   4.004 999.000
       9     VAL  66.456 999.000  31.408 999.000 177.564 999.000   7.673 999.000 119.330 999.000   3.656 999.000
      10     VAL  67.113 999.000  31.243 999.000 176.368 999.000   8.474 999.000 119.352 999.000   3.100 999.000
      11     ASP  57.614 999.000  41.076 999.000 177.643 999.000   7.645 999.000 119.944 999.000   4.218 999.000
      12     PHE  61.428 999.000  39.615 999.000 176.995 999.000   7.649 999.000 120.609 999.000   4.181 999.000
      13     LEU  58.131 999.000  41.057 999.000 178.570 999.000   8.541 999.000 118.143 999.000   3.915 999.000
      14     SER  62.127 999.000  62.574 999.000 176.431 999.000   8.135 999.000 115.047 999.000   4.119 999.000
      15     TYR  61.054 999.000  37.839 999.000 176.963 999.000   7.947 999.000 123.873 999.000   4.261 999.000
      16     LYS  58.547 999.000  31.372 999.000 178.944 999.000   7.856 999.000 118.179 999.000   3.687 999.000
      17     LEU  57.622 999.000  41.683 999.000 178.833 999.000   8.407 999.000 118.940 999.000   4.221 999.000
      18     SER  61.564 999.000  62.938 999.000 177.083 999.000   8.437 999.000 115.849 999.000   4.234 999.000
      19     GLN  57.910 999.000  28.492 999.000 177.194 999.000   7.978 999.000 119.905 999.000   4.062 999.000
      20     LYS  55.641 999.000  32.388 999.000 176.555 999.000   7.330 999.000 116.778 999.000   4.268 999.000
      21     GLY  45.426 999.000-999.000-999.000 174.019 999.000   7.578 999.000 107.632 999.000   3.829 999.000
      22     TYR  56.635 999.000  39.506 999.000 175.534 999.000   7.908 999.000 120.187 999.000   4.812 999.000
      23     SER  57.161 999.000  64.303 999.000 174.958 999.000   8.283 999.000 117.127 999.000   4.621 999.000
      24     TRP  59.579 999.000  29.898 999.000 177.534 999.000   9.111 999.000 126.680 999.000   4.579 999.000
      25     SER  61.211 999.000  62.451 999.000 176.136 999.000   8.431 999.000 114.674 999.000   4.079 999.000
      26     GLN  57.468 999.000  28.710 999.000 176.295 999.000   7.326 999.000 120.730 999.000   3.924 999.000
      27     PHE  57.597 999.000  40.329 999.000 176.095 999.000   7.255 999.000 115.942 999.000   4.372 999.000
      28     SER  57.608 999.000  64.829 999.000 174.124 999.000   7.109 999.000 114.449 999.000   4.244 999.000
      29     ASP  53.432 999.000  40.355 999.000 177.012 999.000   8.464 999.000 122.700 999.000   4.631 999.000
      30     VAL  64.232 999.000  31.689 999.000 177.352 999.000   8.108 999.000 120.435 999.000   3.861 999.000
      31     GLU  57.977 999.000  29.248 999.000 177.434 999.000   8.353 999.000 119.670 999.000   4.162 999.000
      32     GLU  57.100 999.000  30.333 999.000 177.097 999.000   7.787 999.000 117.673 999.000   4.233 999.000
      33     ASN  53.141 999.000  38.766 999.000 175.566 999.000   7.695 999.000 117.584 999.000   4.703 999.000
      34     ARG  56.203 999.000  30.579 999.000 176.639 999.000   8.306 999.000 121.389 999.000   4.382 999.000
      35     THR  62.071 999.000  69.809 999.000 174.757 999.000   7.957 999.000 113.448 999.000   4.339 999.000
      36     GLU  56.462 999.000  30.420 999.000 175.767 999.000   8.548 999.000 122.198 999.000   4.298 999.000
      37     ALA  50.802 999.000  18.411 999.000 175.542 999.000   8.161 999.000 123.151 999.000   4.513 999.000
      38     PRO  63.187 999.000  32.280 999.000 176.644 999.000-999.000-999.000 999.000 999.000   4.533 999.000
      39     GLU  56.151 999.000  30.586 999.000 176.786 999.000   8.452 999.000 119.460 999.000   4.289 999.000
      40     GLY  45.180 999.000-999.000-999.000 174.625 999.000   8.497 999.000 109.197 999.000   4.061 999.000
      41     THR  61.570 999.000  70.495 999.000 174.946 999.000   8.130 999.000 112.842 999.000   4.443 999.000
      42     GLU  57.655 999.000  29.509 999.000 177.036 999.000   8.866 999.000 122.011 999.000   4.251 999.000
      43     SER  59.578 999.000  63.496 999.000 175.499 999.000   8.354 999.000 114.484 999.000   4.314 999.000
      44     GLU  59.428 999.000  29.000 999.000 178.354 999.000   8.075 999.000 123.270 999.000   3.942 999.000
      45     ALA  54.861 999.000  18.320 999.000 179.637 999.000   8.014 999.000 120.392 999.000   4.184 999.000
      46     VAL  65.827 999.000  31.377 999.000 177.830 999.000   7.450 999.000 119.332 999.000   3.654 999.000
      47     LYS  60.150 999.000  32.017 999.000 178.906 999.000   8.200 999.000 119.711 999.000   3.743 999.000
      48     GLN  58.747 999.000  28.290 999.000 178.198 999.000   8.127 999.000 118.632 999.000   3.966 999.000
      49     ALA  55.097 999.000  18.159 999.000 179.545 999.000   7.850 999.000 122.395 999.000   4.069 999.000
      50     LEU  58.103 999.000  41.535 999.000 178.795 999.000   8.500 999.000 118.830 999.000   4.092 999.000
      51     ARG  59.707 999.000  29.745 999.000 178.436 999.000   7.981 999.000 119.017 999.000   3.904 999.000
      52     GLU  59.071 999.000  29.207 999.000 178.892 999.000   8.148 999.000 118.880 999.000   4.132 999.000
      53     ALA  54.857 999.000  18.198 999.000 179.442 999.000   8.476 999.000 121.668 999.000   4.204 999.000
      54     GLY  47.319 999.000-999.000-999.000 175.501 999.000   8.580 999.000 106.607 999.000   4.121 999.000
      55     ASP  56.789 999.000  40.413 999.000 178.014 999.000   8.331 999.000 122.009 999.000   4.605 999.000
      56     GLU  58.923 999.000  29.640 999.000 178.295 999.000   7.827 999.000 120.361 999.000   4.200 999.000
      57     PHE  61.873 999.000  38.993 999.000 177.942 999.000   8.710 999.000 119.694 999.000   4.251 999.000
      58     GLU  58.888 999.000  29.379 999.000 178.348 999.000   8.270 999.000 118.413 999.000   4.227 999.000
      59     LEU  56.949 999.000  42.471 999.000 177.932 999.000   7.522 999.000 120.037 999.000   4.246 999.000
      60     ARG  57.447 999.000  31.126 999.000 176.782 999.000   8.062 999.000 115.775 999.000   4.007 999.000
      61     TYR  56.353 999.000  37.987 999.000 175.634 999.000   7.952 999.000 117.825 999.000   4.767 999.000
      62     ARG  58.714 999.000  30.074 999.000 177.301 999.000   7.981 999.000 120.903 999.000   3.846 999.000
      63     ARG  57.100 999.000  29.821 999.000 177.319 999.000   8.258 999.000 117.356 999.000   4.244 999.000
      64     ALA  54.248 999.000  18.572 999.000 178.009 999.000   7.764 999.000 120.993 999.000   4.141 999.000
      65     PHE  57.913 999.000  39.750 999.000 176.423 999.000   7.547 999.000 113.169 999.000   4.752 999.000
      66     SER  61.312 999.000  62.545 999.000 176.266 999.000   8.081 999.000 116.648 999.000   4.202 999.000
      67     ASP  56.165 999.000  39.966 999.000 178.187 999.000   7.848 999.000 122.009 999.000   4.500 999.000
      68     LEU  57.551 999.000  41.639 999.000 178.704 999.000   7.535 999.000 120.053 999.000   4.025 999.000
      69     THR  65.197 999.000  68.641 999.000 176.728 999.000   8.235 999.000 112.092 999.000   4.225 999.000
      70     SER  60.436 999.000  63.427 999.000 175.711 999.000   7.812 999.000 116.860 999.000   4.352 999.000
      71     GLN  57.245 999.000  28.925 999.000 177.055 999.000   7.578 999.000 120.996 999.000   4.235 999.000
      72     LEU  54.736 999.000  42.167 999.000 176.323 999.000   7.241 999.000 120.782 999.000   4.279 999.000
      73     HIS  55.843 999.000  29.861 999.000 175.352 999.000   8.592 999.000 125.388 999.000   4.635 999.000
      74     ILE  60.917 999.000  38.739 999.000 175.192 999.000   8.066 999.000 124.154 999.000   4.424 999.000
      75     THR  58.459 999.000  69.973 999.000 173.737 999.000   7.999 999.000 117.014 999.000   4.794 999.000
      76     PRO  64.675 999.000  31.641 999.000 177.531 999.000-999.000-999.000 999.000 999.000   4.416 999.000
      77     GLY  45.067 999.000-999.000-999.000 175.049 999.000   8.335 999.000 107.506 999.000   4.134 999.000
      78     THR  63.619 999.000  69.494 999.000 174.184 999.000   7.690 999.000 117.712 999.000   4.229 999.000
      79     ALA  50.876 999.000  21.110 999.000 176.797 999.000   8.614 999.000 128.777 999.000   4.694 999.000
      80     TYR  61.039 999.000  38.030 999.000 177.290 999.000   8.885 999.000 120.755 999.000   3.098 999.000
      81     GLN  58.760 999.000  27.718 999.000 178.191 999.000   8.442 999.000 118.159 999.000   3.835 999.000
      82     SER  60.801 999.000  62.916 999.000 176.028 999.000   7.582 999.000 114.608 999.000   4.263 999.000
      83     PHE  60.891 999.000  39.364 999.000 176.611 999.000   7.151 999.000 123.605 999.000   4.178 999.000
      84     GLU  59.912 999.000  29.343 999.000 178.349 999.000   8.533 999.000 119.206 999.000   3.593 999.000
      85     GLN  58.538 999.000  28.290 999.000 178.366 999.000   7.576 999.000 117.333 999.000   3.972 999.000
      86     VAL  65.044 999.000  31.932 999.000 177.738 999.000   7.063 999.000 119.296 999.000   3.696 999.000
      87     VAL  65.681 999.000  31.150 999.000 177.739 999.000   7.729 999.000 119.076 999.000   3.302 999.000
      88     ASN  55.927 999.000  37.759 999.000 177.371 999.000   8.454 999.000 118.095 999.000   4.303 999.000
      89     GLU  58.387 999.000  29.618 999.000 178.023 999.000   7.318 999.000 119.577 999.000   4.066 999.000
      90     LEU  57.057 999.000  41.963 999.000 177.249 999.000   7.346 999.000 119.591 999.000   3.923 999.000
      91     PHE  58.597 999.000  38.824 999.000 176.165 999.000   7.682 999.000 114.798 999.000   4.464 999.000
      92     ARG  58.632 999.000  29.795 999.000 176.754 999.000   7.542 999.000 120.257 999.000   3.955 999.000
      93     ASP  53.811 999.000  40.738 999.000 176.264 999.000   8.127 999.000 116.817 999.000   4.627 999.000
      94     GLY  44.661 999.000-999.000-999.000 173.328 999.000   7.554 999.000 107.968 999.000   4.075 999.000
      95     VAL  62.173 999.000  32.450 999.000 175.264 999.000   7.997 999.000 119.721 999.000   3.880 999.000
      96     ASN  51.993 999.000  41.141 999.000 174.580 999.000   7.691 999.000 122.194 999.000   4.288 999.000
      97     TRP  60.106 999.000  30.429 999.000 178.145 999.000   8.915 999.000 120.683 999.000   4.536 999.000
      98     GLY  47.121 999.000-999.000-999.000 175.979 999.000   8.901 999.000 106.940 999.000   4.151 999.000
      99     ARG  58.744 999.000  29.799 999.000 178.295 999.000   8.041 999.000 121.466 999.000   4.160 999.000
     100     ILE  65.350 999.000  37.696 999.000 177.586 999.000   8.005 999.000 120.725 999.000   4.039 999.000
     101     VAL  66.949 999.000  31.287 999.000 176.752 999.000   8.364 999.000 119.471 999.000   3.443 999.000
     102     ALA  55.519 999.000  18.048 999.000 178.712 999.000   8.231 999.000 122.681 999.000   3.884 999.000
     103     PHE  60.756 999.000  38.492 999.000 176.913 999.000   8.292 999.000 119.657 999.000   4.231 999.000
     104     PHE  62.674 999.000  38.768 999.000 177.643 999.000   8.681 999.000 118.477 999.000   3.597 999.000
     105     SER  61.959 999.000  62.647 999.000 176.448 999.000   8.368 999.000 115.359 999.000   4.159 999.000
     106     PHE  60.148 999.000  38.364 999.000 176.820 999.000   8.769 999.000 123.654 999.000   4.252 999.000
     107     GLY  47.556 999.000-999.000-999.000 176.212 999.000   8.212 999.000 106.661 999.000   3.615 999.000
     108     GLY  47.319 999.000-999.000-999.000 175.495 999.000   8.446 999.000 109.674 999.000   3.935 999.000
     109     ALA  54.874 999.000  18.338 999.000 178.960 999.000   8.185 999.000 124.585 999.000   4.160 999.000
     110     LEU  58.012 999.000  41.633 999.000 177.605 999.000   8.551 999.000 119.747 999.000   4.106 999.000
     111     CYS 999.000 999.000 999.000 999.000 999.000 999.000 999.000 999.000 999.000 999.000   3.934 999.000
     112     VAL  66.438 999.000  31.283 999.000 177.553 999.000   8.051 999.000 120.253 999.000   3.486 999.000
     113     GLU  59.513 999.000  29.067 999.000 178.474 999.000   8.390 999.000 120.400 999.000   4.011 999.000
     114     SER  62.083 999.000  63.033 999.000 176.312 999.000   8.141 999.000 115.655 999.000   4.107 999.000
     115     VAL  65.236 999.000  31.240 999.000 177.612 999.000   7.609 999.000 120.807 999.000   3.598 999.000
     116     ASP  56.376 999.000  41.173 999.000 177.693 999.000   7.903 999.000 119.975 999.000   4.438 999.000
     117     LYS  56.494 999.000  32.154 999.000 176.020 999.000   7.825 999.000 116.623 999.000   4.216 999.000
     118     GLU  57.416 999.000  27.209 999.000 175.577 999.000   7.916 999.000 115.539 999.000   4.013 999.000
     119     MET  54.753 999.000  31.951 999.000 176.117 999.000   8.410 999.000 118.944 999.000   4.729 999.000
     120     GLN  58.766 999.000  27.893 999.000 177.597 999.000   7.962 999.000 119.764 999.000   3.884 999.000
     121     VAL  64.129 999.000  31.551 999.000 177.278 999.000   7.652 999.000 118.136 999.000   3.862 999.000
     122     LEU  56.913 999.000  41.314 999.000 178.139 999.000   7.785 999.000 119.823 999.000   3.942 999.000
     123     VAL  66.643 999.000  31.264 999.000 177.785 999.000   7.436 999.000 118.792 999.000   3.274 999.000
     124     SER  61.449 999.000  62.780 999.000 176.350 999.000   8.281 999.000 114.533 999.000   4.123 999.000
     125     ARG  58.530 999.000  29.999 999.000 178.111 999.000   6.824 999.000 122.564 999.000   3.769 999.000
     126     ILE  65.653 999.000  37.772 999.000 177.401 999.000   8.245 999.000 120.888 999.000   2.933 999.000
     127     ALA  55.484 999.000  18.120 999.000 179.180 999.000   7.861 999.000 120.647 999.000   3.909 999.000
     128     ALA  54.962 999.000  18.446 999.000 178.793 999.000   7.248 999.000 121.283 999.000   4.163 999.000
     129     TRP  58.623 999.000  28.555 999.000 178.816 999.000   8.717 999.000 119.946 999.000   4.346 999.000
     130     MET  59.776 999.000  32.776 999.000 177.771 999.000   8.748 999.000 117.332 999.000   4.515 999.000
     131     ALA  55.148 999.000  18.279 999.000 178.636 999.000   8.026 999.000 121.547 999.000   4.192 999.000
     132     THR  66.788 999.000  67.961 999.000 175.576 999.000   8.435 999.000 116.199 999.000   4.008 999.000
     133     TYR  62.228 999.000  38.797 999.000 176.863 999.000   8.731 999.000 122.993 999.000   4.198 999.000
     134     LEU  58.554 999.000  41.422 999.000 177.777 999.000   8.681 999.000 119.199 999.000   4.061 999.000
     135     ASN  56.215 999.000  38.933 999.000 177.187 999.000   8.097 999.000 116.565 999.000   4.382 999.000
     136     ASP  55.965 999.000  40.901 999.000 176.947 999.000   8.145 999.000 118.178 999.000   4.400 999.000
     137     HIS  57.293 999.000  31.878 999.000 175.879 999.000   7.786 999.000 114.142 999.000   4.410 999.000
     138     LEU  56.188 999.000  42.462 999.000 177.625 999.000   7.925 999.000 116.617 999.000   4.147 999.000
     139     GLU  61.678 999.000  28.146 999.000 176.124 999.000   8.786 999.000 119.749 999.000   4.017 999.000
     140     PRO  65.422 999.000  31.448 999.000 178.050 999.000-999.000-999.000 999.000 999.000   4.203 999.000
     141     TRP  60.527 999.000  29.491 999.000 177.756 999.000   7.127 999.000 118.553 999.000   4.183 999.000
     142     ILE  65.632 999.000  37.897 999.000 177.190 999.000   8.447 999.000 119.975 999.000   3.138 999.000
     143     GLN  59.020 999.000  28.060 999.000 178.588 999.000   8.370 999.000 118.023 999.000   3.978 999.000
     144     GLU  58.232 999.000  29.689 999.000 177.826 999.000   7.469 999.000 119.127 999.000   3.997 999.000
     145     ASN  54.541 999.000  39.705 999.000 175.701 999.000   7.698 999.000 115.364 999.000   4.250 999.000
     146     GLY  45.158 999.000-999.000-999.000 174.648 999.000   7.547 999.000 107.249 999.000   4.103 999.000
     147     GLY  44.278 999.000-999.000-999.000 173.623 999.000   8.316 999.000 107.534 999.000   4.145 999.000
     148     TRP  60.013 999.000  29.728 999.000 177.654 999.000   8.918 999.000 120.091 999.000   4.604 999.000
     149     ASP  56.882 999.000  39.735 999.000 178.186 999.000   8.437 999.000 119.647 999.000   4.429 999.000
     150     THR  64.449 999.000  68.617 999.000 176.016 999.000   7.622 999.000 113.163 999.000   4.128 999.000
     151     PHE  60.522 999.000  39.547 999.000 176.538 999.000   7.615 999.000 123.573 999.000   3.803 999.000
     152     VAL  65.053 999.000  31.199 999.000 177.635 999.000   7.800 999.000 116.478 999.000   3.737 999.000
     153     GLU  57.856 999.000  29.692 999.000 176.866 999.000   7.483 999.000 118.629 999.000   4.101 999.000
     154     LEU  56.015 999.000  43.648 999.000 176.776 999.000   7.121 999.000 118.025 999.000   4.090 999.000
     155     TYR  57.732 999.000  40.739 999.000 175.675 999.000   8.014 999.000 114.832 999.000   4.493 999.000
     156     GLY  44.613 999.000-999.000-999.000 174.192 999.000   8.083 999.000 106.586 999.000   4.080 999.000
     157     ASN  55.767 999.000  38.486 999.000 176.911 999.000   8.815 999.000 118.936 999.000   4.339 999.000
     158     ASN  55.201 999.000  38.132 999.000 176.681 999.000   8.434 999.000 117.016 999.000   4.526 999.000
     159     ALA  54.524 999.000  18.335 999.000 179.298 999.000   7.702 999.000 123.114 999.000   4.072 999.000
     160     ALA  54.420 999.000  18.000 999.000 179.630 999.000   7.974 999.000 120.295 999.000   4.107 999.000
     161     ALA  54.532 999.000  18.008 999.000 179.953 999.000   7.695 999.000 120.430 999.000   4.158 999.000
     162     GLU  58.796 999.000  29.124 999.000 179.088 999.000   7.870 999.000 117.804 999.000   4.130 999.000
     163     SER  60.882 999.000  63.106 999.000 176.538 999.000   7.938 999.000 115.148 999.000   4.278 999.000
     164     ARG  57.807 999.000  29.743 999.000 178.100 999.000   7.815 999.000 121.959 999.000   4.218 999.000
     165     LYS  57.700 999.000  32.101 999.000 178.469 999.000   7.815 999.000 118.925 999.000   4.208 999.000
     166     GLY  45.769 999.000-999.000-999.000 174.982 999.000   7.837 999.000 107.112 999.000   3.973 999.000
     167     GLN  56.884 999.000  29.060 999.000 176.930 999.000   7.797 999.000 119.856 999.000   4.271 999.000
     168     GLU  57.109 999.000  29.976 999.000 176.905 999.000   7.679 999.000 118.585 999.000   4.288 999.000
     169     ARG 999.000 999.000 999.000 999.000 999.000 999.000 999.000 999.000 999.000 999.000 999.000 999.000
