   index residue  pre_ca  exp_ca  pre_cb  exp_cb   pre_c   exp_c   pre_h   exp_h   pre_n   exp_n  pre_ha  exp_ha
       1     MET 999.000 999.000 999.000 999.000 999.000 999.000-999.000-999.000 999.000 999.000 999.000 999.000
       2     SER 999.000 999.000 999.000 999.000 999.000 999.000 999.000 999.000 999.000 999.000 999.000 999.000
       3     GLN  56.928 999.000  28.219 999.000 177.335 999.000   8.664 999.000 121.406 999.000   4.337 999.000
       4     SER  61.228 999.000  62.932 999.000 175.843 999.000   8.741 999.000 115.285 999.000   4.163 999.000
       5     ASN  55.186 999.000  38.561 999.000 176.402 999.000   8.062 999.000 119.647 999.000   4.708 999.000
       6     ARG  59.441 999.000  29.771 999.000 177.937 999.000   7.846 999.000 121.393 999.000   4.112 999.000
       7     GLU  59.101 999.000  29.106 999.000 178.839 999.000   8.021 999.000 118.621 999.000   3.992 999.000
       8     LEU  57.535 999.000  41.646 999.000 178.608 999.000   7.339 999.000 119.343 999.000   4.008 999.000
       9     VAL  66.469 999.000  31.417 999.000 177.545 999.000   7.748 999.000 119.268 999.000   3.633 999.000
      10     VAL  67.047 999.000  31.218 999.000 176.418 999.000   8.439 999.000 119.148 999.000   3.106 999.000
      11     ASP  57.611 999.000  41.029 999.000 177.666 999.000   7.584 999.000 119.867 999.000   4.218 999.000
      12     PHE  61.425 999.000  39.641 999.000 177.002 999.000   7.630 999.000 120.675 999.000   4.170 999.000
      13     LEU  58.153 999.000  41.003 999.000 178.571 999.000   8.527 999.000 118.203 999.000   3.924 999.000
      14     SER  62.070 999.000  62.585 999.000 176.440 999.000   8.158 999.000 115.011 999.000   4.136 999.000
      15     TYR  61.103 999.000  37.915 999.000 176.974 999.000   7.943 999.000 124.016 999.000   4.262 999.000
      16     LYS  58.470 999.000  31.350 999.000 178.937 999.000   7.893 999.000 118.036 999.000   3.710 999.000
      17     LEU  57.622 999.000  41.700 999.000 178.822 999.000   8.382 999.000 118.983 999.000   4.224 999.000
      18     SER  61.564 999.000  62.929 999.000 177.092 999.000   8.453 999.000 115.859 999.000   4.228 999.000
      19     GLN  57.918 999.000  28.521 999.000 177.161 999.000   7.961 999.000 119.831 999.000   4.056 999.000
      20     LYS  55.594 999.000  32.379 999.000 176.548 999.000   7.325 999.000 116.750 999.000   4.267 999.000
      21     GLY  45.432 999.000-999.000-999.000 174.010 999.000   7.574 999.000 107.572 999.000   3.832 999.000
      22     TYR  56.617 999.000  39.430 999.000 175.547 999.000   7.919 999.000 120.097 999.000   4.815 999.000
      23     SER  57.153 999.000  64.291 999.000 174.939 999.000   8.284 999.000 117.190 999.000   4.617 999.000
      24     TRP  59.587 999.000  29.901 999.000 177.535 999.000   9.116 999.000 126.679 999.000   4.571 999.000
      25     SER  61.177 999.000  62.445 999.000 176.114 999.000   8.432 999.000 114.616 999.000   4.077 999.000
      26     GLN  57.434 999.000  28.745 999.000 176.290 999.000   7.328 999.000 120.747 999.000   3.933 999.000
      27     PHE  57.651 999.000  40.317 999.000 176.112 999.000   7.250 999.000 115.996 999.000   4.369 999.000
      28     SER  57.534 999.000  64.813 999.000 174.135 999.000   7.144 999.000 114.469 999.000   4.255 999.000
      29     ASP  53.582 999.000  40.612 999.000 176.950 999.000   8.397 999.000 122.375 999.000   4.617 999.000
      30     VAL  64.242 999.000  31.737 999.000 177.434 999.000   8.274 999.000 121.285 999.000   3.870 999.000
      31     GLU  58.078 999.000  29.146 999.000 177.559 999.000   8.382 999.000 119.637 999.000   4.151 999.000
      32     GLU  57.126 999.000  30.146 999.000 177.161 999.000   7.833 999.000 117.788 999.000   4.222 999.000
      33     ASN  53.260 999.000  38.684 999.000 175.656 999.000   7.659 999.000 117.678 999.000   4.699 999.000
      34     ARG  56.273 999.000  30.538 999.000 176.674 999.000   8.251 999.000 120.917 999.000   4.381 999.000
      35     THR  62.124 999.000  69.787 999.000 174.815 999.000   8.000 999.000 113.110 999.000   4.327 999.000
      36     GLU  56.340 999.000  30.425 999.000 175.769 999.000   8.461 999.000 121.909 999.000   4.305 999.000
      37     ALA  50.879 999.000  18.271 999.000 175.634 999.000   8.214 999.000 123.659 999.000   4.494 999.000
      38     PRO  63.024 999.000  32.364 999.000 176.604 999.000-999.000-999.000 999.000 999.000   4.535 999.000
      39     GLU  56.219 999.000  30.430 999.000 176.845 999.000   8.487 999.000 120.147 999.000   4.265 999.000
      40     GLY  45.244 999.000-999.000-999.000 174.683 999.000   8.527 999.000 109.299 999.000   4.063 999.000
      41     THR  61.454 999.000  70.551 999.000 175.020 999.000   8.124 999.000 112.757 999.000   4.458 999.000
      42     GLU  58.152 999.000  29.229 999.000 177.427 999.000   8.878 999.000 121.458 999.000   4.203 999.000
      43     SER  60.204 999.000  63.230 999.000 175.738 999.000   8.240 999.000 114.919 999.000   4.240 999.000
      44     GLU  59.342 999.000  28.989 999.000 178.422 999.000   7.967 999.000 123.153 999.000   3.955 999.000
      45     ALA  54.850 999.000  18.315 999.000 179.632 999.000   7.930 999.000 120.442 999.000   4.187 999.000
      46     VAL  65.846 999.000  31.377 999.000 177.827 999.000   7.412 999.000 119.341 999.000   3.650 999.000
      47     LYS  60.139 999.000  32.005 999.000 178.890 999.000   8.216 999.000 119.708 999.000   3.739 999.000
      48     GLN  58.740 999.000  28.257 999.000 178.172 999.000   8.110 999.000 118.679 999.000   3.971 999.000
      49     ALA  55.106 999.000  18.154 999.000 179.582 999.000   7.851 999.000 122.395 999.000   4.065 999.000
      50     LEU  58.144 999.000  41.541 999.000 178.813 999.000   8.516 999.000 118.898 999.000   4.080 999.000
      51     ARG  59.797 999.000  29.808 999.000 178.471 999.000   8.005 999.000 118.860 999.000   3.936 999.000
      52     GLU  59.049 999.000  29.183 999.000 178.912 999.000   8.169 999.000 118.912 999.000   4.139 999.000
      53     ALA  54.850 999.000  18.199 999.000 179.426 999.000   8.475 999.000 121.769 999.000   4.218 999.000
      54     GLY  47.334 999.000-999.000-999.000 175.511 999.000   8.593 999.000 106.650 999.000   4.108 999.000
      55     ASP  56.797 999.000  40.401 999.000 177.999 999.000   8.364 999.000 122.040 999.000   4.602 999.000
      56     GLU  58.924 999.000  29.680 999.000 178.242 999.000   7.817 999.000 120.315 999.000   4.202 999.000
      57     PHE  61.911 999.000  38.975 999.000 178.079 999.000   8.720 999.000 119.588 999.000   4.261 999.000
      58     GLU  58.915 999.000  29.403 999.000 178.318 999.000   8.306 999.000 118.497 999.000   4.253 999.000
      59     LEU  56.974 999.000  42.570 999.000 177.809 999.000   7.522 999.000 120.027 999.000   4.259 999.000
      60     ARG  57.245 999.000  31.395 999.000 176.603 999.000   8.141 999.000 115.234 999.000   4.035 999.000
      61     TYR  56.294 999.000  38.070 999.000 175.614 999.000   7.925 999.000 117.424 999.000   4.791 999.000
      62     ARG  59.006 999.000  30.009 999.000 177.561 999.000   7.936 999.000 120.970 999.000   3.765 999.000
      63     ARG  57.626 999.000  29.428 999.000 177.729 999.000   8.298 999.000 117.632 999.000   4.165 999.000
      64     ALA  54.143 999.000  18.625 999.000 177.858 999.000   7.662 999.000 120.943 999.000   4.205 999.000
      65     PHE  57.682 999.000  39.954 999.000 176.260 999.000   7.586 999.000 112.854 999.000   4.795 999.000
      66     SER  61.264 999.000  62.546 999.000 176.243 999.000   8.292 999.000 116.827 999.000   4.193 999.000
      67     ASP  56.143 999.000  39.981 999.000 178.135 999.000   7.844 999.000 122.008 999.000   4.497 999.000
      68     LEU  57.437 999.000  41.589 999.000 178.696 999.000   7.592 999.000 119.937 999.000   4.014 999.000
      69     THR  65.357 999.000  68.622 999.000 176.741 999.000   8.224 999.000 112.785 999.000   4.244 999.000
      70     SER  60.388 999.000  63.440 999.000 175.682 999.000   7.795 999.000 116.675 999.000   4.356 999.000
      71     GLN  57.339 999.000  28.946 999.000 177.076 999.000   7.551 999.000 121.104 999.000   4.223 999.000
      72     LEU  54.698 999.000  42.192 999.000 176.203 999.000   7.256 999.000 120.806 999.000   4.279 999.000
      73     HIS  55.924 999.000  29.923 999.000 175.427 999.000   8.593 999.000 125.799 999.000   4.628 999.000
      74     ILE  60.902 999.000  38.826 999.000 175.172 999.000   8.074 999.000 123.882 999.000   4.436 999.000
      75     THR  58.458 999.000  69.984 999.000 173.725 999.000   7.991 999.000 116.929 999.000   4.780 999.000
      76     PRO  64.710 999.000  31.633 999.000 177.536 999.000-999.000-999.000 999.000 999.000   4.413 999.000
      77     GLY  45.068 999.000-999.000-999.000 175.059 999.000   8.327 999.000 107.563 999.000   4.136 999.000
      78     THR  63.647 999.000  69.468 999.000 174.186 999.000   7.703 999.000 117.765 999.000   4.226 999.000
      79     ALA  50.864 999.000  21.136 999.000 176.789 999.000   8.616 999.000 128.853 999.000   4.694 999.000
      80     TYR  61.078 999.000  38.041 999.000 177.291 999.000   8.881 999.000 120.790 999.000   3.095 999.000
      81     GLN  58.753 999.000  27.730 999.000 178.173 999.000   8.453 999.000 118.152 999.000   3.840 999.000
      82     SER  60.797 999.000  62.926 999.000 176.018 999.000   7.582 999.000 114.643 999.000   4.261 999.000
      83     PHE  60.904 999.000  39.369 999.000 176.603 999.000   7.156 999.000 123.584 999.000   4.180 999.000
      84     GLU  59.910 999.000  29.330 999.000 178.361 999.000   8.557 999.000 119.217 999.000   3.584 999.000
      85     GLN  58.524 999.000  28.327 999.000 178.335 999.000   7.560 999.000 117.306 999.000   3.974 999.000
      86     VAL  65.044 999.000  31.955 999.000 177.745 999.000   7.090 999.000 119.274 999.000   3.700 999.000
      87     VAL  65.562 999.000  31.119 999.000 177.767 999.000   7.690 999.000 118.694 999.000   3.309 999.000
      88     ASN  55.980 999.000  37.855 999.000 177.334 999.000   8.423 999.000 118.264 999.000   4.300 999.000
      89     GLU  58.435 999.000  29.579 999.000 178.042 999.000   7.341 999.000 119.569 999.000   4.071 999.000
      90     LEU  56.901 999.000  41.875 999.000 177.060 999.000   7.302 999.000 119.272 999.000   3.950 999.000
      91     PHE  58.607 999.000  39.117 999.000 176.232 999.000   7.638 999.000 115.005 999.000   4.453 999.000
      92     ARG  58.686 999.000  29.790 999.000 176.902 999.000   7.537 999.000 120.373 999.000   3.949 999.000
      93     ASP  53.840 999.000  40.706 999.000 176.285 999.000   8.114 999.000 116.828 999.000   4.619 999.000
      94     GLY  44.673 999.000-999.000-999.000 173.332 999.000   7.527 999.000 107.948 999.000   4.074 999.000
      95     VAL  62.092 999.000  32.531 999.000 175.220 999.000   7.982 999.000 119.679 999.000   3.881 999.000
      96     ASN  51.977 999.000  41.157 999.000 174.617 999.000   7.671 999.000 122.219 999.000   4.304 999.000
      97     TRP  60.126 999.000  30.394 999.000 178.152 999.000   8.912 999.000 120.641 999.000   4.533 999.000
      98     GLY  47.101 999.000-999.000-999.000 175.931 999.000   8.901 999.000 106.956 999.000   4.136 999.000
      99     ARG  58.803 999.000  29.893 999.000 178.276 999.000   8.003 999.000 121.441 999.000   4.165 999.000
     100     ILE  65.311 999.000  37.681 999.000 177.581 999.000   7.992 999.000 120.706 999.000   4.027 999.000
     101     VAL  66.941 999.000  31.286 999.000 176.754 999.000   8.344 999.000 119.504 999.000   3.432 999.000
     102     ALA  55.523 999.000  18.043 999.000 178.713 999.000   8.232 999.000 122.673 999.000   3.924 999.000
     103     PHE  60.749 999.000  38.509 999.000 176.918 999.000   8.288 999.000 119.647 999.000   4.254 999.000
     104     PHE  62.650 999.000  38.762 999.000 177.637 999.000   8.676 999.000 118.490 999.000   3.611 999.000
     105     SER  61.970 999.000  62.644 999.000 176.461 999.000   8.393 999.000 115.349 999.000   4.135 999.000
     106     PHE  60.083 999.000  38.319 999.000 176.825 999.000   8.803 999.000 123.712 999.000   4.341 999.000
     107     GLY  47.549 999.000-999.000-999.000 176.198 999.000   8.229 999.000 106.679 999.000   3.630 999.000
     108     GLY  47.311 999.000-999.000-999.000 175.497 999.000   8.447 999.000 109.654 999.000   3.940 999.000
     109     ALA  54.846 999.000  18.341 999.000 178.957 999.000   8.217 999.000 124.593 999.000   4.179 999.000
     110     LEU  58.013 999.000  41.632 999.000 177.627 999.000   8.582 999.000 119.752 999.000   4.118 999.000
     111     CYS 999.000 999.000 999.000 999.000 999.000 999.000 999.000 999.000 999.000 999.000   3.935 999.000
     112     VAL  66.416 999.000  31.285 999.000 177.563 999.000   8.032 999.000 120.234 999.000   3.496 999.000
     113     GLU  59.528 999.000  29.057 999.000 178.483 999.000   8.409 999.000 120.441 999.000   4.012 999.000
     114     SER  62.075 999.000  63.031 999.000 176.314 999.000   8.159 999.000 115.625 999.000   4.106 999.000
     115     VAL  65.265 999.000  31.245 999.000 177.643 999.000   7.601 999.000 120.883 999.000   3.592 999.000
     116     ASP  56.390 999.000  41.148 999.000 177.705 999.000   7.922 999.000 119.904 999.000   4.433 999.000
     117     LYS  56.482 999.000  32.149 999.000 176.008 999.000   7.812 999.000 116.595 999.000   4.217 999.000
     118     GLU  57.418 999.000  27.214 999.000 175.567 999.000   7.919 999.000 115.575 999.000   4.011 999.000
     119     MET  54.769 999.000  32.015 999.000 176.110 999.000   8.429 999.000 118.936 999.000   4.729 999.000
     120     GLN  58.774 999.000  27.905 999.000 177.593 999.000   7.964 999.000 119.747 999.000   3.878 999.000
     121     VAL  64.098 999.000  31.530 999.000 177.240 999.000   7.641 999.000 118.057 999.000   3.863 999.000
     122     LEU  56.843 999.000  41.332 999.000 178.125 999.000   7.809 999.000 119.772 999.000   3.952 999.000
     123     VAL  66.634 999.000  31.273 999.000 177.778 999.000   7.452 999.000 118.863 999.000   3.274 999.000
     124     SER  61.423 999.000  62.778 999.000 176.323 999.000   8.305 999.000 114.482 999.000   4.119 999.000
     125     ARG  58.522 999.000  30.055 999.000 178.088 999.000   6.841 999.000 122.555 999.000   3.775 999.000
     126     ILE  65.617 999.000  37.758 999.000 177.407 999.000   8.243 999.000 120.850 999.000   2.935 999.000
     127     ALA  55.483 999.000  18.122 999.000 179.163 999.000   7.832 999.000 120.602 999.000   3.912 999.000
     128     ALA  54.942 999.000  18.449 999.000 178.833 999.000   7.233 999.000 121.241 999.000   4.165 999.000
     129     TRP  58.628 999.000  28.552 999.000 178.827 999.000   8.717 999.000 119.900 999.000   4.356 999.000
     130     MET  59.782 999.000  32.766 999.000 177.778 999.000   8.734 999.000 117.326 999.000   4.516 999.000
     131     ALA  55.176 999.000  18.269 999.000 178.640 999.000   8.038 999.000 121.609 999.000   4.185 999.000
     132     THR  66.782 999.000  67.962 999.000 175.567 999.000   8.435 999.000 116.151 999.000   4.008 999.000
     133     TYR  62.206 999.000  38.796 999.000 176.878 999.000   8.717 999.000 122.970 999.000   4.200 999.000
     134     LEU  58.557 999.000  41.427 999.000 177.794 999.000   8.696 999.000 119.186 999.000   4.055 999.000
     135     ASN  56.195 999.000  38.929 999.000 177.209 999.000   8.089 999.000 116.580 999.000   4.382 999.000
     136     ASP  55.973 999.000  40.883 999.000 176.927 999.000   8.146 999.000 118.197 999.000   4.395 999.000
     137     HIS  57.279 999.000  31.905 999.000 175.883 999.000   7.778 999.000 114.082 999.000   4.412 999.000
     138     LEU  56.199 999.000  42.428 999.000 177.650 999.000   7.908 999.000 116.587 999.000   4.160 999.000
     139     GLU  61.672 999.000  28.144 999.000 176.131 999.000   8.798 999.000 119.735 999.000   4.026 999.000
     140     PRO  65.416 999.000  31.448 999.000 178.040 999.000-999.000-999.000 999.000 999.000   4.206 999.000
     141     TRP  60.534 999.000  29.495 999.000 177.771 999.000   7.121 999.000 118.573 999.000   4.185 999.000
     142     ILE  65.616 999.000  37.906 999.000 177.252 999.000   8.454 999.000 119.935 999.000   3.148 999.000
     143     GLN  59.018 999.000  28.042 999.000 178.578 999.000   8.351 999.000 118.033 999.000   3.974 999.000
     144     GLU  58.245 999.000  29.669 999.000 177.823 999.000   7.494 999.000 119.129 999.000   3.996 999.000
     145     ASN  54.461 999.000  39.620 999.000 175.618 999.000   7.688 999.000 115.297 999.000   4.281 999.000
     146     GLY  45.166 999.000-999.000-999.000 174.703 999.000   7.552 999.000 107.498 999.000   4.106 999.000
     147     GLY  44.281 999.000-999.000-999.000 173.634 999.000   8.291 999.000 107.535 999.000   4.135 999.000
     148     TRP  59.837 999.000  29.714 999.000 177.585 999.000   8.892 999.000 119.964 999.000   4.610 999.000
     149     ASP  56.814 999.000  39.711 999.000 178.138 999.000   8.449 999.000 119.683 999.000   4.428 999.000
     150     THR  64.522 999.000  68.655 999.000 175.980 999.000   7.601 999.000 113.644 999.000   4.116 999.000
     151     PHE  60.582 999.000  39.536 999.000 176.554 999.000   7.582 999.000 123.475 999.000   3.801 999.000
     152     VAL  64.885 999.000  31.181 999.000 177.521 999.000   7.777 999.000 116.060 999.000   3.769 999.000
     153     GLU  57.733 999.000  29.773 999.000 176.805 999.000   7.451 999.000 118.647 999.000   4.117 999.000
     154     LEU  56.005 999.000  43.643 999.000 176.765 999.000   7.133 999.000 117.992 999.000   4.088 999.000
     155     TYR  57.722 999.000  40.946 999.000 175.480 999.000   7.979 999.000 114.974 999.000   4.503 999.000
     156     GLY  44.561 999.000-999.000-999.000 174.240 999.000   8.207 999.000 107.000 999.000   4.087 999.000
     157     ASN  55.704 999.000  38.454 999.000 176.904 999.000   8.780 999.000 118.928 999.000   4.355 999.000
     158     ASN  55.225 999.000  38.154 999.000 176.694 999.000   8.423 999.000 117.114 999.000   4.533 999.000
     159     ALA  54.549 999.000  18.303 999.000 179.308 999.000   7.709 999.000 123.051 999.000   4.066 999.000
     160     ALA  54.448 999.000  17.994 999.000 179.667 999.000   7.915 999.000 120.279 999.000   4.116 999.000
     161     ALA  54.547 999.000  18.011 999.000 179.919 999.000   7.690 999.000 120.560 999.000   4.169 999.000
     162     GLU  58.943 999.000  29.056 999.000 179.241 999.000   7.936 999.000 117.940 999.000   4.127 999.000
     163     SER  60.967 999.000  63.030 999.000 176.640 999.000   7.988 999.000 115.252 999.000   4.265 999.000
     164     ARG  58.143 999.000  29.633 999.000 178.348 999.000   7.801 999.000 122.041 999.000   4.184 999.000
     165     LYS  57.962 999.000  32.017 999.000 178.680 999.000   7.892 999.000 118.977 999.000   4.193 999.000
     166     GLY  45.848 999.000-999.000-999.000 175.116 999.000   7.834 999.000 107.151 999.000   3.973 999.000
     167     GLN  57.032 999.000  28.985 999.000 177.094 999.000   7.791 999.000 120.025 999.000   4.260 999.000
     168     GLU  57.106 999.000  29.916 999.000 176.964 999.000   7.669 999.000 118.647 999.000   4.294 999.000
     169     ARG 999.000 999.000 999.000 999.000 999.000 999.000 999.000 999.000 999.000 999.000 999.000 999.000
