   index residue  pre_ca  exp_ca  pre_cb  exp_cb   pre_c   exp_c   pre_h   exp_h   pre_n   exp_n  pre_ha  exp_ha
       1     MET 999.000 999.000 999.000 999.000 999.000 999.000-999.000-999.000 999.000 999.000 999.000 999.000
       2     SER 999.000 999.000 999.000 999.000 999.000 999.000 999.000 999.000 999.000 999.000 999.000 999.000
       3     GLN  57.833 999.000  27.892 999.000 177.562 999.000   7.977 999.000 122.463 999.000   4.114 999.000
       4     SER  60.671 999.000  62.727 999.000 175.725 999.000   8.407 999.000 116.212 999.000   4.296 999.000
       5     ASN  54.400 999.000  38.277 999.000 174.880 999.000   8.248 999.000 120.364 999.000   4.784 999.000
       6     ARG  60.072 999.000  29.887 999.000 176.927 999.000   7.536 999.000 120.774 999.000   3.807 999.000
       7     GLU  60.260 999.000  28.757 999.000 178.352 999.000   8.995 999.000 118.458 999.000   3.839 999.000
       8     LEU  57.985 999.000  41.266 999.000 178.208 999.000   7.402 999.000 121.325 999.000   4.062 999.000
       9     VAL  66.561 999.000  31.383 999.000 177.769 999.000   8.080 999.000 120.099 999.000   3.443 999.000
      10     VAL  67.202 999.000  31.322 999.000 176.375 999.000   8.650 999.000 121.401 999.000   3.193 999.000
      11     ASP  56.935 999.000  41.361 999.000 177.656 999.000   8.393 999.000 119.269 999.000   4.295 999.000
      12     PHE  61.433 999.000  39.760 999.000 176.963 999.000   7.911 999.000 121.449 999.000   4.104 999.000
      13     LEU  57.086 999.000  40.929 999.000 178.177 999.000   8.621 999.000 117.005 999.000   4.137 999.000
      14     SER  61.518 999.000  63.030 999.000 176.394 999.000   8.917 999.000 115.186 999.000   4.395 999.000
      15     TYR  61.652 999.000  38.513 999.000 177.520 999.000   8.333 999.000 124.164 999.000   4.196 999.000
      16     LYS  59.309 999.000  31.841 999.000 178.367 999.000   7.822 999.000 119.504 999.000   3.979 999.000
      17     LEU  56.650 999.000  41.203 999.000 178.757 999.000   8.116 999.000 117.721 999.000   4.329 999.000
      18     SER  61.721 999.000  62.763 999.000 177.090 999.000   8.714 999.000 115.253 999.000   4.105 999.000
      19     GLN  57.578 999.000  28.932 999.000 176.193 999.000   6.939 999.000 118.310 999.000   4.071 999.000
      20     LYS  55.483 999.000  32.597 999.000 176.159 999.000   8.308 999.000 117.869 999.000   4.109 999.000
      21     GLY  45.100 999.000-999.000-999.000 173.478 999.000   8.087 999.000 108.192 999.000   3.565 999.000
      22     TYR  55.218 999.000  41.325 999.000 175.010 999.000   7.341 999.000 117.272 999.000   4.904 999.000
      23     SER  57.265 999.000  65.253 999.000 175.146 999.000   8.013 999.000 114.725 999.000   4.805 999.000
      24     TRP  58.085 999.000  28.645 999.000 176.442 999.000   8.626 999.000 118.266 999.000   4.418 999.000
      25     SER  58.479 999.000  64.468 999.000 173.868 999.000   7.156 999.000 110.457 999.000   4.380 999.000
      26     GLN  54.731 999.000  32.421 999.000 175.467 999.000   7.252 999.000 119.733 999.000   4.525 999.000
      27     PHE  61.190 999.000  39.415 999.000 176.591 999.000   8.756 999.000 121.890 999.000   4.635 999.000
      28     SER  57.088 999.000  64.690 999.000 174.129 999.000   7.614 999.000 111.443 999.000   4.390 999.000
      29     ASP  55.137 999.000  40.074 999.000 176.430 999.000   8.567 999.000 124.528 999.000   4.414 999.000
      30     VAL  64.133 999.000  31.067 999.000 175.609 999.000   8.281 999.000 117.770 999.000   3.764 999.000
      31     GLU  55.454 999.000  31.951 999.000 175.799 999.000   8.212 999.000 120.378 999.000   4.323 999.000
      32     GLU  56.846 999.000  29.978 999.000 176.171 999.000   8.648 999.000 122.762 999.000   4.271 999.000
      33     ASN  54.367 999.000  39.033 999.000 174.709 999.000   7.886 999.000 116.469 999.000   4.551 999.000
      34     ARG  56.745 999.000  30.693 999.000 175.987 999.000   8.454 999.000 122.501 999.000   4.320 999.000
      35     THR  61.744 999.000  70.582 999.000 175.573 999.000   8.457 999.000 110.964 999.000   4.503 999.000
      36     GLU  56.961 999.000  27.665 999.000 175.782 999.000   8.531 999.000 118.305 999.000   4.063 999.000
      37     ALA  51.309 999.000  17.654 999.000 175.897 999.000   7.667 999.000 123.029 999.000   4.484 999.000
      38     PRO  62.733 999.000  32.420 999.000 176.999 999.000-999.000-999.000 999.000 999.000   4.456 999.000
      39     GLU  57.285 999.000  29.800 999.000 176.780 999.000   8.835 999.000 121.364 999.000   4.074 999.000
      40     GLY  45.945 999.000-999.000-999.000 174.792 999.000   8.663 999.000 109.440 999.000   4.088 999.000
      41     THR  62.722 999.000  70.055 999.000 174.651 999.000   7.748 999.000 116.665 999.000   4.407 999.000
      42     GLU  57.640 999.000  30.091 999.000 177.388 999.000   9.079 999.000 124.750 999.000   4.151 999.000
      43     SER  61.935 999.000  62.512 999.000 176.882 999.000   8.813 999.000 115.605 999.000   4.387 999.000
      44     GLU  58.848 999.000  29.301 999.000 177.963 999.000   8.563 999.000 121.834 999.000   4.051 999.000
      45     ALA  54.455 999.000  18.722 999.000 178.959 999.000   7.227 999.000 122.538 999.000   3.268 999.000
      46     VAL  66.785 999.000  31.397 999.000 177.404 999.000   8.142 999.000 117.877 999.000   3.133 999.000
      47     LYS  60.007 999.000  31.908 999.000 178.690 999.000   7.750 999.000 118.664 999.000   3.720 999.000
      48     GLN  58.646 999.000  28.575 999.000 178.358 999.000   7.202 999.000 117.321 999.000   4.017 999.000
      49     ALA  55.158 999.000  18.232 999.000 179.040 999.000   7.687 999.000 122.291 999.000   4.109 999.000
      50     LEU  58.486 999.000  41.905 999.000 178.595 999.000   8.548 999.000 119.731 999.000   3.835 999.000
      51     ARG  57.896 999.000  29.419 999.000 178.132 999.000   7.487 999.000 117.342 999.000   4.048 999.000
      52     GLU  58.684 999.000  30.013 999.000 178.295 999.000   7.739 999.000 120.064 999.000   4.232 999.000
      53     ALA  53.884 999.000  18.076 999.000 178.979 999.000   8.914 999.000 121.585 999.000   4.248 999.000
      54     GLY  47.272 999.000-999.000-999.000 175.709 999.000   8.445 999.000 107.953 999.000   4.160 999.000
      55     ASP  57.339 999.000  39.843 999.000 178.419 999.000   8.221 999.000 120.673 999.000   4.209 999.000
      56     GLU  58.997 999.000  29.284 999.000 178.397 999.000   8.061 999.000 121.300 999.000   4.132 999.000
      57     PHE  60.851 999.000  39.631 999.000 176.634 999.000   8.965 999.000 120.281 999.000   4.306 999.000
      58     GLU  56.718 999.000  30.819 999.000 175.863 999.000   8.525 999.000 114.972 999.000   4.186 999.000
      59     LEU  56.000 999.000  38.691 999.000 176.034 999.000   8.361 999.000 118.837 999.000   4.185 999.000
      60     ARG  57.052 999.000  27.001 999.000 175.416 999.000   8.878 999.000 116.663 999.000   3.534 999.000
      61     TYR  57.670 999.000  34.600 999.000 174.951 999.000   7.835 999.000 115.818 999.000   4.256 999.000
      62     ARG  55.868 999.000  32.199 999.000 176.244 999.000   8.466 999.000 116.590 999.000   4.344 999.000
      63     ARG  58.105 999.000  30.592 999.000 177.339 999.000   8.572 999.000 119.660 999.000   3.937 999.000
      64     ALA  52.446 999.000  18.731 999.000 177.462 999.000   8.388 999.000 121.964 999.000   4.158 999.000
      65     PHE  57.831 999.000  39.779 999.000 175.771 999.000   8.585 999.000 123.871 999.000   4.659 999.000
      66     SER  61.098 999.000  62.380 999.000 175.705 999.000   7.860 999.000 117.207 999.000   3.744 999.000
      67     ASP  55.931 999.000  40.095 999.000 177.215 999.000   7.841 999.000 121.895 999.000   4.442 999.000
      68     LEU  55.970 999.000  42.593 999.000 177.737 999.000   8.043 999.000 120.565 999.000   4.371 999.000
      69     THR  64.421 999.000  69.161 999.000 176.532 999.000   7.973 999.000 111.934 999.000   4.205 999.000
      70     SER  58.414 999.000  64.165 999.000 174.892 999.000   8.092 999.000 117.908 999.000   4.525 999.000
      71     GLN  56.377 999.000  29.324 999.000 175.774 999.000   8.545 999.000 120.058 999.000   4.187 999.000
      72     LEU  54.023 999.000  40.475 999.000 176.077 999.000   8.370 999.000 123.758 999.000   4.277 999.000
      73     HIS  56.956 999.000  29.928 999.000 174.971 999.000   8.223 999.000 123.134 999.000   4.353 999.000
      74     ILE  59.416 999.000  41.395 999.000 175.406 999.000   8.183 999.000 125.299 999.000   4.334 999.000
      75     THR  61.587 999.000  68.675 999.000 173.915 999.000   8.350 999.000 125.904 999.000   4.281 999.000
      76     PRO  62.398 999.000  32.789 999.000 177.514 999.000-999.000-999.000 999.000 999.000   4.415 999.000
      77     GLY  46.549 999.000-999.000-999.000 174.380 999.000   8.672 999.000 109.420 999.000   3.935 999.000
      78     THR  61.874 999.000  70.824 999.000 174.394 999.000   7.143 999.000 109.643 999.000   4.141 999.000
      79     ALA  51.082 999.000  18.041 999.000 177.215 999.000   7.037 999.000 123.076 999.000   4.271 999.000
      80     TYR  60.470 999.000  37.606 999.000 177.697 999.000   7.453 999.000 118.465 999.000   4.437 999.000
      81     GLN  57.584 999.000  28.699 999.000 177.899 999.000   8.288 999.000 118.690 999.000   4.225 999.000
      82     SER  62.233 999.000  62.516 999.000 176.060 999.000   8.552 999.000 116.620 999.000   4.203 999.000
      83     PHE  59.525 999.000  38.716 999.000 177.381 999.000   8.356 999.000 119.893 999.000   4.068 999.000
      84     GLU  58.826 999.000  30.034 999.000 178.103 999.000   7.621 999.000 118.641 999.000   3.814 999.000
      85     GLN  58.716 999.000  28.794 999.000 178.531 999.000   7.938 999.000 118.635 999.000   3.781 999.000
      86     VAL  63.689 999.000  31.112 999.000 176.345 999.000   7.590 999.000 112.032 999.000   3.825 999.000
      87     VAL  63.640 999.000  32.387 999.000 176.987 999.000   7.252 999.000 118.734 999.000   3.525 999.000
      88     ASN  56.125 999.000  37.523 999.000 177.685 999.000   8.412 999.000 119.161 999.000   3.978 999.000
      89     GLU  58.289 999.000  28.830 999.000 178.570 999.000   7.533 999.000 117.261 999.000   3.985 999.000
      90     LEU  57.683 999.000  41.307 999.000 177.631 999.000   7.075 999.000 119.484 999.000   3.980 999.000
      91     PHE  57.625 999.000  37.687 999.000 177.912 999.000   7.917 999.000 117.682 999.000   3.544 999.000
      92     ARG  57.623 999.000  29.905 999.000 176.036 999.000   6.991 999.000 119.795 999.000   3.941 999.000
      93     ASP  54.725 999.000  42.923 999.000 176.056 999.000   7.989 999.000 116.426 999.000   4.615 999.000
      94     GLY  45.240 999.000-999.000-999.000 172.241 999.000   8.004 999.000 104.829 999.000   3.854 999.000
      95     VAL  60.871 999.000  32.197 999.000 174.969 999.000   8.161 999.000 121.386 999.000   4.492 999.000
      96     ASN  53.321 999.000  40.375 999.000 175.874 999.000   8.044 999.000 122.443 999.000   4.777 999.000
      97     TRP  60.314 999.000  29.130 999.000 176.819 999.000   8.464 999.000 120.128 999.000   4.296 999.000
      98     GLY  46.465 999.000-999.000-999.000 174.776 999.000   7.079 999.000 107.041 999.000   3.638 999.000
      99     ARG  57.823 999.000  29.580 999.000 177.534 999.000   7.675 999.000 119.953 999.000   4.260 999.000
     100     ILE  64.745 999.000  37.279 999.000 177.409 999.000   7.875 999.000 119.620 999.000   3.438 999.000
     101     VAL  66.817 999.000  31.477 999.000 176.451 999.000   7.743 999.000 119.004 999.000   3.345 999.000
     102     ALA  55.202 999.000  18.078 999.000 178.063 999.000   8.293 999.000 122.959 999.000   4.012 999.000
     103     PHE  59.148 999.000  38.597 999.000 176.308 999.000   8.209 999.000 119.156 999.000   4.392 999.000
     104     PHE  58.070 999.000  38.359 999.000 177.490 999.000   8.402 999.000 117.057 999.000   4.082 999.000
     105     SER  61.569 999.000  62.644 999.000 176.049 999.000   8.431 999.000 115.631 999.000   4.358 999.000
     106     PHE  61.191 999.000  39.072 999.000 177.141 999.000   8.651 999.000 123.689 999.000   4.132 999.000
     107     GLY  47.688 999.000-999.000-999.000 176.171 999.000   8.057 999.000 105.380 999.000   3.922 999.000
     108     GLY  47.351 999.000-999.000-999.000 175.164 999.000   8.294 999.000 109.787 999.000   4.023 999.000
     109     ALA  54.247 999.000  18.175 999.000 179.402 999.000   8.051 999.000 123.902 999.000   4.141 999.000
     110     LEU  57.660 999.000  41.548 999.000 177.709 999.000   8.022 999.000 118.395 999.000   3.945 999.000
     111     CYS 999.000 999.000 999.000 999.000 999.000 999.000 999.000 999.000 999.000 999.000   3.974 999.000
     112     VAL  65.114 999.000  31.084 999.000 177.834 999.000   7.624 999.000 114.043 999.000   3.595 999.000
     113     GLU  58.357 999.000  29.288 999.000 178.495 999.000   7.680 999.000 119.384 999.000   4.342 999.000
     114     SER  62.022 999.000  62.457 999.000 177.132 999.000   7.865 999.000 116.449 999.000   4.178 999.000
     115     VAL  64.952 999.000  31.109 999.000 176.649 999.000   7.802 999.000 118.884 999.000   3.696 999.000
     116     ASP  55.336 999.000  41.267 999.000 177.029 999.000   7.919 999.000 118.381 999.000   4.718 999.000
     117     LYS  57.166 999.000  33.908 999.000 176.820 999.000   7.608 999.000 116.779 999.000   4.110 999.000
     118     GLU  55.225 999.000  31.050 999.000 175.309 999.000   8.539 999.000 116.997 999.000   4.505 999.000
     119     MET  57.207 999.000  30.449 999.000 174.620 999.000   8.479 999.000 118.456 999.000   4.074 999.000
     120     GLN  57.108 999.000  29.272 999.000 177.247 999.000   8.939 999.000 121.493 999.000   4.253 999.000
     121     VAL  64.881 999.000  31.469 999.000 177.426 999.000   8.324 999.000 119.288 999.000   3.922 999.000
     122     LEU  58.079 999.000  41.323 999.000 177.353 999.000   7.906 999.000 121.909 999.000   4.225 999.000
     123     VAL  65.218 999.000  30.854 999.000 178.398 999.000   7.974 999.000 115.921 999.000   3.921 999.000
     124     SER  60.462 999.000  63.488 999.000 174.663 999.000   7.898 999.000 113.814 999.000   4.613 999.000
     125     ARG  56.697 999.000  33.348 999.000 177.208 999.000   7.480 999.000 120.348 999.000   4.205 999.000
     126     ILE  64.955 999.000  38.587 999.000 176.558 999.000   8.845 999.000 120.839 999.000   3.325 999.000
     127     ALA  54.878 999.000  18.352 999.000 179.083 999.000   7.783 999.000 120.449 999.000   3.784 999.000
     128     ALA  54.280 999.000  18.575 999.000 178.278 999.000   8.007 999.000 121.154 999.000   4.379 999.000
     129     TRP  57.564 999.000  29.951 999.000 178.564 999.000   7.669 999.000 119.154 999.000   4.163 999.000
     130     MET  59.504 999.000  32.845 999.000 177.471 999.000   8.475 999.000 116.316 999.000   4.540 999.000
     131     ALA  53.412 999.000  19.666 999.000 177.826 999.000   7.912 999.000 120.040 999.000   4.430 999.000
     132     THR  66.190 999.000  67.941 999.000 176.006 999.000   8.077 999.000 116.840 999.000   4.014 999.000
     133     TYR  59.407 999.000  37.754 999.000 177.322 999.000   8.919 999.000 121.308 999.000   4.619 999.000
     134     LEU  58.163 999.000  40.892 999.000 177.893 999.000   8.450 999.000 119.888 999.000   4.281 999.000
     135     ASN  55.857 999.000  39.123 999.000 176.226 999.000   8.328 999.000 116.250 999.000   4.418 999.000
     136     ASP  55.319 999.000  41.760 999.000 176.721 999.000   8.283 999.000 117.628 999.000   4.529 999.000
     137     HIS  58.303 999.000  30.798 999.000 177.000 999.000   7.765 999.000 116.819 999.000   4.457 999.000
     138     LEU  57.267 999.000  41.545 999.000 177.691 999.000   8.283 999.000 117.478 999.000   4.427 999.000
     139     GLU  61.462 999.000  28.293 999.000 176.177 999.000   7.755 999.000 120.178 999.000   4.034 999.000
     140     PRO  64.653 999.000  31.399 999.000 177.684 999.000-999.000-999.000 999.000 999.000   4.188 999.000
     141     TRP  59.393 999.000  29.767 999.000 178.232 999.000   7.003 999.000 117.233 999.000   4.487 999.000
     142     ILE  65.299 999.000  37.913 999.000 176.581 999.000   8.799 999.000 119.634 999.000   3.908 999.000
     143     GLN  58.019 999.000  28.750 999.000 177.152 999.000   7.987 999.000 116.421 999.000   4.287 999.000
     144     GLU  56.063 999.000  29.712 999.000 175.164 999.000   8.238 999.000 118.042 999.000   4.414 999.000
     145     ASN  54.045 999.000  42.146 999.000 175.962 999.000   7.819 999.000 115.198 999.000   4.809 999.000
     146     GLY  46.774 999.000-999.000-999.000 174.904 999.000   8.617 999.000 108.056 999.000   4.139 999.000
     147     GLY  47.603 999.000-999.000-999.000 174.398 999.000   8.419 999.000 109.056 999.000   3.775 999.000
     148     TRP  59.873 999.000  30.388 999.000 176.990 999.000   7.891 999.000 120.904 999.000   4.651 999.000
     149     ASP  56.840 999.000  40.742 999.000 177.760 999.000   8.110 999.000 118.759 999.000   4.735 999.000
     150     THR  67.148 999.000  68.307 999.000 176.086 999.000   8.183 999.000 117.049 999.000   3.927 999.000
     151     PHE  60.618 999.000  38.316 999.000 177.596 999.000   8.038 999.000 118.830 999.000   4.487 999.000
     152     VAL  66.172 999.000  31.258 999.000 178.082 999.000   7.664 999.000 120.022 999.000   3.742 999.000
     153     GLU  59.322 999.000  29.400 999.000 177.970 999.000   8.253 999.000 119.346 999.000   4.006 999.000
     154     LEU  57.787 999.000  41.448 999.000 178.591 999.000   7.731 999.000 120.409 999.000   4.253 999.000
     155     TYR  60.663 999.000  38.908 999.000 177.745 999.000   7.972 999.000 117.566 999.000   4.008 999.000
     156     GLY  44.971 999.000-999.000-999.000 174.488 999.000   7.719 999.000 105.797 999.000   3.920 999.000
     157     ASN  53.766 999.000  37.565 999.000 174.622 999.000   8.151 999.000 117.192 999.000   4.416 999.000
     158     ASN  52.628 999.000  39.182 999.000 175.534 999.000   8.009 999.000 112.876 999.000   4.784 999.000
     159     ALA  55.436 999.000  18.296 999.000 178.930 999.000   7.647 999.000 123.295 999.000   3.908 999.000
     160     ALA  53.611 999.000  19.043 999.000 177.800 999.000   7.516 999.000 118.707 999.000   3.029 999.000
     161     ALA  53.428 999.000  20.389 999.000 178.177 999.000   7.560 999.000 115.615 999.000   4.307 999.000
     162     GLU  58.450 999.000  29.367 999.000 178.242 999.000   8.366 999.000 119.341 999.000   4.227 999.000
     163     SER  61.026 999.000  62.732 999.000 175.766 999.000   8.693 999.000 115.403 999.000   4.249 999.000
     164     ARG  59.130 999.000  29.177 999.000 178.580 999.000   8.129 999.000 121.788 999.000   4.062 999.000
     165     LYS  57.703 999.000  31.946 999.000 177.320 999.000   7.850 999.000 118.614 999.000   4.094 999.000
     166     GLY  45.122 999.000-999.000-999.000 174.847 999.000   8.327 999.000 107.725 999.000   4.050 999.000
     167     GLN  57.785 999.000  28.957 999.000 176.336 999.000   8.124 999.000 118.725 999.000   4.140 999.000
     168     GLU  55.623 999.000  31.485 999.000 175.687 999.000   7.979 999.000 119.305 999.000   4.471 999.000
     169     ARG 999.000 999.000 999.000 999.000 999.000 999.000 999.000 999.000 999.000 999.000 999.000 999.000
     630     GLU 999.000 999.000 999.000 999.000 999.000 999.000-999.000-999.000 999.000 999.000 999.000 999.000
     631     GLU 999.000 999.000 999.000 999.000 999.000 999.000 999.000 999.000 999.000 999.000 999.000 999.000
     632     GLN  58.561 999.000  28.205 999.000 177.177 999.000   8.131 999.000 119.279 999.000   3.900 999.000
     633     TRP  57.714 999.000  30.024 999.000 177.810 999.000   7.800 999.000 118.108 999.000   4.788 999.000
     634     ALA  54.748 999.000  18.131 999.000 178.862 999.000   8.236 999.000 122.091 999.000   4.223 999.000
     635     ARG  58.821 999.000  30.025 999.000 178.467 999.000   8.020 999.000 118.335 999.000   4.101 999.000
     636     GLU  59.203 999.000  29.468 999.000 179.108 999.000   7.681 999.000 118.935 999.000   4.235 999.000
     637     ILE  63.018 999.000  36.579 999.000 178.245 999.000   8.198 999.000 119.029 999.000   3.925 999.000
     638     GLY  47.563 999.000-999.000-999.000 175.150 999.000   7.780 999.000 108.027 999.000   3.855 999.000
     639     ALA  53.134 999.000  19.298 999.000 178.255 999.000   7.421 999.000 122.578 999.000   4.083 999.000
     640     GLN  58.968 999.000  28.170 999.000 178.015 999.000   8.472 999.000 118.564 999.000   3.834 999.000
     641     LEU  57.479 999.000  41.274 999.000 177.665 999.000   8.415 999.000 116.631 999.000   4.262 999.000
     642     ARG  56.684 999.000  30.328 999.000 177.180 999.000   7.794 999.000 115.947 999.000   4.393 999.000
     643     ARG  58.435 999.000  29.986 999.000 177.557 999.000   7.869 999.000 119.402 999.000   4.011 999.000
     644     MET  57.434 999.000  32.265 999.000 177.035 999.000   8.360 999.000 118.021 999.000   4.153 999.000
     645     ALA  51.540 999.000  17.549 999.000 175.181 999.000   7.985 999.000 122.041 999.000   4.379 999.000
     646     ASP  53.238 999.000  42.896 999.000 175.485 999.000   7.921 999.000 118.942 999.000   4.695 999.000
     647     ASP  55.757 999.000  41.780 999.000 176.976 999.000   8.149 999.000 119.861 999.000   4.533 999.000
     648     LEU  57.263 999.000  40.910 999.000 176.223 999.000   8.083 999.000 118.845 999.000   3.862 999.000
     649     ASN  53.220 999.000  37.743 999.000 175.135 999.000   8.534 999.000 120.795 999.000   4.661 999.000
     650     ALA  51.829 999.000  17.812 999.000 177.112 999.000   8.007 999.000 122.619 999.000   4.420 999.000
     651     GLN  56.208 999.000  28.774 999.000 176.147 999.000   8.035 999.000 122.400 999.000   3.999 999.000
     652     TYR  59.267 999.000  37.116 999.000 175.397 999.000   8.729 999.000 118.118 999.000   4.179 999.000
     653     GLU  58.056 999.000  29.588 999.000 176.780 999.000   7.880 999.000 119.802 999.000   4.266 999.000
     654     ARG 999.000 999.000 999.000 999.000 999.000 999.000 999.000 999.000 999.000 999.000 999.000 999.000
