   index residue  pre_ca  exp_ca  pre_cb  exp_cb   pre_c   exp_c   pre_h   exp_h   pre_n   exp_n  pre_ha  exp_ha
       1     MET 999.000 999.000 999.000 999.000 999.000 999.000-999.000-999.000 999.000 999.000 999.000 999.000
       2     SER 999.000 999.000 999.000 999.000 999.000 999.000 999.000 999.000 999.000 999.000 999.000 999.000
       3     GLN  57.606 999.000  28.111 999.000 177.590 999.000   8.849 999.000 122.504 999.000   4.252 999.000
       4     SER  61.228 999.000  62.860 999.000 175.931 999.000   8.746 999.000 114.703 999.000   4.167 999.000
       5     ASN  55.233 999.000  38.562 999.000 176.565 999.000   8.023 999.000 119.812 999.000   4.696 999.000
       6     ARG  59.439 999.000  29.846 999.000 177.925 999.000   7.935 999.000 121.427 999.000   4.120 999.000
       7     GLU  59.161 999.000  29.123 999.000 178.904 999.000   8.168 999.000 118.812 999.000   3.980 999.000
       8     LEU  57.658 999.000  41.585 999.000 178.613 999.000   7.375 999.000 119.368 999.000   3.998 999.000
       9     VAL  66.488 999.000  31.397 999.000 177.574 999.000   7.667 999.000 119.428 999.000   3.655 999.000
      10     VAL  67.074 999.000  31.228 999.000 176.428 999.000   8.485 999.000 119.230 999.000   3.103 999.000
      11     ASP  57.610 999.000  41.133 999.000 177.596 999.000   7.651 999.000 120.080 999.000   4.214 999.000
      12     PHE  61.409 999.000  39.604 999.000 177.000 999.000   7.700 999.000 120.530 999.000   4.164 999.000
      13     LEU  58.157 999.000  41.070 999.000 178.541 999.000   8.547 999.000 118.149 999.000   3.925 999.000
      14     SER  62.071 999.000  62.583 999.000 176.458 999.000   8.085 999.000 115.031 999.000   4.120 999.000
      15     TYR  61.120 999.000  37.901 999.000 176.969 999.000   7.956 999.000 124.016 999.000   4.252 999.000
      16     LYS  58.595 999.000  31.382 999.000 178.959 999.000   7.900 999.000 118.247 999.000   3.695 999.000
      17     LEU  57.623 999.000  41.671 999.000 178.836 999.000   8.410 999.000 118.920 999.000   4.222 999.000
      18     SER  61.550 999.000  62.940 999.000 177.087 999.000   8.442 999.000 115.841 999.000   4.231 999.000
      19     GLN  57.919 999.000  28.490 999.000 177.186 999.000   7.977 999.000 119.915 999.000   4.055 999.000
      20     LYS  55.645 999.000  32.404 999.000 176.547 999.000   7.329 999.000 116.811 999.000   4.265 999.000
      21     GLY  45.432 999.000-999.000-999.000 174.047 999.000   7.583 999.000 107.688 999.000   3.828 999.000
      22     TYR  56.651 999.000  39.499 999.000 175.539 999.000   7.890 999.000 120.297 999.000   4.809 999.000
      23     SER  57.137 999.000  64.326 999.000 174.965 999.000   8.269 999.000 117.020 999.000   4.625 999.000
      24     TRP  59.591 999.000  29.903 999.000 177.550 999.000   9.116 999.000 126.699 999.000   4.580 999.000
      25     SER  61.219 999.000  62.445 999.000 176.150 999.000   8.430 999.000 114.700 999.000   4.075 999.000
      26     GLN  57.486 999.000  28.705 999.000 176.297 999.000   7.330 999.000 120.737 999.000   3.921 999.000
      27     PHE  57.569 999.000  40.297 999.000 176.088 999.000   7.245 999.000 115.971 999.000   4.374 999.000
      28     SER  57.591 999.000  64.834 999.000 174.117 999.000   7.099 999.000 114.549 999.000   4.254 999.000
      29     ASP  53.458 999.000  40.556 999.000 177.012 999.000   8.424 999.000 122.465 999.000   4.629 999.000
      30     VAL  64.275 999.000  31.706 999.000 177.378 999.000   8.197 999.000 120.843 999.000   3.859 999.000
      31     GLU  58.016 999.000  29.214 999.000 177.517 999.000   8.357 999.000 119.636 999.000   4.160 999.000
      32     GLU  57.157 999.000  30.224 999.000 177.220 999.000   7.809 999.000 117.810 999.000   4.225 999.000
      33     ASN  53.282 999.000  38.723 999.000 175.671 999.000   7.700 999.000 117.548 999.000   4.702 999.000
      34     ARG  56.254 999.000  30.624 999.000 176.643 999.000   8.193 999.000 120.456 999.000   4.384 999.000
      35     THR  62.061 999.000  69.805 999.000 174.823 999.000   7.952 999.000 113.318 999.000   4.342 999.000
      36     GLU  56.455 999.000  30.341 999.000 175.792 999.000   8.525 999.000 122.116 999.000   4.298 999.000
      37     ALA  50.838 999.000  18.342 999.000 175.587 999.000   8.183 999.000 123.452 999.000   4.502 999.000
      38     PRO  63.174 999.000  32.275 999.000 176.665 999.000-999.000-999.000 999.000 999.000   4.528 999.000
      39     GLU  56.226 999.000  30.463 999.000 176.775 999.000   8.479 999.000 119.652 999.000   4.275 999.000
      40     GLY  45.134 999.000-999.000-999.000 174.568 999.000   8.469 999.000 109.154 999.000   4.067 999.000
      41     THR  61.671 999.000  70.393 999.000 175.031 999.000   8.168 999.000 112.759 999.000   4.428 999.000
      42     GLU  57.755 999.000  29.429 999.000 177.105 999.000   8.842 999.000 121.738 999.000   4.240 999.000
      43     SER  59.663 999.000  63.458 999.000 175.544 999.000   8.326 999.000 114.461 999.000   4.304 999.000
      44     GLU  59.408 999.000  29.001 999.000 178.370 999.000   8.047 999.000 123.248 999.000   3.944 999.000
      45     ALA  54.855 999.000  18.315 999.000 179.645 999.000   7.993 999.000 120.370 999.000   4.180 999.000
      46     VAL  65.803 999.000  31.385 999.000 177.825 999.000   7.438 999.000 119.287 999.000   3.658 999.000
      47     LYS  60.155 999.000  32.027 999.000 178.910 999.000   8.179 999.000 119.693 999.000   3.739 999.000
      48     GLN  58.745 999.000  28.264 999.000 178.222 999.000   8.125 999.000 118.577 999.000   3.962 999.000
      49     ALA  55.086 999.000  18.168 999.000 179.527 999.000   7.824 999.000 122.402 999.000   4.068 999.000
      50     LEU  58.089 999.000  41.528 999.000 178.779 999.000   8.491 999.000 118.867 999.000   4.090 999.000
      51     ARG  59.734 999.000  29.743 999.000 178.420 999.000   7.998 999.000 118.927 999.000   3.906 999.000
      52     GLU  59.077 999.000  29.194 999.000 178.904 999.000   8.110 999.000 118.895 999.000   4.127 999.000
      53     ALA  54.857 999.000  18.206 999.000 179.430 999.000   8.458 999.000 121.640 999.000   4.200 999.000
      54     GLY  47.319 999.000-999.000-999.000 175.546 999.000   8.596 999.000 106.551 999.000   4.123 999.000
      55     ASP  56.843 999.000  40.377 999.000 178.026 999.000   8.350 999.000 121.940 999.000   4.613 999.000
      56     GLU  58.914 999.000  29.638 999.000 178.310 999.000   7.813 999.000 120.585 999.000   4.207 999.000
      57     PHE  61.857 999.000  38.995 999.000 177.926 999.000   8.725 999.000 119.583 999.000   4.258 999.000
      58     GLU  58.907 999.000  29.412 999.000 178.336 999.000   8.285 999.000 118.574 999.000   4.240 999.000
      59     LEU  56.941 999.000  42.475 999.000 177.926 999.000   7.525 999.000 120.031 999.000   4.247 999.000
      60     ARG  57.432 999.000  31.140 999.000 176.776 999.000   8.080 999.000 115.744 999.000   4.002 999.000
      61     TYR  56.369 999.000  38.006 999.000 175.641 999.000   7.961 999.000 117.716 999.000   4.772 999.000
      62     ARG  58.750 999.000  30.056 999.000 177.354 999.000   7.969 999.000 120.901 999.000   3.826 999.000
      63     ARG  57.221 999.000  29.765 999.000 177.433 999.000   8.258 999.000 117.431 999.000   4.226 999.000
      64     ALA  54.237 999.000  18.535 999.000 178.033 999.000   7.725 999.000 121.020 999.000   4.157 999.000
      65     PHE  57.834 999.000  39.725 999.000 176.443 999.000   7.521 999.000 113.117 999.000   4.767 999.000
      66     SER  61.306 999.000  62.535 999.000 176.265 999.000   8.093 999.000 116.782 999.000   4.202 999.000
      67     ASP  56.182 999.000  39.939 999.000 178.173 999.000   7.859 999.000 122.014 999.000   4.495 999.000
      68     LEU  57.501 999.000  41.645 999.000 178.704 999.000   7.521 999.000 119.981 999.000   4.017 999.000
      69     THR  65.266 999.000  68.640 999.000 176.748 999.000   8.236 999.000 112.395 999.000   4.231 999.000
      70     SER  60.447 999.000  63.419 999.000 175.700 999.000   7.826 999.000 116.800 999.000   4.346 999.000
      71     GLN  57.232 999.000  28.933 999.000 177.042 999.000   7.558 999.000 120.969 999.000   4.227 999.000
      72     LEU  54.738 999.000  42.170 999.000 176.293 999.000   7.236 999.000 120.788 999.000   4.279 999.000
      73     HIS  55.825 999.000  29.879 999.000 175.371 999.000   8.591 999.000 125.385 999.000   4.634 999.000
      74     ILE  60.904 999.000  38.831 999.000 175.169 999.000   8.056 999.000 123.724 999.000   4.440 999.000
      75     THR  58.468 999.000  69.979 999.000 173.740 999.000   8.005 999.000 116.812 999.000   4.794 999.000
      76     PRO  64.677 999.000  31.640 999.000 177.504 999.000-999.000-999.000 999.000 999.000   4.414 999.000
      77     GLY  45.072 999.000-999.000-999.000 175.045 999.000   8.325 999.000 107.573 999.000   4.137 999.000
      78     THR  63.620 999.000  69.493 999.000 174.191 999.000   7.701 999.000 117.706 999.000   4.233 999.000
      79     ALA  50.878 999.000  21.092 999.000 176.811 999.000   8.625 999.000 128.793 999.000   4.697 999.000
      80     TYR  61.061 999.000  38.036 999.000 177.293 999.000   8.889 999.000 120.776 999.000   3.096 999.000
      81     GLN  58.797 999.000  27.703 999.000 178.227 999.000   8.440 999.000 118.148 999.000   3.828 999.000
      82     SER  60.825 999.000  62.919 999.000 176.067 999.000   7.588 999.000 114.608 999.000   4.261 999.000
      83     PHE  60.904 999.000  39.353 999.000 176.620 999.000   7.150 999.000 123.616 999.000   4.178 999.000
      84     GLU  59.918 999.000  29.347 999.000 178.345 999.000   8.538 999.000 119.203 999.000   3.590 999.000
      85     GLN  58.563 999.000  28.281 999.000 178.411 999.000   7.587 999.000 117.376 999.000   3.969 999.000
      86     VAL  65.103 999.000  31.895 999.000 177.763 999.000   7.064 999.000 119.348 999.000   3.689 999.000
      87     VAL  65.729 999.000  31.154 999.000 177.745 999.000   7.727 999.000 119.100 999.000   3.303 999.000
      88     ASN  55.919 999.000  37.752 999.000 177.403 999.000   8.469 999.000 118.039 999.000   4.308 999.000
      89     GLU  58.385 999.000  29.624 999.000 178.043 999.000   7.316 999.000 119.649 999.000   4.064 999.000
      90     LEU  57.173 999.000  41.996 999.000 177.321 999.000   7.372 999.000 119.738 999.000   3.905 999.000
      91     PHE  58.517 999.000  38.702 999.000 176.135 999.000   7.691 999.000 114.454 999.000   4.483 999.000
      92     ARG  58.644 999.000  29.811 999.000 176.758 999.000   7.525 999.000 120.356 999.000   3.960 999.000
      93     ASP  53.812 999.000  40.738 999.000 176.268 999.000   8.118 999.000 116.846 999.000   4.634 999.000
      94     GLY  44.652 999.000-999.000-999.000 173.331 999.000   7.564 999.000 107.930 999.000   4.087 999.000
      95     VAL  62.212 999.000  32.424 999.000 175.285 999.000   8.011 999.000 119.758 999.000   3.890 999.000
      96     ASN  51.986 999.000  41.129 999.000 174.580 999.000   7.701 999.000 122.211 999.000   4.290 999.000
      97     TRP  60.104 999.000  30.411 999.000 178.152 999.000   8.908 999.000 120.632 999.000   4.540 999.000
      98     GLY  47.122 999.000-999.000-999.000 175.980 999.000   8.889 999.000 106.986 999.000   4.146 999.000
      99     ARG  58.785 999.000  29.823 999.000 178.287 999.000   8.073 999.000 121.469 999.000   4.149 999.000
     100     ILE  65.367 999.000  37.711 999.000 177.582 999.000   8.003 999.000 120.733 999.000   4.051 999.000
     101     VAL  66.938 999.000  31.290 999.000 176.744 999.000   8.356 999.000 119.458 999.000   3.442 999.000
     102     ALA  55.516 999.000  18.049 999.000 178.711 999.000   8.229 999.000 122.689 999.000   3.899 999.000
     103     PHE  60.752 999.000  38.482 999.000 176.912 999.000   8.304 999.000 119.642 999.000   4.238 999.000
     104     PHE  62.689 999.000  38.777 999.000 177.650 999.000   8.685 999.000 118.496 999.000   3.598 999.000
     105     SER  61.944 999.000  62.639 999.000 176.438 999.000   8.358 999.000 115.363 999.000   4.153 999.000
     106     PHE  60.091 999.000  38.395 999.000 176.808 999.000   8.770 999.000 123.621 999.000   4.276 999.000
     107     GLY  47.553 999.000-999.000-999.000 176.218 999.000   8.207 999.000 106.617 999.000   3.612 999.000
     108     GLY  47.331 999.000-999.000-999.000 175.495 999.000   8.449 999.000 109.680 999.000   3.937 999.000
     109     ALA  54.868 999.000  18.339 999.000 178.959 999.000   8.193 999.000 124.573 999.000   4.164 999.000
     110     LEU  57.999 999.000  41.648 999.000 177.604 999.000   8.560 999.000 119.760 999.000   4.118 999.000
     111     CYS 999.000 999.000 999.000 999.000 999.000 999.000 999.000 999.000 999.000 999.000   3.935 999.000
     112     VAL  66.443 999.000  31.285 999.000 177.537 999.000   8.032 999.000 120.209 999.000   3.490 999.000
     113     GLU  59.499 999.000  29.079 999.000 178.459 999.000   8.376 999.000 120.442 999.000   4.013 999.000
     114     SER  62.087 999.000  63.030 999.000 176.303 999.000   8.166 999.000 115.648 999.000   4.104 999.000
     115     VAL  65.272 999.000  31.252 999.000 177.628 999.000   7.600 999.000 120.890 999.000   3.597 999.000
     116     ASP  56.384 999.000  41.168 999.000 177.698 999.000   7.904 999.000 119.940 999.000   4.433 999.000
     117     LYS  56.496 999.000  32.148 999.000 176.018 999.000   7.840 999.000 116.610 999.000   4.216 999.000
     118     GLU  57.419 999.000  27.210 999.000 175.559 999.000   7.923 999.000 115.597 999.000   4.017 999.000
     119     MET  54.744 999.000  32.023 999.000 176.118 999.000   8.445 999.000 118.918 999.000   4.735 999.000
     120     GLN  58.813 999.000  27.879 999.000 177.623 999.000   7.967 999.000 119.791 999.000   3.880 999.000
     121     VAL  64.124 999.000  31.523 999.000 177.286 999.000   7.647 999.000 118.086 999.000   3.858 999.000
     122     LEU  56.909 999.000  41.309 999.000 178.156 999.000   7.811 999.000 119.843 999.000   3.942 999.000
     123     VAL  66.647 999.000  31.271 999.000 177.774 999.000   7.445 999.000 118.807 999.000   3.276 999.000
     124     SER  61.421 999.000  62.784 999.000 176.335 999.000   8.292 999.000 114.473 999.000   4.121 999.000
     125     ARG  58.507 999.000  30.004 999.000 178.106 999.000   6.834 999.000 122.586 999.000   3.774 999.000
     126     ILE  65.666 999.000  37.780 999.000 177.407 999.000   8.236 999.000 120.865 999.000   2.936 999.000
     127     ALA  55.482 999.000  18.118 999.000 179.187 999.000   7.845 999.000 120.575 999.000   3.912 999.000
     128     ALA  54.959 999.000  18.452 999.000 178.781 999.000   7.225 999.000 121.272 999.000   4.167 999.000
     129     TRP  58.625 999.000  28.552 999.000 178.823 999.000   8.730 999.000 119.951 999.000   4.347 999.000
     130     MET  59.812 999.000  32.795 999.000 177.765 999.000   8.749 999.000 117.289 999.000   4.517 999.000
     131     ALA  55.159 999.000  18.269 999.000 178.648 999.000   8.003 999.000 121.563 999.000   4.195 999.000
     132     THR  66.786 999.000  67.963 999.000 175.584 999.000   8.450 999.000 116.184 999.000   4.010 999.000
     133     TYR  62.200 999.000  38.801 999.000 176.873 999.000   8.728 999.000 123.018 999.000   4.197 999.000
     134     LEU  58.559 999.000  41.453 999.000 177.773 999.000   8.708 999.000 119.185 999.000   4.058 999.000
     135     ASN  56.216 999.000  38.951 999.000 177.180 999.000   8.085 999.000 116.535 999.000   4.382 999.000
     136     ASP  56.000 999.000  40.916 999.000 176.934 999.000   8.114 999.000 118.136 999.000   4.406 999.000
     137     HIS  57.325 999.000  31.861 999.000 175.861 999.000   7.775 999.000 114.142 999.000   4.406 999.000
     138     LEU  56.163 999.000  42.504 999.000 177.630 999.000   7.929 999.000 116.605 999.000   4.141 999.000
     139     GLU  61.691 999.000  28.136 999.000 176.138 999.000   8.783 999.000 119.692 999.000   4.018 999.000
     140     PRO  65.409 999.000  31.445 999.000 178.033 999.000-999.000-999.000 999.000 999.000   4.207 999.000
     141     TRP  60.530 999.000  29.494 999.000 177.765 999.000   7.110 999.000 118.566 999.000   4.177 999.000
     142     ILE  65.633 999.000  37.902 999.000 177.200 999.000   8.485 999.000 119.980 999.000   3.140 999.000
     143     GLN  58.998 999.000  28.068 999.000 178.583 999.000   8.341 999.000 118.057 999.000   3.975 999.000
     144     GLU  58.231 999.000  29.678 999.000 177.805 999.000   7.483 999.000 119.130 999.000   3.995 999.000
     145     ASN  54.492 999.000  39.679 999.000 175.642 999.000   7.677 999.000 115.294 999.000   4.269 999.000
     146     GLY  45.146 999.000-999.000-999.000 174.672 999.000   7.554 999.000 107.374 999.000   4.106 999.000
     147     GLY  44.274 999.000-999.000-999.000 173.642 999.000   8.310 999.000 107.553 999.000   4.142 999.000
     148     TRP  60.015 999.000  29.740 999.000 177.658 999.000   8.906 999.000 120.083 999.000   4.601 999.000
     149     ASP  56.928 999.000  39.745 999.000 178.224 999.000   8.436 999.000 119.638 999.000   4.428 999.000
     150     THR  64.607 999.000  68.585 999.000 176.094 999.000   7.635 999.000 113.463 999.000   4.115 999.000
     151     PHE  60.594 999.000  39.525 999.000 176.556 999.000   7.594 999.000 123.542 999.000   3.795 999.000
     152     VAL  65.320 999.000  31.216 999.000 177.796 999.000   7.876 999.000 116.989 999.000   3.693 999.000
     153     GLU  57.997 999.000  29.598 999.000 177.082 999.000   7.541 999.000 118.660 999.000   4.089 999.000
     154     LEU  56.128 999.000  43.513 999.000 176.845 999.000   7.093 999.000 118.194 999.000   4.075 999.000
     155     TYR  57.870 999.000  40.505 999.000 175.981 999.000   8.074 999.000 114.617 999.000   4.483 999.000
     156     GLY  44.753 999.000-999.000-999.000 174.247 999.000   7.940 999.000 106.224 999.000   4.069 999.000
     157     ASN  55.576 999.000  38.467 999.000 176.850 999.000   8.729 999.000 118.749 999.000   4.357 999.000
     158     ASN  55.143 999.000  38.155 999.000 176.603 999.000   8.376 999.000 117.047 999.000   4.517 999.000
     159     ALA  54.396 999.000  18.381 999.000 179.216 999.000   7.695 999.000 122.985 999.000   4.097 999.000
     160     ALA  54.208 999.000  18.068 999.000 179.498 999.000   7.934 999.000 120.285 999.000   4.125 999.000
     161     ALA  54.464 999.000  18.057 999.000 179.916 999.000   7.670 999.000 120.206 999.000   4.163 999.000
     162     GLU  58.661 999.000  29.201 999.000 178.911 999.000   7.803 999.000 117.634 999.000   4.137 999.000
     163     SER  60.730 999.000  63.188 999.000 176.336 999.000   7.861 999.000 114.938 999.000   4.292 999.000
     164     ARG  57.484 999.000  29.859 999.000 177.716 999.000   7.762 999.000 121.923 999.000   4.250 999.000
     165     LYS  57.335 999.000  32.270 999.000 178.176 999.000   7.760 999.000 118.954 999.000   4.231 999.000
     166     GLY  45.544 999.000-999.000-999.000 174.659 999.000   7.854 999.000 107.077 999.000   3.969 999.000
     167     GLN  56.576 999.000  29.183 999.000 176.622 999.000   7.869 999.000 119.603 999.000   4.297 999.000
     168     GLU  57.044 999.000  30.023 999.000 176.740 999.000   7.772 999.000 118.728 999.000   4.282 999.000
     169     ARG 999.000 999.000 999.000 999.000 999.000 999.000 999.000 999.000 999.000 999.000 999.000 999.000
