   index residue  pre_ca  exp_ca  pre_cb  exp_cb   pre_c   exp_c   pre_h   exp_h   pre_n   exp_n  pre_ha  exp_ha
       1     MET 999.000 999.000 999.000 999.000 999.000 999.000-999.000-999.000 999.000 999.000 999.000 999.000
       2     SER 999.000 999.000 999.000 999.000 999.000 999.000 999.000 999.000 999.000 999.000 999.000 999.000
       3     GLN  57.153 999.000  29.116 999.000 176.967 999.000   8.101 999.000 119.485 999.000   4.255 999.000
       4     SER  60.360 999.000  63.255 999.000 175.924 999.000   7.836 999.000 115.142 999.000   4.148 999.000
       5     ASN  55.674 999.000  37.869 999.000 176.588 999.000   8.045 999.000 120.768 999.000   4.471 999.000
       6     ARG  58.804 999.000  30.090 999.000 177.628 999.000   7.734 999.000 119.787 999.000   4.110 999.000
       7     GLU  58.908 999.000  29.255 999.000 178.814 999.000   7.643 999.000 118.915 999.000   4.004 999.000
       8     LEU  57.750 999.000  41.434 999.000 178.582 999.000   7.654 999.000 118.879 999.000   4.088 999.000
       9     VAL  66.035 999.000  31.284 999.000 177.542 999.000   7.277 999.000 118.952 999.000   2.971 999.000
      10     VAL  66.964 999.000  31.187 999.000 176.354 999.000   7.768 999.000 119.594 999.000   3.681 999.000
      11     ASP  57.537 999.000  41.286 999.000 177.470 999.000   7.865 999.000 119.933 999.000   4.375 999.000
      12     PHE  61.521 999.000  39.686 999.000 177.290 999.000   8.008 999.000 120.563 999.000   4.214 999.000
      13     LEU  58.293 999.000  41.162 999.000 178.601 999.000   8.759 999.000 118.580 999.000   4.096 999.000
      14     SER  62.293 999.000  62.569 999.000 176.517 999.000   8.524 999.000 115.134 999.000   4.346 999.000
      15     TYR  60.922 999.000  37.876 999.000 177.008 999.000   8.565 999.000 124.381 999.000   4.340 999.000
      16     LYS  58.536 999.000  31.390 999.000 179.124 999.000   8.145 999.000 118.441 999.000   3.790 999.000
      17     LEU  58.083 999.000  41.541 999.000 178.728 999.000   8.543 999.000 119.908 999.000   4.043 999.000
      18     SER  61.816 999.000  62.801 999.000 177.151 999.000   8.452 999.000 115.904 999.000   4.262 999.000
      19     GLN  57.821 999.000  28.549 999.000 177.517 999.000   8.022 999.000 120.451 999.000   4.045 999.000
      20     LYS  56.388 999.000  32.649 999.000 177.133 999.000   7.312 999.000 117.740 999.000   4.067 999.000
      21     GLY  45.553 999.000-999.000-999.000 174.028 999.000   7.475 999.000 107.616 999.000   3.964 999.000
      22     TYR  54.580 999.000  40.065 999.000 175.241 999.000   8.279 999.000 119.480 999.000   4.780 999.000
      23     SER  56.357 999.000  66.053 999.000 174.540 999.000   8.642 999.000 113.315 999.000   4.771 999.000
      24     TRP  59.717 999.000  29.665 999.000 176.472 999.000   8.398 999.000 120.994 999.000   4.238 999.000
      25     SER  58.685 999.000  64.457 999.000 173.775 999.000   7.907 999.000 111.081 999.000   4.382 999.000
      26     GLN  54.529 999.000  31.966 999.000 175.016 999.000   7.538 999.000 119.731 999.000   4.367 999.000
      27     PHE  58.413 999.000  38.024 999.000 175.689 999.000   8.402 999.000 120.889 999.000   4.098 999.000
      28     SER  57.101 999.000  64.974 999.000 174.162 999.000   7.438 999.000 113.744 999.000   4.735 999.000
      29     ASP  55.072 999.000  39.667 999.000 177.240 999.000   8.672 999.000 124.841 999.000   4.423 999.000
      30     VAL  63.523 999.000  31.732 999.000 176.709 999.000   7.884 999.000 117.345 999.000   3.972 999.000
      31     GLU  56.475 999.000  29.854 999.000 176.554 999.000   8.042 999.000 120.194 999.000   4.274 999.000
      32     GLU  57.113 999.000  30.137 999.000 176.793 999.000   7.963 999.000 119.400 999.000   4.184 999.000
      33     ASN  53.468 999.000  38.157 999.000 175.244 999.000   8.536 999.000 116.679 999.000   4.601 999.000
      34     ARG  55.898 999.000  30.650 999.000 176.387 999.000   8.017 999.000 119.725 999.000   4.324 999.000
      35     THR  61.639 999.000  70.076 999.000 174.937 999.000   8.209 999.000 115.529 999.000   4.354 999.000
      36     GLU  56.536 999.000  30.061 999.000 175.897 999.000   8.608 999.000 122.865 999.000   4.216 999.000
      37     ALA  50.921 999.000  18.208 999.000 175.641 999.000   8.259 999.000 124.766 999.000   4.416 999.000
      38     PRO  62.863 999.000  32.382 999.000 176.941 999.000-999.000-999.000 999.000 999.000   4.525 999.000
      39     GLU  56.925 999.000  29.911 999.000 176.996 999.000   8.609 999.000 121.804 999.000   4.177 999.000
      40     GLY  45.576 999.000-999.000-999.000 174.938 999.000   8.656 999.000 111.159 999.000   4.077 999.000
      41     THR  62.036 999.000  70.066 999.000 175.086 999.000   7.486 999.000 115.186 999.000   4.338 999.000
      42     GLU  59.088 999.000  29.285 999.000 177.680 999.000   9.097 999.000 125.341 999.000   4.021 999.000
      43     SER  60.957 999.000  63.117 999.000 175.925 999.000   8.464 999.000 114.214 999.000   4.366 999.000
      44     GLU  58.771 999.000  29.171 999.000 178.144 999.000   7.985 999.000 122.585 999.000   4.061 999.000
      45     ALA  54.991 999.000  18.301 999.000 179.414 999.000   7.528 999.000 121.091 999.000   3.856 999.000
      46     VAL  66.113 999.000  31.239 999.000 177.867 999.000   7.335 999.000 118.719 999.000   3.520 999.000
      47     LYS  60.199 999.000  31.980 999.000 178.822 999.000   7.936 999.000 119.645 999.000   3.893 999.000
      48     GLN  58.707 999.000  28.104 999.000 178.224 999.000   8.172 999.000 118.791 999.000   3.952 999.000
      49     ALA  54.968 999.000  18.140 999.000 179.603 999.000   7.869 999.000 122.152 999.000   4.098 999.000
      50     LEU  57.597 999.000  41.525 999.000 178.854 999.000   8.145 999.000 118.618 999.000   4.153 999.000
      51     ARG  59.547 999.000  29.687 999.000 178.643 999.000   7.943 999.000 119.385 999.000   3.898 999.000
      52     GLU  59.008 999.000  29.321 999.000 178.825 999.000   8.104 999.000 119.032 999.000   4.082 999.000
      53     ALA  54.656 999.000  18.186 999.000 179.626 999.000   8.117 999.000 121.640 999.000   4.170 999.000
      54     GLY  47.077 999.000-999.000-999.000 175.493 999.000   8.435 999.000 106.683 999.000   4.196 999.000
      55     ASP  56.358 999.000  40.545 999.000 177.709 999.000   8.117 999.000 121.720 999.000   4.577 999.000
      56     GLU  58.404 999.000  29.794 999.000 178.035 999.000   7.777 999.000 119.914 999.000   4.170 999.000
      57     PHE  60.755 999.000  39.456 999.000 176.759 999.000   8.379 999.000 119.600 999.000   4.266 999.000
      58     GLU  56.799 999.000  29.892 999.000 177.611 999.000   7.738 999.000 116.094 999.000   4.148 999.000
      59     LEU  56.145 999.000  41.474 999.000 176.533 999.000   7.562 999.000 122.245 999.000   4.049 999.000
      60     ARG  57.425 999.000  27.895 999.000 175.484 999.000   8.870 999.000 122.846 999.000   3.811 999.000
      61     TYR  58.514 999.000  35.428 999.000 175.531 999.000   7.517 999.000 115.193 999.000   4.139 999.000
      62     ARG  57.945 999.000  30.189 999.000 176.936 999.000   7.560 999.000 119.276 999.000   4.078 999.000
      63     ARG  56.296 999.000  30.805 999.000 176.035 999.000   7.811 999.000 116.202 999.000   4.199 999.000
      64     ALA  51.969 999.000  18.603 999.000 176.718 999.000   7.518 999.000 122.503 999.000   4.200 999.000
      65     PHE  57.047 999.000  40.292 999.000 176.654 999.000   8.371 999.000 120.025 999.000   4.676 999.000
      66     SER  61.355 999.000  62.680 999.000 175.824 999.000   9.137 999.000 119.302 999.000   4.146 999.000
      67     ASP  56.117 999.000  39.944 999.000 177.099 999.000   8.372 999.000 120.988 999.000   4.436 999.000
      68     LEU  55.440 999.000  42.756 999.000 177.389 999.000   7.579 999.000 117.552 999.000   4.484 999.000
      69     THR  62.753 999.000  70.159 999.000 175.307 999.000   7.663 999.000 109.290 999.000   4.334 999.000
      70     SER  59.476 999.000  64.149 999.000 174.689 999.000   8.324 999.000 115.869 999.000   4.513 999.000
      71     GLN  55.192 999.000  28.191 999.000 175.758 999.000   8.055 999.000 121.222 999.000   4.373 999.000
      72     LEU  54.967 999.000  41.491 999.000 176.498 999.000   7.884 999.000 122.584 999.000   4.223 999.000
      73     HIS  55.509 999.000  30.308 999.000 175.085 999.000   8.459 999.000 123.326 999.000   4.642 999.000
      74     ILE  60.457 999.000  38.623 999.000 176.137 999.000   8.179 999.000 123.483 999.000   4.303 999.000
      75     THR  60.581 999.000  68.825 999.000 174.165 999.000   8.288 999.000 121.005 999.000   4.226 999.000
      76     PRO  63.475 999.000  32.348 999.000 176.936 999.000-999.000-999.000 999.000 999.000   4.339 999.000
      77     GLY  44.839 999.000-999.000-999.000 174.478 999.000   8.278 999.000 108.920 999.000   4.084 999.000
      78     THR  62.297 999.000  69.859 999.000 175.150 999.000   8.003 999.000 113.329 999.000   4.142 999.000
      79     ALA  53.637 999.000  18.997 999.000 177.882 999.000   8.321 999.000 124.479 999.000   4.000 999.000
      80     TYR  58.782 999.000  38.337 999.000 177.508 999.000   7.813 999.000 114.778 999.000   4.246 999.000
      81     GLN  57.785 999.000  28.118 999.000 177.484 999.000   7.843 999.000 119.313 999.000   4.005 999.000
      82     SER  61.064 999.000  63.001 999.000 176.011 999.000   7.564 999.000 116.107 999.000   4.172 999.000
      83     PHE  60.237 999.000  38.145 999.000 177.488 999.000   7.863 999.000 122.505 999.000   4.375 999.000
      84     GLU  59.840 999.000  29.360 999.000 178.348 999.000   7.523 999.000 119.844 999.000   3.520 999.000
      85     GLN  57.853 999.000  28.285 999.000 177.652 999.000   7.451 999.000 116.617 999.000   3.991 999.000
      86     VAL  65.474 999.000  31.967 999.000 177.250 999.000   7.347 999.000 119.504 999.000   3.714 999.000
      87     VAL  63.356 999.000  31.638 999.000 176.982 999.000   7.808 999.000 114.417 999.000   3.713 999.000
      88     ASN  55.735 999.000  38.354 999.000 176.010 999.000   7.792 999.000 118.734 999.000   3.960 999.000
      89     GLU  56.843 999.000  30.812 999.000 177.031 999.000   7.603 999.000 116.233 999.000   4.274 999.000
      90     LEU  57.330 999.000  41.758 999.000 177.284 999.000   7.369 999.000 119.637 999.000   3.778 999.000
      91     PHE  58.081 999.000  38.914 999.000 176.382 999.000   7.392 999.000 113.536 999.000   4.432 999.000
      92     ARG  58.198 999.000  29.896 999.000 177.004 999.000   7.518 999.000 119.806 999.000   3.474 999.000
      93     ASP  54.275 999.000  41.105 999.000 176.191 999.000   7.568 999.000 116.235 999.000   4.528 999.000
      94     GLY  45.151 999.000-999.000-999.000 173.233 999.000   7.214 999.000 108.053 999.000   3.965 999.000
      95     VAL  60.926 999.000  30.335 999.000 175.754 999.000   7.699 999.000 116.675 999.000   4.333 999.000
      96     ASN  53.500 999.000  39.519 999.000 175.774 999.000   7.618 999.000 119.883 999.000   4.468 999.000
      97     TRP  59.714 999.000  28.948 999.000 177.185 999.000   8.511 999.000 122.672 999.000   4.236 999.000
      98     GLY  47.649 999.000-999.000-999.000 175.364 999.000   7.640 999.000 107.926 999.000   3.641 999.000
      99     ARG  59.039 999.000  30.010 999.000 177.986 999.000   7.861 999.000 120.606 999.000   4.080 999.000
     100     ILE  64.775 999.000  37.375 999.000 177.461 999.000   7.425 999.000 119.805 999.000   3.684 999.000
     101     VAL  66.938 999.000  31.185 999.000 176.800 999.000   8.448 999.000 119.117 999.000   3.126 999.000
     102     ALA  55.412 999.000  18.043 999.000 178.246 999.000   8.090 999.000 122.311 999.000   3.908 999.000
     103     PHE  60.648 999.000  39.097 999.000 176.892 999.000   7.896 999.000 119.364 999.000   4.414 999.000
     104     PHE  58.502 999.000  37.756 999.000 177.756 999.000   8.845 999.000 118.122 999.000   4.259 999.000
     105     SER  61.747 999.000  62.700 999.000 176.307 999.000   8.590 999.000 115.922 999.000   4.483 999.000
     106     PHE  60.525 999.000  38.845 999.000 176.847 999.000   8.587 999.000 122.934 999.000   4.337 999.000
     107     GLY  47.623 999.000-999.000-999.000 176.190 999.000   8.387 999.000 106.524 999.000   3.703 999.000
     108     GLY  47.277 999.000-999.000-999.000 175.469 999.000   8.652 999.000 109.858 999.000   3.980 999.000
     109     ALA  54.777 999.000  18.403 999.000 178.906 999.000   8.133 999.000 124.543 999.000   4.136 999.000
     110     LEU  58.095 999.000  41.538 999.000 178.028 999.000   8.299 999.000 119.485 999.000   3.945 999.000
     111     CYS 999.000 999.000 999.000 999.000 999.000 999.000 999.000 999.000 999.000 999.000   4.085 999.000
     112     VAL  64.780 999.000  32.022 999.000 177.127 999.000   7.918 999.000 118.699 999.000   3.887 999.000
     113     GLU  57.441 999.000  29.349 999.000 177.294 999.000   8.234 999.000 117.746 999.000   4.226 999.000
     114     SER  58.332 999.000  63.288 999.000 174.940 999.000   7.693 999.000 114.842 999.000   4.523 999.000
     115     VAL  63.707 999.000  31.584 999.000 175.961 999.000   7.816 999.000 119.400 999.000   3.896 999.000
     116     ASP  54.519 999.000  40.289 999.000 176.619 999.000   8.173 999.000 118.940 999.000   4.581 999.000
     117     LYS  55.917 999.000  33.061 999.000 176.372 999.000   7.561 999.000 120.576 999.000   4.354 999.000
     118     GLU  55.946 999.000  29.847 999.000 176.689 999.000   8.655 999.000 120.828 999.000   4.321 999.000
     119     MET  57.747 999.000  31.248 999.000 177.755 999.000   8.730 999.000 123.478 999.000   4.065 999.000
     120     GLN  57.812 999.000  28.515 999.000 176.841 999.000   8.227 999.000 117.799 999.000   4.173 999.000
     121     VAL  62.081 999.000  33.746 999.000 176.918 999.000   7.635 999.000 113.838 999.000   4.333 999.000
     122     LEU  58.543 999.000  41.576 999.000 177.914 999.000   8.089 999.000 121.970 999.000   3.966 999.000
     123     VAL  66.268 999.000  31.301 999.000 178.069 999.000   7.930 999.000 117.668 999.000   3.429 999.000
     124     SER  61.735 999.000  62.908 999.000 176.571 999.000   7.772 999.000 116.173 999.000   4.328 999.000
     125     ARG  58.921 999.000  30.027 999.000 178.526 999.000   7.948 999.000 122.358 999.000   4.051 999.000
     126     ILE  65.116 999.000  37.612 999.000 177.439 999.000   8.506 999.000 120.625 999.000   3.887 999.000
     127     ALA  55.463 999.000  18.104 999.000 179.262 999.000   8.523 999.000 121.090 999.000   3.982 999.000
     128     ALA  55.305 999.000  18.161 999.000 178.960 999.000   7.851 999.000 121.121 999.000   4.007 999.000
     129     TRP  60.532 999.000  29.723 999.000 178.661 999.000   8.268 999.000 119.154 999.000   4.200 999.000
     130     MET  59.820 999.000  32.769 999.000 177.643 999.000   8.893 999.000 117.983 999.000   4.293 999.000
     131     ALA  55.299 999.000  18.240 999.000 178.510 999.000   8.404 999.000 121.480 999.000   4.134 999.000
     132     THR  66.671 999.000  67.982 999.000 176.138 999.000   8.071 999.000 115.659 999.000   3.925 999.000
     133     TYR  59.594 999.000  38.048 999.000 177.779 999.000   8.303 999.000 120.259 999.000   4.631 999.000
     134     LEU  58.230 999.000  41.437 999.000 177.637 999.000   8.884 999.000 119.882 999.000   4.076 999.000
     135     ASN  56.268 999.000  38.925 999.000 177.058 999.000   8.133 999.000 116.342 999.000   4.416 999.000
     136     ASP  55.804 999.000  41.017 999.000 176.892 999.000   7.758 999.000 118.153 999.000   4.509 999.000
     137     HIS  56.615 999.000  31.487 999.000 175.089 999.000   8.047 999.000 113.840 999.000   4.675 999.000
     138     LEU  56.304 999.000  43.580 999.000 176.983 999.000   8.131 999.000 119.463 999.000   4.491 999.000
     139     GLU  61.658 999.000  27.941 999.000 176.252 999.000   8.631 999.000 118.755 999.000   4.027 999.000
     140     PRO  65.394 999.000  31.374 999.000 178.180 999.000-999.000-999.000 999.000 999.000   4.186 999.000
     141     TRP  58.539 999.000  30.013 999.000 178.395 999.000   7.136 999.000 116.766 999.000   4.604 999.000
     142     ILE  64.650 999.000  37.199 999.000 177.390 999.000   8.218 999.000 120.005 999.000   3.804 999.000
     143     GLN  59.052 999.000  27.726 999.000 178.677 999.000   8.448 999.000 118.918 999.000   4.110 999.000
     144     GLU  58.398 999.000  29.524 999.000 177.858 999.000   7.788 999.000 118.821 999.000   4.098 999.000
     145     ASN  54.466 999.000  39.709 999.000 175.595 999.000   7.860 999.000 115.065 999.000   4.536 999.000
     146     GLY  45.489 999.000-999.000-999.000 174.109 999.000   7.783 999.000 106.489 999.000   4.122 999.000
     147     GLY  45.237 999.000-999.000-999.000 173.639 999.000   8.339 999.000 107.996 999.000   4.089 999.000
     148     TRP  60.375 999.000  29.556 999.000 177.721 999.000   8.943 999.000 123.923 999.000   4.620 999.000
     149     ASP  57.327 999.000  39.698 999.000 177.874 999.000   8.288 999.000 119.089 999.000   4.259 999.000
     150     THR  65.234 999.000  68.333 999.000 176.333 999.000   7.604 999.000 113.681 999.000   3.942 999.000
     151     PHE  60.110 999.000  39.306 999.000 177.674 999.000   7.698 999.000 120.504 999.000   4.318 999.000
     152     VAL  65.919 999.000  31.194 999.000 177.797 999.000   7.600 999.000 118.777 999.000   3.483 999.000
     153     GLU  59.037 999.000  29.055 999.000 178.475 999.000   7.730 999.000 120.117 999.000   3.854 999.000
     154     LEU  57.276 999.000  41.717 999.000 177.976 999.000   7.239 999.000 119.576 999.000   3.815 999.000
     155     TYR  58.829 999.000  39.003 999.000 177.100 999.000   7.663 999.000 117.035 999.000   4.443 999.000
     156     GLY  45.169 999.000-999.000-999.000 174.472 999.000   7.931 999.000 106.469 999.000   3.851 999.000
     157     ASN  53.005 999.000  38.831 999.000 175.655 999.000   7.963 999.000 117.928 999.000   4.554 999.000
     158     ASN  55.734 999.000  38.505 999.000 176.533 999.000   8.343 999.000 121.320 999.000   4.363 999.000
     159     ALA  54.731 999.000  18.377 999.000 179.215 999.000   8.051 999.000 122.131 999.000   4.141 999.000
     160     ALA  54.197 999.000  18.120 999.000 179.730 999.000   7.512 999.000 120.557 999.000   4.213 999.000
     161     ALA  54.417 999.000  18.110 999.000 179.944 999.000   7.652 999.000 120.443 999.000   4.159 999.000
     162     GLU  58.761 999.000  29.167 999.000 179.034 999.000   8.054 999.000 118.006 999.000   4.124 999.000
     163     SER  60.975 999.000  63.128 999.000 176.413 999.000   7.887 999.000 115.092 999.000   4.276 999.000
     164     ARG  57.674 999.000  29.861 999.000 177.929 999.000   7.708 999.000 121.885 999.000   4.238 999.000
     165     LYS  57.188 999.000  32.284 999.000 178.179 999.000   7.740 999.000 118.806 999.000   4.241 999.000
     166     GLY  45.405 999.000-999.000-999.000 174.533 999.000   7.841 999.000 106.894 999.000   3.960 999.000
     167     GLN  56.573 999.000  29.211 999.000 176.505 999.000   7.885 999.000 119.430 999.000   4.273 999.000
     168     GLU  56.879 999.000  29.938 999.000 176.612 999.000   7.875 999.000 119.073 999.000   4.304 999.000
     169     ARG 999.000 999.000 999.000 999.000 999.000 999.000 999.000 999.000 999.000 999.000 999.000 999.000
     630     GLU 999.000 999.000 999.000 999.000 999.000 999.000-999.000-999.000 999.000 999.000 999.000 999.000
     631     GLU 999.000 999.000 999.000 999.000 999.000 999.000 999.000 999.000 999.000 999.000 999.000 999.000
     632     GLN  56.238 999.000  28.095 999.000 176.819 999.000   7.956 999.000 119.343 999.000   4.190 999.000
     633     TRP  59.388 999.000  29.318 999.000 177.789 999.000   7.786 999.000 120.967 999.000   4.354 999.000
     634     ALA  54.873 999.000  18.151 999.000 179.069 999.000   8.010 999.000 121.145 999.000   3.977 999.000
     635     ARG  59.239 999.000  29.699 999.000 178.472 999.000   7.920 999.000 118.003 999.000   3.984 999.000
     636     GLU  58.960 999.000  29.346 999.000 179.000 999.000   7.645 999.000 119.291 999.000   4.120 999.000
     637     ILE  63.993 999.000  36.822 999.000 178.033 999.000   7.892 999.000 119.521 999.000   3.693 999.000
     638     GLY  47.622 999.000-999.000-999.000 176.043 999.000   8.412 999.000 107.765 999.000   3.777 999.000
     639     ALA  54.981 999.000  18.116 999.000 179.009 999.000   8.069 999.000 124.341 999.000   4.046 999.000
     640     GLN  58.875 999.000  28.337 999.000 178.464 999.000   7.885 999.000 118.305 999.000   3.865 999.000
     641     LEU  58.194 999.000  41.301 999.000 178.635 999.000   8.598 999.000 120.846 999.000   3.993 999.000
     642     ARG  59.661 999.000  29.883 999.000 178.652 999.000   8.280 999.000 118.987 999.000   3.885 999.000
     643     ARG  58.460 999.000  29.827 999.000 178.389 999.000   7.886 999.000 118.994 999.000   4.136 999.000
     644     MET  58.259 999.000  32.836 999.000 176.964 999.000   8.368 999.000 119.104 999.000   4.156 999.000
     645     ALA  52.947 999.000  18.810 999.000 176.897 999.000   7.771 999.000 119.394 999.000   4.262 999.000
     646     ASP  53.906 999.000  41.359 999.000 175.863 999.000   7.364 999.000 117.917 999.000   4.482 999.000
     647     ASP  54.478 999.000  40.862 999.000 176.765 999.000   8.413 999.000 122.987 999.000   4.454 999.000
     648     LEU  56.139 999.000  42.134 999.000 177.366 999.000   7.506 999.000 120.305 999.000   4.068 999.000
     649     ASN  53.611 999.000  38.513 999.000 175.641 999.000   8.121 999.000 116.354 999.000   4.539 999.000
     650     ALA  52.779 999.000  19.036 999.000 177.621 999.000   7.808 999.000 121.878 999.000   4.254 999.000
     651     GLN  56.305 999.000  29.067 999.000 176.051 999.000   7.759 999.000 117.844 999.000   4.088 999.000
     652     TYR  58.839 999.000  37.664 999.000 175.488 999.000   8.241 999.000 117.020 999.000   4.372 999.000
     653     GLU  57.027 999.000  30.288 999.000 176.501 999.000   7.945 999.000 119.444 999.000   4.288 999.000
     654     ARG 999.000 999.000 999.000 999.000 999.000 999.000 999.000 999.000 999.000 999.000 999.000 999.000
