   index residue  pre_ca  exp_ca  pre_cb  exp_cb   pre_c   exp_c   pre_h   exp_h   pre_n   exp_n  pre_ha  exp_ha
       1     MET 999.000 999.000 999.000 999.000 999.000 999.000-999.000-999.000 999.000 999.000 999.000 999.000
       2     SER 999.000 999.000 999.000 999.000 999.000 999.000 999.000 999.000 999.000 999.000 999.000 999.000
       3     GLN  57.514 999.000  28.557 999.000 177.391 999.000   8.242 999.000 120.229 999.000   4.216 999.000
       4     SER  60.411 999.000  63.167 999.000 176.016 999.000   7.847 999.000 115.628 999.000   4.196 999.000
       5     ASN  55.523 999.000  37.798 999.000 176.707 999.000   8.375 999.000 121.084 999.000   4.562 999.000
       6     ARG  59.332 999.000  29.923 999.000 177.620 999.000   7.927 999.000 120.345 999.000   4.099 999.000
       7     GLU  59.046 999.000  29.255 999.000 179.018 999.000   7.647 999.000 118.796 999.000   4.030 999.000
       8     LEU  57.513 999.000  41.504 999.000 178.707 999.000   7.712 999.000 119.113 999.000   4.143 999.000
       9     VAL  66.461 999.000  31.299 999.000 177.630 999.000   7.554 999.000 119.357 999.000   3.128 999.000
      10     VAL  66.820 999.000  31.095 999.000 176.555 999.000   8.241 999.000 117.895 999.000   3.669 999.000
      11     ASP  57.464 999.000  41.266 999.000 177.428 999.000   7.610 999.000 120.005 999.000   4.379 999.000
      12     PHE  61.566 999.000  39.698 999.000 177.252 999.000   8.017 999.000 120.682 999.000   4.228 999.000
      13     LEU  58.227 999.000  41.164 999.000 178.511 999.000   8.752 999.000 118.435 999.000   4.085 999.000
      14     SER  62.154 999.000  62.589 999.000 176.549 999.000   8.514 999.000 115.050 999.000   4.315 999.000
      15     TYR  61.014 999.000  37.929 999.000 176.929 999.000   8.466 999.000 124.252 999.000   4.312 999.000
      16     LYS  58.440 999.000  31.398 999.000 179.075 999.000   8.148 999.000 118.369 999.000   3.797 999.000
      17     LEU  58.003 999.000  41.583 999.000 178.786 999.000   8.491 999.000 119.850 999.000   4.062 999.000
      18     SER  61.739 999.000  62.857 999.000 177.144 999.000   8.436 999.000 115.918 999.000   4.235 999.000
      19     GLN  57.817 999.000  28.551 999.000 177.464 999.000   8.062 999.000 120.450 999.000   4.044 999.000
      20     LYS  56.220 999.000  32.616 999.000 176.995 999.000   7.283 999.000 117.462 999.000   4.085 999.000
      21     GLY  45.543 999.000-999.000-999.000 174.022 999.000   7.417 999.000 107.655 999.000   3.912 999.000
      22     TYR  54.879 999.000  40.041 999.000 175.293 999.000   8.135 999.000 119.322 999.000   4.755 999.000
      23     SER  56.557 999.000  65.788 999.000 174.670 999.000   8.517 999.000 113.938 999.000   4.758 999.000
      24     TRP  59.427 999.000  29.431 999.000 176.412 999.000   8.281 999.000 120.863 999.000   4.327 999.000
      25     SER  58.767 999.000  64.405 999.000 173.829 999.000   7.753 999.000 110.694 999.000   4.342 999.000
      26     GLN  54.501 999.000  31.905 999.000 175.064 999.000   7.565 999.000 119.897 999.000   4.455 999.000
      27     PHE  59.113 999.000  38.492 999.000 175.891 999.000   8.584 999.000 121.150 999.000   4.169 999.000
      28     SER  57.223 999.000  64.853 999.000 174.003 999.000   7.511 999.000 113.805 999.000   4.641 999.000
      29     ASP  54.291 999.000  39.695 999.000 176.850 999.000   8.549 999.000 123.610 999.000   4.510 999.000
      30     VAL  63.573 999.000  31.887 999.000 176.536 999.000   7.855 999.000 117.639 999.000   3.926 999.000
      31     GLU  56.004 999.000  30.871 999.000 176.083 999.000   8.147 999.000 120.464 999.000   4.363 999.000
      32     GLU  57.356 999.000  30.568 999.000 176.714 999.000   8.449 999.000 120.021 999.000   4.131 999.000
      33     ASN  53.567 999.000  37.157 999.000 174.843 999.000   8.345 999.000 116.042 999.000   4.464 999.000
      34     ARG  55.814 999.000  30.732 999.000 176.329 999.000   7.946 999.000 118.895 999.000   4.306 999.000
      35     THR  61.707 999.000  70.031 999.000 175.011 999.000   8.173 999.000 115.534 999.000   4.343 999.000
      36     GLU  56.676 999.000  29.893 999.000 175.836 999.000   8.624 999.000 122.509 999.000   4.204 999.000
      37     ALA  50.792 999.000  18.486 999.000 175.484 999.000   8.183 999.000 124.462 999.000   4.465 999.000
      38     PRO  62.857 999.000  32.421 999.000 176.889 999.000-999.000-999.000 999.000 999.000   4.537 999.000
      39     GLU  56.890 999.000  29.958 999.000 176.969 999.000   8.615 999.000 121.636 999.000   4.188 999.000
      40     GLY  45.563 999.000-999.000-999.000 174.921 999.000   8.669 999.000 110.852 999.000   4.085 999.000
      41     THR  62.007 999.000  70.091 999.000 175.042 999.000   7.489 999.000 115.145 999.000   4.347 999.000
      42     GLU  59.013 999.000  29.322 999.000 177.691 999.000   9.088 999.000 125.211 999.000   4.039 999.000
      43     SER  61.009 999.000  63.053 999.000 175.913 999.000   8.498 999.000 114.388 999.000   4.353 999.000
      44     GLU  58.806 999.000  29.185 999.000 178.116 999.000   8.012 999.000 122.735 999.000   4.053 999.000
      45     ALA  54.949 999.000  18.329 999.000 179.369 999.000   7.507 999.000 121.071 999.000   3.826 999.000
      46     VAL  66.152 999.000  31.243 999.000 177.897 999.000   7.306 999.000 118.652 999.000   3.453 999.000
      47     LYS  60.238 999.000  31.957 999.000 178.832 999.000   8.021 999.000 119.714 999.000   3.861 999.000
      48     GLN  58.648 999.000  28.181 999.000 178.186 999.000   8.081 999.000 118.737 999.000   3.962 999.000
      49     ALA  54.998 999.000  18.136 999.000 179.591 999.000   7.868 999.000 122.139 999.000   4.088 999.000
      50     LEU  57.598 999.000  41.444 999.000 178.914 999.000   8.123 999.000 118.451 999.000   4.098 999.000
      51     ARG  59.370 999.000  29.593 999.000 178.668 999.000   7.779 999.000 119.251 999.000   3.923 999.000
      52     GLU  58.976 999.000  29.338 999.000 178.822 999.000   8.101 999.000 118.963 999.000   4.086 999.000
      53     ALA  54.653 999.000  18.162 999.000 179.560 999.000   8.212 999.000 121.590 999.000   4.111 999.000
      54     GLY  47.071 999.000-999.000-999.000 175.442 999.000   8.352 999.000 106.500 999.000   4.209 999.000
      55     ASP  56.303 999.000  40.559 999.000 177.612 999.000   8.011 999.000 121.466 999.000   4.601 999.000
      56     GLU  58.366 999.000  29.885 999.000 178.000 999.000   7.715 999.000 120.321 999.000   4.190 999.000
      57     PHE  60.646 999.000  39.526 999.000 176.621 999.000   8.542 999.000 119.744 999.000   4.337 999.000
      58     GLU  56.414 999.000  29.932 999.000 177.294 999.000   7.725 999.000 115.867 999.000   4.158 999.000
      59     LEU  56.079 999.000  41.297 999.000 176.536 999.000   7.642 999.000 122.218 999.000   4.074 999.000
      60     ARG  57.426 999.000  27.858 999.000 175.459 999.000   8.815 999.000 122.305 999.000   3.809 999.000
      61     TYR  58.549 999.000  35.505 999.000 175.486 999.000   7.545 999.000 115.399 999.000   4.130 999.000
      62     ARG  57.830 999.000  30.256 999.000 176.936 999.000   7.635 999.000 119.090 999.000   4.085 999.000
      63     ARG  56.362 999.000  30.712 999.000 176.113 999.000   7.801 999.000 116.471 999.000   4.187 999.000
      64     ALA  52.140 999.000  19.426 999.000 176.646 999.000   7.374 999.000 121.922 999.000   4.184 999.000
      65     PHE  57.176 999.000  41.278 999.000 176.368 999.000   8.448 999.000 118.810 999.000   4.707 999.000
      66     SER  61.291 999.000  62.638 999.000 175.756 999.000   9.153 999.000 118.401 999.000   4.131 999.000
      67     ASP  56.085 999.000  39.927 999.000 177.639 999.000   8.260 999.000 121.245 999.000   4.465 999.000
      68     LEU  56.175 999.000  42.031 999.000 178.161 999.000   7.638 999.000 118.645 999.000   4.275 999.000
      69     THR  63.497 999.000  69.585 999.000 175.754 999.000   7.754 999.000 110.603 999.000   4.165 999.000
      70     SER  58.879 999.000  64.299 999.000 174.606 999.000   8.001 999.000 116.672 999.000   4.473 999.000
      71     GLN  55.582 999.000  28.604 999.000 175.782 999.000   8.086 999.000 120.300 999.000   4.259 999.000
      72     LEU  54.907 999.000  41.313 999.000 176.125 999.000   8.098 999.000 124.019 999.000   4.177 999.000
      73     HIS  55.425 999.000  30.460 999.000 174.673 999.000   8.357 999.000 124.300 999.000   4.626 999.000
      74     ILE  59.787 999.000  39.954 999.000 175.764 999.000   7.989 999.000 121.916 999.000   4.499 999.000
      75     THR  61.253 999.000  68.754 999.000 174.427 999.000   8.343 999.000 120.480 999.000   4.356 999.000
      76     PRO  63.511 999.000  32.325 999.000 176.799 999.000-999.000-999.000 999.000 999.000   4.398 999.000
      77     GLY  44.783 999.000-999.000-999.000 174.568 999.000   8.330 999.000 109.350 999.000   4.105 999.000
      78     THR  62.065 999.000  69.968 999.000 175.326 999.000   7.902 999.000 113.619 999.000   4.211 999.000
      79     ALA  54.726 999.000  18.369 999.000 178.560 999.000   8.499 999.000 126.503 999.000   3.921 999.000
      80     TYR  59.064 999.000  37.844 999.000 177.908 999.000   7.567 999.000 115.445 999.000   4.412 999.000
      81     GLN  57.577 999.000  28.230 999.000 177.487 999.000   7.861 999.000 118.892 999.000   4.052 999.000
      82     SER  61.165 999.000  63.054 999.000 175.993 999.000   7.621 999.000 115.992 999.000   4.158 999.000
      83     PHE  60.971 999.000  38.403 999.000 177.375 999.000   7.840 999.000 121.988 999.000   4.249 999.000
      84     GLU  59.784 999.000  29.284 999.000 178.424 999.000   7.699 999.000 119.730 999.000   3.539 999.000
      85     GLN  58.141 999.000  28.581 999.000 177.720 999.000   7.336 999.000 116.895 999.000   3.985 999.000
      86     VAL  65.378 999.000  31.885 999.000 177.330 999.000   7.476 999.000 119.272 999.000   3.708 999.000
      87     VAL  64.320 999.000  31.611 999.000 177.002 999.000   8.133 999.000 116.837 999.000   3.639 999.000
      88     ASN  55.778 999.000  38.434 999.000 176.395 999.000   7.873 999.000 118.459 999.000   4.111 999.000
      89     GLU  57.294 999.000  30.259 999.000 177.285 999.000   7.454 999.000 116.986 999.000   4.202 999.000
      90     LEU  56.943 999.000  41.670 999.000 177.622 999.000   7.417 999.000 119.120 999.000   3.974 999.000
      91     PHE  58.835 999.000  38.293 999.000 176.555 999.000   7.506 999.000 115.293 999.000   4.264 999.000
      92     ARG  58.061 999.000  29.701 999.000 176.937 999.000   7.365 999.000 119.738 999.000   3.680 999.000
      93     ASP  54.442 999.000  41.294 999.000 176.162 999.000   7.597 999.000 116.433 999.000   4.578 999.000
      94     GLY  44.737 999.000-999.000-999.000 173.300 999.000   7.194 999.000 107.697 999.000   3.874 999.000
      95     VAL  61.095 999.000  30.706 999.000 175.588 999.000   6.859 999.000 118.117 999.000   4.134 999.000
      96     ASN  53.029 999.000  39.971 999.000 175.677 999.000   7.727 999.000 120.004 999.000   4.694 999.000
      97     TRP  59.821 999.000  28.869 999.000 177.045 999.000   8.645 999.000 120.322 999.000   4.222 999.000
      98     GLY  47.581 999.000-999.000-999.000 175.318 999.000   7.325 999.000 107.869 999.000   3.495 999.000
      99     ARG  58.865 999.000  29.878 999.000 177.971 999.000   7.754 999.000 120.658 999.000   4.073 999.000
     100     ILE  64.593 999.000  37.198 999.000 177.479 999.000   7.498 999.000 119.923 999.000   3.684 999.000
     101     VAL  66.900 999.000  31.223 999.000 176.756 999.000   8.406 999.000 119.332 999.000   3.184 999.000
     102     ALA  55.448 999.000  18.014 999.000 178.290 999.000   8.090 999.000 122.501 999.000   3.910 999.000
     103     PHE  60.839 999.000  39.082 999.000 176.944 999.000   7.860 999.000 119.547 999.000   4.363 999.000
     104     PHE  59.298 999.000  38.171 999.000 177.495 999.000   8.765 999.000 117.927 999.000   4.131 999.000
     105     SER  61.771 999.000  62.660 999.000 176.334 999.000   8.645 999.000 115.862 999.000   4.446 999.000
     106     PHE  60.786 999.000  38.867 999.000 176.904 999.000   8.620 999.000 122.898 999.000   4.238 999.000
     107     GLY  47.644 999.000-999.000-999.000 176.212 999.000   8.308 999.000 106.488 999.000   3.774 999.000
     108     GLY  47.351 999.000-999.000-999.000 175.426 999.000   8.636 999.000 109.865 999.000   3.993 999.000
     109     ALA  54.835 999.000  18.304 999.000 179.045 999.000   8.143 999.000 124.493 999.000   4.100 999.000
     110     LEU  58.016 999.000  41.597 999.000 177.611 999.000   8.315 999.000 119.613 999.000   3.946 999.000
     111     CYS 999.000 999.000 999.000 999.000 999.000 999.000 999.000 999.000 999.000 999.000   4.047 999.000
     112     VAL  65.336 999.000  31.651 999.000 177.354 999.000   8.089 999.000 118.892 999.000   3.743 999.000
     113     GLU  58.106 999.000  29.402 999.000 177.454 999.000   8.008 999.000 118.823 999.000   4.157 999.000
     114     SER  58.852 999.000  63.731 999.000 175.212 999.000   7.800 999.000 113.532 999.000   4.515 999.000
     115     VAL  63.972 999.000  31.054 999.000 176.053 999.000   7.372 999.000 119.797 999.000   3.777 999.000
     116     ASP  54.483 999.000  40.210 999.000 176.731 999.000   8.007 999.000 119.469 999.000   4.572 999.000
     117     LYS  56.352 999.000  32.720 999.000 176.496 999.000   7.705 999.000 120.433 999.000   4.310 999.000
     118     GLU  55.652 999.000  29.487 999.000 176.472 999.000   8.541 999.000 120.764 999.000   4.401 999.000
     119     MET  57.756 999.000  31.412 999.000 177.646 999.000   8.485 999.000 120.916 999.000   4.080 999.000
     120     GLN  57.889 999.000  28.673 999.000 176.970 999.000   8.173 999.000 117.875 999.000   4.214 999.000
     121     VAL  62.268 999.000  33.696 999.000 176.885 999.000   7.827 999.000 113.856 999.000   4.356 999.000
     122     LEU  58.406 999.000  41.451 999.000 178.116 999.000   8.185 999.000 121.976 999.000   4.010 999.000
     123     VAL  66.223 999.000  31.271 999.000 178.155 999.000   7.971 999.000 117.498 999.000   3.546 999.000
     124     SER  61.647 999.000  62.950 999.000 176.441 999.000   7.808 999.000 115.980 999.000   4.354 999.000
     125     ARG  58.717 999.000  30.077 999.000 178.481 999.000   7.873 999.000 122.330 999.000   4.136 999.000
     126     ILE  65.114 999.000  37.656 999.000 177.378 999.000   8.749 999.000 120.756 999.000   3.961 999.000
     127     ALA  55.486 999.000  18.094 999.000 179.251 999.000   8.424 999.000 121.109 999.000   3.983 999.000
     128     ALA  55.252 999.000  18.146 999.000 179.086 999.000   7.820 999.000 120.955 999.000   4.005 999.000
     129     TRP  60.816 999.000  29.681 999.000 178.568 999.000   8.252 999.000 119.196 999.000   4.072 999.000
     130     MET  59.810 999.000  32.769 999.000 177.688 999.000   8.923 999.000 118.285 999.000   4.178 999.000
     131     ALA  55.294 999.000  18.292 999.000 178.461 999.000   8.417 999.000 121.495 999.000   4.159 999.000
     132     THR  66.737 999.000  67.951 999.000 176.004 999.000   8.005 999.000 116.060 999.000   3.924 999.000
     133     TYR  59.992 999.000  37.856 999.000 177.896 999.000   8.466 999.000 120.844 999.000   4.546 999.000
     134     LEU  58.551 999.000  41.637 999.000 177.544 999.000   8.829 999.000 120.300 999.000   4.004 999.000
     135     ASN  56.398 999.000  39.104 999.000 177.213 999.000   8.222 999.000 116.794 999.000   4.388 999.000
     136     ASP  56.018 999.000  40.868 999.000 176.946 999.000   8.095 999.000 118.212 999.000   4.489 999.000
     137     HIS  57.117 999.000  31.617 999.000 175.679 999.000   7.934 999.000 114.140 999.000   4.546 999.000
     138     LEU  56.312 999.000  43.143 999.000 177.392 999.000   8.213 999.000 117.856 999.000   4.490 999.000
     139     GLU  61.626 999.000  27.958 999.000 176.206 999.000   8.739 999.000 119.343 999.000   4.076 999.000
     140     PRO  65.460 999.000  31.385 999.000 178.229 999.000-999.000-999.000 999.000 999.000   4.195 999.000
     141     TRP  59.403 999.000  29.821 999.000 178.290 999.000   7.241 999.000 117.219 999.000   4.483 999.000
     142     ILE  64.895 999.000  37.493 999.000 177.478 999.000   8.154 999.000 119.796 999.000   3.816 999.000
     143     GLN  59.041 999.000  27.750 999.000 178.572 999.000   8.569 999.000 118.892 999.000   4.115 999.000
     144     GLU  58.354 999.000  29.579 999.000 177.821 999.000   7.707 999.000 118.805 999.000   4.078 999.000
     145     ASN  54.294 999.000  39.549 999.000 175.540 999.000   7.838 999.000 114.896 999.000   4.509 999.000
     146     GLY  45.520 999.000-999.000-999.000 174.380 999.000   7.745 999.000 106.873 999.000   4.113 999.000
     147     GLY  45.634 999.000-999.000-999.000 173.696 999.000   8.446 999.000 108.095 999.000   4.051 999.000
     148     TRP  60.713 999.000  29.454 999.000 177.825 999.000   8.897 999.000 124.200 999.000   4.604 999.000
     149     ASP  57.319 999.000  39.624 999.000 177.970 999.000   8.289 999.000 119.053 999.000   4.340 999.000
     150     THR  65.217 999.000  68.211 999.000 176.498 999.000   7.603 999.000 113.321 999.000   3.964 999.000
     151     PHE  60.153 999.000  38.862 999.000 177.800 999.000   7.703 999.000 120.042 999.000   4.313 999.000
     152     VAL  66.131 999.000  31.286 999.000 177.963 999.000   7.512 999.000 119.489 999.000   3.551 999.000
     153     GLU  59.267 999.000  29.198 999.000 178.650 999.000   8.000 999.000 119.777 999.000   3.895 999.000
     154     LEU  57.382 999.000  41.611 999.000 178.516 999.000   7.339 999.000 119.534 999.000   3.974 999.000
     155     TYR  59.705 999.000  38.542 999.000 177.575 999.000   7.817 999.000 117.894 999.000   4.373 999.000
     156     GLY  45.242 999.000-999.000-999.000 174.483 999.000   8.030 999.000 106.153 999.000   3.856 999.000
     157     ASN  53.540 999.000  38.147 999.000 175.551 999.000   7.938 999.000 117.635 999.000   4.444 999.000
     158     ASN  55.643 999.000  38.710 999.000 176.522 999.000   7.909 999.000 119.381 999.000   4.395 999.000
     159     ALA  54.730 999.000  18.378 999.000 179.174 999.000   8.215 999.000 121.771 999.000   4.144 999.000
     160     ALA  54.264 999.000  18.117 999.000 179.722 999.000   7.672 999.000 120.585 999.000   4.231 999.000
     161     ALA  54.594 999.000  18.109 999.000 179.974 999.000   7.589 999.000 120.567 999.000   4.202 999.000
     162     GLU  58.941 999.000  29.125 999.000 179.252 999.000   8.104 999.000 118.143 999.000   4.136 999.000
     163     SER  61.250 999.000  63.066 999.000 176.787 999.000   8.048 999.000 115.441 999.000   4.267 999.000
     164     ARG  58.323 999.000  29.597 999.000 178.619 999.000   7.855 999.000 121.947 999.000   4.154 999.000
     165     LYS  58.038 999.000  31.824 999.000 178.808 999.000   7.955 999.000 118.929 999.000   4.197 999.000
     166     GLY  45.980 999.000-999.000-999.000 175.372 999.000   7.896 999.000 107.394 999.000   3.938 999.000
     167     GLN  56.920 999.000  28.978 999.000 176.893 999.000   7.751 999.000 120.398 999.000   4.257 999.000
     168     GLU  57.159 999.000  29.884 999.000 176.919 999.000   7.735 999.000 118.758 999.000   4.301 999.000
     169     ARG 999.000 999.000 999.000 999.000 999.000 999.000 999.000 999.000 999.000 999.000 999.000 999.000
     630     GLU 999.000 999.000 999.000 999.000 999.000 999.000-999.000-999.000 999.000 999.000 999.000 999.000
     631     GLU 999.000 999.000 999.000 999.000 999.000 999.000 999.000 999.000 999.000 999.000 999.000 999.000
     632     GLN  54.840 999.000  28.109 999.000 176.380 999.000   7.797 999.000 119.901 999.000   4.269 999.000
     633     TRP  58.760 999.000  29.776 999.000 177.702 999.000   7.669 999.000 120.704 999.000   4.372 999.000
     634     ALA  54.785 999.000  18.140 999.000 178.950 999.000   8.399 999.000 121.440 999.000   4.138 999.000
     635     ARG  59.199 999.000  29.705 999.000 178.405 999.000   7.927 999.000 117.931 999.000   3.985 999.000
     636     GLU  58.912 999.000  29.309 999.000 178.999 999.000   7.622 999.000 119.165 999.000   4.156 999.000
     637     ILE  63.625 999.000  36.572 999.000 178.105 999.000   7.963 999.000 119.473 999.000   3.797 999.000
     638     GLY  47.639 999.000-999.000-999.000 176.022 999.000   8.455 999.000 107.869 999.000   3.782 999.000
     639     ALA  54.987 999.000  18.088 999.000 179.059 999.000   8.144 999.000 124.352 999.000   4.056 999.000
     640     GLN  58.827 999.000  28.482 999.000 178.427 999.000   7.862 999.000 118.187 999.000   3.773 999.000
     641     LEU  58.199 999.000  41.330 999.000 178.439 999.000   8.626 999.000 121.288 999.000   4.059 999.000
     642     ARG  59.538 999.000  29.819 999.000 178.708 999.000   8.446 999.000 119.038 999.000   3.894 999.000
     643     ARG  58.319 999.000  29.914 999.000 178.177 999.000   7.803 999.000 118.549 999.000   4.150 999.000
     644     MET  58.195 999.000  32.802 999.000 176.991 999.000   8.416 999.000 119.541 999.000   4.295 999.000
     645     ALA  52.578 999.000  18.763 999.000 176.538 999.000   7.916 999.000 119.012 999.000   4.316 999.000
     646     ASP  53.997 999.000  41.260 999.000 175.666 999.000   7.391 999.000 118.125 999.000   4.496 999.000
     647     ASP  54.276 999.000  41.330 999.000 176.762 999.000   8.387 999.000 124.012 999.000   4.531 999.000
     648     LEU  56.963 999.000  41.775 999.000 177.859 999.000   7.510 999.000 120.312 999.000   3.999 999.000
     649     ASN  54.104 999.000  38.059 999.000 175.856 999.000   8.015 999.000 115.741 999.000   4.486 999.000
     650     ALA  52.612 999.000  18.772 999.000 177.627 999.000   7.587 999.000 122.341 999.000   4.317 999.000
     651     GLN  56.702 999.000  29.097 999.000 175.736 999.000   7.586 999.000 118.658 999.000   4.041 999.000
     652     TYR  59.107 999.000  36.926 999.000 175.064 999.000   8.350 999.000 117.018 999.000   4.259 999.000
     653     GLU  57.490 999.000  30.333 999.000 176.651 999.000   7.937 999.000 119.494 999.000   4.292 999.000
     654     ARG 999.000 999.000 999.000 999.000 999.000 999.000 999.000 999.000 999.000 999.000 999.000 999.000
