   index residue  pre_ca  exp_ca  pre_cb  exp_cb   pre_c   exp_c   pre_h   exp_h   pre_n   exp_n  pre_ha  exp_ha
       1     MET 999.000 999.000 999.000 999.000 999.000 999.000-999.000-999.000 999.000 999.000 999.000 999.000
       2     SER 999.000 999.000 999.000 999.000 999.000 999.000 999.000 999.000 999.000 999.000 999.000 999.000
       3     GLN  57.478 999.000  28.133 999.000 177.533 999.000   8.818 999.000 122.194 999.000   4.268 999.000
       4     SER  61.240 999.000  62.866 999.000 175.928 999.000   8.756 999.000 114.751 999.000   4.164 999.000
       5     ASN  55.252 999.000  38.535 999.000 176.567 999.000   8.046 999.000 119.823 999.000   4.696 999.000
       6     ARG  59.457 999.000  29.824 999.000 177.936 999.000   7.917 999.000 121.445 999.000   4.121 999.000
       7     GLU  59.144 999.000  29.122 999.000 178.926 999.000   8.151 999.000 118.787 999.000   3.984 999.000
       8     LEU  57.668 999.000  41.604 999.000 178.614 999.000   7.388 999.000 119.429 999.000   4.002 999.000
       9     VAL  66.477 999.000  31.402 999.000 177.573 999.000   7.688 999.000 119.372 999.000   3.658 999.000
      10     VAL  67.092 999.000  31.241 999.000 176.408 999.000   8.472 999.000 119.275 999.000   3.102 999.000
      11     ASP  57.623 999.000  41.110 999.000 177.614 999.000   7.655 999.000 120.042 999.000   4.219 999.000
      12     PHE  61.419 999.000  39.599 999.000 176.994 999.000   7.676 999.000 120.579 999.000   4.175 999.000
      13     LEU  58.135 999.000  41.069 999.000 178.554 999.000   8.549 999.000 118.135 999.000   3.915 999.000
      14     SER  62.111 999.000  62.577 999.000 176.451 999.000   8.102 999.000 115.056 999.000   4.113 999.000
      15     TYR  61.099 999.000  37.862 999.000 176.979 999.000   7.960 999.000 123.919 999.000   4.253 999.000
      16     LYS  58.594 999.000  31.383 999.000 178.953 999.000   7.871 999.000 118.246 999.000   3.686 999.000
      17     LEU  57.622 999.000  41.675 999.000 178.831 999.000   8.415 999.000 118.933 999.000   4.221 999.000
      18     SER  61.555 999.000  62.938 999.000 177.077 999.000   8.440 999.000 115.857 999.000   4.232 999.000
      19     GLN  57.925 999.000  28.476 999.000 177.208 999.000   7.979 999.000 119.957 999.000   4.058 999.000
      20     LYS  55.664 999.000  32.391 999.000 176.559 999.000   7.329 999.000 116.779 999.000   4.266 999.000
      21     GLY  45.425 999.000-999.000-999.000 174.034 999.000   7.579 999.000 107.662 999.000   3.829 999.000
      22     TYR  56.662 999.000  39.507 999.000 175.530 999.000   7.905 999.000 120.271 999.000   4.805 999.000
      23     SER  57.155 999.000  64.307 999.000 174.966 999.000   8.284 999.000 117.102 999.000   4.621 999.000
      24     TRP  59.581 999.000  29.897 999.000 177.544 999.000   9.114 999.000 126.680 999.000   4.581 999.000
      25     SER  61.217 999.000  62.450 999.000 176.141 999.000   8.426 999.000 114.698 999.000   4.075 999.000
      26     GLN  57.472 999.000  28.703 999.000 176.292 999.000   7.325 999.000 120.714 999.000   3.922 999.000
      27     PHE  57.575 999.000  40.314 999.000 176.087 999.000   7.247 999.000 115.956 999.000   4.372 999.000
      28     SER  57.605 999.000  64.842 999.000 174.127 999.000   7.097 999.000 114.510 999.000   4.248 999.000
      29     ASP  53.471 999.000  40.443 999.000 177.022 999.000   8.454 999.000 122.592 999.000   4.626 999.000
      30     VAL  64.227 999.000  31.695 999.000 177.353 999.000   8.145 999.000 120.623 999.000   3.864 999.000
      31     GLU  57.979 999.000  29.246 999.000 177.437 999.000   8.340 999.000 119.676 999.000   4.162 999.000
      32     GLU  57.071 999.000  30.297 999.000 177.095 999.000   7.787 999.000 117.629 999.000   4.234 999.000
      33     ASN  53.160 999.000  38.722 999.000 175.556 999.000   7.676 999.000 117.657 999.000   4.700 999.000
      34     ARG  56.135 999.000  30.664 999.000 176.597 999.000   8.296 999.000 121.341 999.000   4.390 999.000
      35     THR  62.092 999.000  69.789 999.000 174.815 999.000   8.009 999.000 113.526 999.000   4.335 999.000
      36     GLU  56.476 999.000  30.345 999.000 175.796 999.000   8.546 999.000 122.021 999.000   4.296 999.000
      37     ALA  50.822 999.000  18.376 999.000 175.562 999.000   8.150 999.000 123.226 999.000   4.507 999.000
      38     PRO  63.220 999.000  32.272 999.000 176.668 999.000-999.000-999.000 999.000 999.000   4.529 999.000
      39     GLU  56.160 999.000  30.553 999.000 176.775 999.000   8.449 999.000 119.384 999.000   4.287 999.000
      40     GLY  45.165 999.000-999.000-999.000 174.613 999.000   8.491 999.000 109.274 999.000   4.060 999.000
      41     THR  61.537 999.000  70.503 999.000 174.936 999.000   8.124 999.000 112.887 999.000   4.447 999.000
      42     GLU  57.660 999.000  29.486 999.000 177.027 999.000   8.877 999.000 122.121 999.000   4.251 999.000
      43     SER  59.542 999.000  63.491 999.000 175.485 999.000   8.344 999.000 114.489 999.000   4.317 999.000
      44     GLU  59.424 999.000  29.006 999.000 178.343 999.000   8.079 999.000 123.294 999.000   3.942 999.000
      45     ALA  54.841 999.000  18.329 999.000 179.633 999.000   8.015 999.000 120.364 999.000   4.185 999.000
      46     VAL  65.816 999.000  31.383 999.000 177.824 999.000   7.458 999.000 119.328 999.000   3.657 999.000
      47     LYS  60.151 999.000  32.019 999.000 178.903 999.000   8.194 999.000 119.681 999.000   3.741 999.000
      48     GLN  58.744 999.000  28.270 999.000 178.210 999.000   8.115 999.000 118.599 999.000   3.964 999.000
      49     ALA  55.086 999.000  18.170 999.000 179.532 999.000   7.835 999.000 122.409 999.000   4.071 999.000
      50     LEU  58.100 999.000  41.531 999.000 178.784 999.000   8.497 999.000 118.854 999.000   4.091 999.000
      51     ARG  59.707 999.000  29.733 999.000 178.431 999.000   7.989 999.000 118.933 999.000   3.907 999.000
      52     GLU  59.074 999.000  29.192 999.000 178.901 999.000   8.126 999.000 118.882 999.000   4.130 999.000
      53     ALA  54.847 999.000  18.206 999.000 179.436 999.000   8.468 999.000 121.656 999.000   4.206 999.000
      54     GLY  47.320 999.000-999.000-999.000 175.523 999.000   8.583 999.000 106.574 999.000   4.121 999.000
      55     ASP  56.814 999.000  40.400 999.000 178.019 999.000   8.338 999.000 121.958 999.000   4.607 999.000
      56     GLU  58.909 999.000  29.634 999.000 178.313 999.000   7.811 999.000 120.439 999.000   4.203 999.000
      57     PHE  61.852 999.000  38.984 999.000 177.913 999.000   8.713 999.000 119.651 999.000   4.254 999.000
      58     GLU  58.908 999.000  29.389 999.000 178.353 999.000   8.277 999.000 118.488 999.000   4.227 999.000
      59     LEU  56.948 999.000  42.455 999.000 177.952 999.000   7.523 999.000 120.019 999.000   4.244 999.000
      60     ARG  57.477 999.000  31.072 999.000 176.820 999.000   8.048 999.000 115.876 999.000   4.002 999.000
      61     TYR  56.373 999.000  37.955 999.000 175.638 999.000   7.964 999.000 117.860 999.000   4.764 999.000
      62     ARG  58.671 999.000  30.096 999.000 177.259 999.000   7.984 999.000 120.866 999.000   3.854 999.000
      63     ARG  57.046 999.000  29.887 999.000 177.285 999.000   8.247 999.000 117.297 999.000   4.252 999.000
      64     ALA  54.271 999.000  18.538 999.000 178.049 999.000   7.767 999.000 121.041 999.000   4.137 999.000
      65     PHE  57.927 999.000  39.678 999.000 176.470 999.000   7.542 999.000 113.239 999.000   4.750 999.000
      66     SER  61.319 999.000  62.540 999.000 176.273 999.000   8.046 999.000 116.685 999.000   4.204 999.000
      67     ASP  56.190 999.000  39.955 999.000 178.194 999.000   7.855 999.000 122.028 999.000   4.498 999.000
      68     LEU  57.540 999.000  41.664 999.000 178.704 999.000   7.515 999.000 120.016 999.000   4.026 999.000
      69     THR  65.189 999.000  68.647 999.000 176.740 999.000   8.229 999.000 112.088 999.000   4.222 999.000
      70     SER  60.458 999.000  63.412 999.000 175.715 999.000   7.830 999.000 116.877 999.000   4.346 999.000
      71     GLN  57.227 999.000  28.916 999.000 177.035 999.000   7.566 999.000 120.952 999.000   4.235 999.000
      72     LEU  54.729 999.000  42.183 999.000 176.313 999.000   7.235 999.000 120.789 999.000   4.280 999.000
      73     HIS  55.849 999.000  29.891 999.000 175.349 999.000   8.593 999.000 125.345 999.000   4.633 999.000
      74     ILE  60.897 999.000  38.795 999.000 175.176 999.000   8.062 999.000 124.010 999.000   4.432 999.000
      75     THR  58.461 999.000  69.975 999.000 173.733 999.000   7.998 999.000 116.917 999.000   4.793 999.000
      76     PRO  64.674 999.000  31.643 999.000 177.525 999.000-999.000-999.000 999.000 999.000   4.417 999.000
      77     GLY  45.066 999.000-999.000-999.000 175.045 999.000   8.336 999.000 107.538 999.000   4.135 999.000
      78     THR  63.631 999.000  69.495 999.000 174.187 999.000   7.691 999.000 117.713 999.000   4.232 999.000
      79     ALA  50.879 999.000  21.097 999.000 176.805 999.000   8.616 999.000 128.806 999.000   4.689 999.000
      80     TYR  61.070 999.000  38.041 999.000 177.290 999.000   8.875 999.000 120.764 999.000   3.101 999.000
      81     GLN  58.771 999.000  27.710 999.000 178.202 999.000   8.442 999.000 118.113 999.000   3.835 999.000
      82     SER  60.801 999.000  62.921 999.000 176.046 999.000   7.581 999.000 114.608 999.000   4.264 999.000
      83     PHE  60.905 999.000  39.348 999.000 176.621 999.000   7.147 999.000 123.603 999.000   4.176 999.000
      84     GLU  59.914 999.000  29.344 999.000 178.338 999.000   8.534 999.000 119.194 999.000   3.593 999.000
      85     GLN  58.546 999.000  28.289 999.000 178.393 999.000   7.573 999.000 117.360 999.000   3.971 999.000
      86     VAL  65.072 999.000  31.907 999.000 177.748 999.000   7.062 999.000 119.313 999.000   3.691 999.000
      87     VAL  65.712 999.000  31.153 999.000 177.745 999.000   7.720 999.000 119.135 999.000   3.296 999.000
      88     ASN  55.911 999.000  37.739 999.000 177.388 999.000   8.466 999.000 118.076 999.000   4.306 999.000
      89     GLU  58.391 999.000  29.620 999.000 178.047 999.000   7.316 999.000 119.643 999.000   4.064 999.000
      90     LEU  57.121 999.000  41.984 999.000 177.293 999.000   7.368 999.000 119.668 999.000   3.912 999.000
      91     PHE  58.547 999.000  38.755 999.000 176.150 999.000   7.672 999.000 114.641 999.000   4.474 999.000
      92     ARG  58.642 999.000  29.803 999.000 176.792 999.000   7.528 999.000 120.333 999.000   3.958 999.000
      93     ASP  53.830 999.000  40.739 999.000 176.283 999.000   8.118 999.000 116.840 999.000   4.627 999.000
      94     GLY  44.640 999.000-999.000-999.000 173.345 999.000   7.555 999.000 107.898 999.000   4.083 999.000
      95     VAL  62.207 999.000  32.426 999.000 175.277 999.000   8.005 999.000 119.743 999.000   3.880 999.000
      96     ASN  51.995 999.000  41.144 999.000 174.579 999.000   7.698 999.000 122.232 999.000   4.296 999.000
      97     TRP  60.104 999.000  30.403 999.000 178.157 999.000   8.911 999.000 120.639 999.000   4.540 999.000
      98     GLY  47.118 999.000-999.000-999.000 175.976 999.000   8.896 999.000 106.964 999.000   4.152 999.000
      99     ARG  58.740 999.000  29.787 999.000 178.294 999.000   8.053 999.000 121.493 999.000   4.157 999.000
     100     ILE  65.363 999.000  37.699 999.000 177.587 999.000   8.011 999.000 120.721 999.000   4.046 999.000
     101     VAL  66.947 999.000  31.290 999.000 176.751 999.000   8.347 999.000 119.478 999.000   3.440 999.000
     102     ALA  55.526 999.000  18.048 999.000 178.710 999.000   8.238 999.000 122.685 999.000   3.889 999.000
     103     PHE  60.739 999.000  38.478 999.000 176.919 999.000   8.296 999.000 119.638 999.000   4.229 999.000
     104     PHE  62.682 999.000  38.775 999.000 177.644 999.000   8.675 999.000 118.496 999.000   3.596 999.000
     105     SER  61.954 999.000  62.645 999.000 176.449 999.000   8.366 999.000 115.349 999.000   4.160 999.000
     106     PHE  60.162 999.000  38.372 999.000 176.818 999.000   8.755 999.000 123.644 999.000   4.249 999.000
     107     GLY  47.549 999.000-999.000-999.000 176.220 999.000   8.206 999.000 106.654 999.000   3.617 999.000
     108     GLY  47.332 999.000-999.000-999.000 175.497 999.000   8.446 999.000 109.680 999.000   3.933 999.000
     109     ALA  54.876 999.000  18.333 999.000 178.969 999.000   8.180 999.000 124.574 999.000   4.155 999.000
     110     LEU  58.020 999.000  41.638 999.000 177.604 999.000   8.542 999.000 119.736 999.000   4.105 999.000
     111     CYS 999.000 999.000 999.000 999.000 999.000 999.000 999.000 999.000 999.000 999.000   3.931 999.000
     112     VAL  66.422 999.000  31.276 999.000 177.542 999.000   8.057 999.000 120.166 999.000   3.486 999.000
     113     GLU  59.500 999.000  29.072 999.000 178.468 999.000   8.374 999.000 120.448 999.000   4.011 999.000
     114     SER  62.095 999.000  63.029 999.000 176.312 999.000   8.158 999.000 115.644 999.000   4.103 999.000
     115     VAL  65.253 999.000  31.243 999.000 177.620 999.000   7.599 999.000 120.821 999.000   3.598 999.000
     116     ASP  56.375 999.000  41.168 999.000 177.695 999.000   7.900 999.000 119.971 999.000   4.436 999.000
     117     LYS  56.496 999.000  32.155 999.000 176.023 999.000   7.833 999.000 116.601 999.000   4.215 999.000
     118     GLU  57.416 999.000  27.207 999.000 175.575 999.000   7.919 999.000 115.561 999.000   4.015 999.000
     119     MET  54.745 999.000  31.962 999.000 176.122 999.000   8.426 999.000 118.924 999.000   4.732 999.000
     120     GLN  58.792 999.000  27.888 999.000 177.613 999.000   7.963 999.000 119.790 999.000   3.882 999.000
     121     VAL  64.124 999.000  31.540 999.000 177.280 999.000   7.651 999.000 118.112 999.000   3.860 999.000
     122     LEU  56.929 999.000  41.318 999.000 178.155 999.000   7.800 999.000 119.850 999.000   3.940 999.000
     123     VAL  66.648 999.000  31.266 999.000 177.779 999.000   7.445 999.000 118.779 999.000   3.273 999.000
     124     SER  61.438 999.000  62.778 999.000 176.344 999.000   8.290 999.000 114.507 999.000   4.121 999.000
     125     ARG  58.520 999.000  30.009 999.000 178.105 999.000   6.828 999.000 122.566 999.000   3.772 999.000
     126     ILE  65.662 999.000  37.777 999.000 177.404 999.000   8.244 999.000 120.891 999.000   2.939 999.000
     127     ALA  55.480 999.000  18.121 999.000 179.182 999.000   7.862 999.000 120.611 999.000   3.911 999.000
     128     ALA  54.955 999.000  18.452 999.000 178.787 999.000   7.236 999.000 121.274 999.000   4.167 999.000
     129     TRP  58.626 999.000  28.554 999.000 178.823 999.000   8.730 999.000 119.937 999.000   4.358 999.000
     130     MET  59.793 999.000  32.782 999.000 177.767 999.000   8.750 999.000 117.306 999.000   4.520 999.000
     131     ALA  55.149 999.000  18.274 999.000 178.643 999.000   8.010 999.000 121.545 999.000   4.196 999.000
     132     THR  66.784 999.000  67.963 999.000 175.585 999.000   8.445 999.000 116.206 999.000   4.011 999.000
     133     TYR  62.219 999.000  38.801 999.000 176.871 999.000   8.730 999.000 123.018 999.000   4.199 999.000
     134     LEU  58.562 999.000  41.447 999.000 177.783 999.000   8.693 999.000 119.171 999.000   4.059 999.000
     135     ASN  56.215 999.000  38.944 999.000 177.184 999.000   8.089 999.000 116.550 999.000   4.381 999.000
     136     ASP  55.977 999.000  40.907 999.000 176.946 999.000   8.118 999.000 118.165 999.000   4.403 999.000
     137     HIS  57.302 999.000  31.855 999.000 175.870 999.000   7.785 999.000 114.099 999.000   4.407 999.000
     138     LEU  56.165 999.000  42.519 999.000 177.629 999.000   7.918 999.000 116.599 999.000   4.152 999.000
     139     GLU  61.694 999.000  28.139 999.000 176.135 999.000   8.788 999.000 119.705 999.000   4.017 999.000
     140     PRO  65.421 999.000  31.446 999.000 178.043 999.000-999.000-999.000 999.000 999.000   4.206 999.000
     141     TRP  60.531 999.000  29.491 999.000 177.773 999.000   7.127 999.000 118.566 999.000   4.178 999.000
     142     ILE  65.626 999.000  37.905 999.000 177.220 999.000   8.475 999.000 119.967 999.000   3.143 999.000
     143     GLN  58.996 999.000  28.072 999.000 178.579 999.000   8.353 999.000 118.054 999.000   3.975 999.000
     144     GLU  58.224 999.000  29.672 999.000 177.802 999.000   7.491 999.000 119.098 999.000   3.997 999.000
     145     ASN  54.477 999.000  39.664 999.000 175.618 999.000   7.674 999.000 115.291 999.000   4.279 999.000
     146     GLY  45.145 999.000-999.000-999.000 174.684 999.000   7.556 999.000 107.436 999.000   4.108 999.000
     147     GLY  44.279 999.000-999.000-999.000 173.646 999.000   8.299 999.000 107.570 999.000   4.139 999.000
     148     TRP  59.961 999.000  29.742 999.000 177.641 999.000   8.896 999.000 120.038 999.000   4.604 999.000
     149     ASP  56.903 999.000  39.731 999.000 178.209 999.000   8.435 999.000 119.627 999.000   4.426 999.000
     150     THR  64.602 999.000  68.601 999.000 176.054 999.000   7.624 999.000 113.587 999.000   4.112 999.000
     151     PHE  60.584 999.000  39.541 999.000 176.557 999.000   7.579 999.000 123.488 999.000   3.795 999.000
     152     VAL  65.178 999.000  31.208 999.000 177.713 999.000   7.855 999.000 116.729 999.000   3.720 999.000
     153     GLU  57.917 999.000  29.659 999.000 176.966 999.000   7.511 999.000 118.651 999.000   4.098 999.000
     154     LEU  56.066 999.000  43.593 999.000 176.804 999.000   7.105 999.000 118.055 999.000   4.080 999.000
     155     TYR  57.748 999.000  40.647 999.000 175.818 999.000   8.044 999.000 114.677 999.000   4.496 999.000
     156     GLY  44.652 999.000-999.000-999.000 174.198 999.000   8.004 999.000 106.355 999.000   4.077 999.000
     157     ASN  55.774 999.000  38.489 999.000 176.900 999.000   8.826 999.000 118.966 999.000   4.336 999.000
     158     ASN  55.200 999.000  38.143 999.000 176.671 999.000   8.430 999.000 116.980 999.000   4.525 999.000
     159     ALA  54.501 999.000  18.347 999.000 179.283 999.000   7.703 999.000 123.103 999.000   4.078 999.000
     160     ALA  54.403 999.000  18.012 999.000 179.607 999.000   7.971 999.000 120.292 999.000   4.106 999.000
     161     ALA  54.496 999.000  18.017 999.000 179.948 999.000   7.699 999.000 120.301 999.000   4.159 999.000
     162     GLU  58.708 999.000  29.181 999.000 178.976 999.000   7.823 999.000 117.709 999.000   4.136 999.000
     163     SER  60.796 999.000  63.165 999.000 176.445 999.000   7.912 999.000 115.035 999.000   4.289 999.000
     164     ARG  57.634 999.000  29.811 999.000 177.881 999.000   7.807 999.000 121.956 999.000   4.239 999.000
     165     LYS  57.487 999.000  32.203 999.000 178.331 999.000   7.782 999.000 118.878 999.000   4.221 999.000
     166     GLY  45.647 999.000-999.000-999.000 174.805 999.000   7.839 999.000 107.096 999.000   3.973 999.000
     167     GLN  56.768 999.000  29.124 999.000 176.792 999.000   7.828 999.000 119.681 999.000   4.280 999.000
     168     GLU  57.049 999.000  30.007 999.000 176.825 999.000   7.700 999.000 118.663 999.000   4.288 999.000
     169     ARG 999.000 999.000 999.000 999.000 999.000 999.000 999.000 999.000 999.000 999.000 999.000 999.000
