   index residue  pre_ca  exp_ca  pre_cb  exp_cb   pre_c   exp_c   pre_h   exp_h   pre_n   exp_n  pre_ha  exp_ha
       1     MET 999.000 999.000 999.000 999.000 999.000 999.000-999.000-999.000 999.000 999.000 999.000 999.000
       2     SER 999.000 999.000 999.000 999.000 999.000 999.000 999.000 999.000 999.000 999.000 999.000 999.000
       3     GLN  57.548 999.000  28.724 999.000 177.422 999.000   8.204 999.000 119.925 999.000   4.200 999.000
       4     SER  60.606 999.000  63.081 999.000 176.068 999.000   7.786 999.000 115.442 999.000   4.094 999.000
       5     ASN  55.705 999.000  38.223 999.000 176.679 999.000   8.155 999.000 120.690 999.000   4.507 999.000
       6     ARG  59.087 999.000  29.992 999.000 177.790 999.000   7.773 999.000 120.135 999.000   4.083 999.000
       7     GLU  58.993 999.000  29.210 999.000 178.835 999.000   7.716 999.000 118.858 999.000   4.007 999.000
       8     LEU  57.634 999.000  41.428 999.000 178.626 999.000   7.573 999.000 118.982 999.000   4.118 999.000
       9     VAL  66.160 999.000  31.295 999.000 177.608 999.000   7.310 999.000 119.150 999.000   2.957 999.000
      10     VAL  67.024 999.000  31.209 999.000 176.300 999.000   7.943 999.000 119.401 999.000   3.700 999.000
      11     ASP  57.582 999.000  41.274 999.000 177.435 999.000   7.853 999.000 120.048 999.000   4.393 999.000
      12     PHE  61.525 999.000  39.661 999.000 177.328 999.000   8.092 999.000 120.476 999.000   4.217 999.000
      13     LEU  58.305 999.000  41.167 999.000 178.615 999.000   8.700 999.000 118.557 999.000   4.099 999.000
      14     SER  62.338 999.000  62.562 999.000 176.495 999.000   8.520 999.000 115.114 999.000   4.357 999.000
      15     TYR  60.903 999.000  37.860 999.000 177.027 999.000   8.593 999.000 124.373 999.000   4.343 999.000
      16     LYS  58.529 999.000  31.391 999.000 179.141 999.000   8.131 999.000 118.374 999.000   3.795 999.000
      17     LEU  58.086 999.000  41.540 999.000 178.673 999.000   8.526 999.000 119.882 999.000   4.038 999.000
      18     SER  61.798 999.000  62.793 999.000 177.155 999.000   8.465 999.000 115.937 999.000   4.266 999.000
      19     GLN  57.834 999.000  28.542 999.000 177.518 999.000   8.028 999.000 120.486 999.000   4.043 999.000
      20     LYS  56.432 999.000  32.677 999.000 177.187 999.000   7.304 999.000 117.847 999.000   4.067 999.000
      21     GLY  45.536 999.000-999.000-999.000 174.041 999.000   7.516 999.000 107.678 999.000   3.985 999.000
      22     TYR  54.496 999.000  40.110 999.000 175.239 999.000   8.325 999.000 119.530 999.000   4.798 999.000
      23     SER  56.350 999.000  66.067 999.000 174.547 999.000   8.658 999.000 113.338 999.000   4.767 999.000
      24     TRP  59.775 999.000  29.710 999.000 176.448 999.000   8.473 999.000 120.955 999.000   4.229 999.000
      25     SER  58.684 999.000  64.456 999.000 173.754 999.000   7.957 999.000 111.040 999.000   4.403 999.000
      26     GLN  54.522 999.000  31.972 999.000 174.987 999.000   7.548 999.000 119.738 999.000   4.341 999.000
      27     PHE  58.142 999.000  37.863 999.000 175.631 999.000   8.342 999.000 120.641 999.000   4.049 999.000
      28     SER  57.097 999.000  64.996 999.000 174.230 999.000   7.405 999.000 113.642 999.000   4.761 999.000
      29     ASP  55.118 999.000  39.624 999.000 177.185 999.000   8.629 999.000 125.159 999.000   4.404 999.000
      30     VAL  63.549 999.000  31.852 999.000 176.668 999.000   7.830 999.000 117.607 999.000   3.972 999.000
      31     GLU  56.324 999.000  30.046 999.000 176.370 999.000   8.001 999.000 120.118 999.000   4.296 999.000
      32     GLU  56.830 999.000  30.262 999.000 176.635 999.000   8.013 999.000 119.675 999.000   4.243 999.000
      33     ASN  53.535 999.000  38.291 999.000 175.500 999.000   8.634 999.000 118.296 999.000   4.621 999.000
      34     ARG  55.926 999.000  30.628 999.000 176.363 999.000   8.008 999.000 120.066 999.000   4.328 999.000
      35     THR  61.616 999.000  70.084 999.000 174.981 999.000   8.211 999.000 115.245 999.000   4.351 999.000
      36     GLU  56.606 999.000  30.014 999.000 175.935 999.000   8.600 999.000 122.965 999.000   4.197 999.000
      37     ALA  50.920 999.000  18.212 999.000 175.638 999.000   8.275 999.000 125.017 999.000   4.411 999.000
      38     PRO  62.884 999.000  32.384 999.000 176.836 999.000-999.000-999.000 999.000 999.000   4.519 999.000
      39     GLU  56.772 999.000  30.015 999.000 176.942 999.000   8.563 999.000 121.610 999.000   4.196 999.000
      40     GLY  45.474 999.000-999.000-999.000 174.906 999.000   8.631 999.000 110.744 999.000   4.077 999.000
      41     THR  61.945 999.000  70.163 999.000 175.148 999.000   7.610 999.000 114.237 999.000   4.357 999.000
      42     GLU  58.888 999.000  29.360 999.000 177.545 999.000   9.033 999.000 123.397 999.000   4.064 999.000
      43     SER  60.689 999.000  63.223 999.000 175.823 999.000   8.412 999.000 114.085 999.000   4.397 999.000
      44     GLU  59.081 999.000  29.132 999.000 178.189 999.000   8.011 999.000 122.861 999.000   4.004 999.000
      45     ALA  55.000 999.000  18.338 999.000 179.427 999.000   7.618 999.000 120.700 999.000   3.869 999.000
      46     VAL  66.044 999.000  31.261 999.000 177.816 999.000   7.322 999.000 118.941 999.000   3.554 999.000
      47     LYS  60.250 999.000  31.992 999.000 178.808 999.000   8.078 999.000 119.625 999.000   3.893 999.000
      48     GLN  58.745 999.000  28.116 999.000 178.224 999.000   8.190 999.000 118.763 999.000   3.945 999.000
      49     ALA  54.975 999.000  18.144 999.000 179.612 999.000   7.825 999.000 122.154 999.000   4.093 999.000
      50     LEU  57.653 999.000  41.536 999.000 178.833 999.000   8.205 999.000 118.713 999.000   4.157 999.000
      51     ARG  59.581 999.000  29.684 999.000 178.636 999.000   8.018 999.000 119.452 999.000   3.923 999.000
      52     GLU  59.022 999.000  29.323 999.000 178.822 999.000   8.166 999.000 119.098 999.000   4.085 999.000
      53     ALA  54.643 999.000  18.207 999.000 179.635 999.000   8.122 999.000 121.706 999.000   4.181 999.000
      54     GLY  47.099 999.000-999.000-999.000 175.524 999.000   8.469 999.000 106.809 999.000   4.200 999.000
      55     ASP  56.406 999.000  40.479 999.000 177.755 999.000   8.201 999.000 121.745 999.000   4.569 999.000
      56     GLU  58.425 999.000  29.747 999.000 178.043 999.000   7.793 999.000 119.876 999.000   4.172 999.000
      57     PHE  60.828 999.000  39.355 999.000 176.853 999.000   8.318 999.000 119.316 999.000   4.245 999.000
      58     GLU  56.927 999.000  29.767 999.000 177.640 999.000   7.779 999.000 116.836 999.000   4.132 999.000
      59     LEU  55.824 999.000  41.516 999.000 176.755 999.000   7.618 999.000 121.866 999.000   4.108 999.000
      60     ARG  57.138 999.000  28.448 999.000 175.598 999.000   8.837 999.000 123.355 999.000   3.867 999.000
      61     TYR  58.553 999.000  35.650 999.000 175.443 999.000   7.641 999.000 115.456 999.000   4.153 999.000
      62     ARG  57.589 999.000  30.440 999.000 176.725 999.000   7.519 999.000 119.409 999.000   4.145 999.000
      63     ARG  56.438 999.000  30.898 999.000 176.047 999.000   7.860 999.000 116.179 999.000   4.186 999.000
      64     ALA  51.900 999.000  18.656 999.000 176.864 999.000   7.594 999.000 122.270 999.000   4.222 999.000
      65     PHE  56.823 999.000  39.763 999.000 176.713 999.000   8.316 999.000 119.831 999.000   4.675 999.000
      66     SER  61.381 999.000  62.667 999.000 175.835 999.000   9.097 999.000 119.335 999.000   4.177 999.000
      67     ASP  56.101 999.000  39.935 999.000 176.919 999.000   8.423 999.000 121.068 999.000   4.432 999.000
      68     LEU  55.220 999.000  42.957 999.000 177.135 999.000   7.552 999.000 117.287 999.000   4.549 999.000
      69     THR  62.599 999.000  70.321 999.000 175.169 999.000   7.661 999.000 109.294 999.000   4.394 999.000
      70     SER  59.566 999.000  64.064 999.000 174.673 999.000   8.467 999.000 115.387 999.000   4.527 999.000
      71     GLN  55.080 999.000  27.994 999.000 175.783 999.000   8.105 999.000 121.641 999.000   4.425 999.000
      72     LEU  55.075 999.000  41.691 999.000 176.704 999.000   7.809 999.000 121.765 999.000   4.257 999.000
      73     HIS  55.729 999.000  30.361 999.000 175.349 999.000   8.541 999.000 122.525 999.000   4.649 999.000
      74     ILE  60.736 999.000  38.182 999.000 176.191 999.000   8.273 999.000 123.377 999.000   4.255 999.000
      75     THR  60.362 999.000  68.895 999.000 173.998 999.000   8.239 999.000 121.456 999.000   4.066 999.000
      76     PRO  63.431 999.000  32.301 999.000 177.008 999.000-999.000-999.000 999.000 999.000   4.333 999.000
      77     GLY  44.831 999.000-999.000-999.000 174.262 999.000   8.200 999.000 108.118 999.000   4.064 999.000
      78     THR  62.401 999.000  69.844 999.000 175.037 999.000   8.070 999.000 112.299 999.000   4.131 999.000
      79     ALA  52.714 999.000  19.404 999.000 177.353 999.000   8.076 999.000 123.665 999.000   4.140 999.000
      80     TYR  58.459 999.000  38.276 999.000 176.839 999.000   8.065 999.000 115.169 999.000   4.324 999.000
      81     GLN  58.040 999.000  28.173 999.000 177.366 999.000   7.903 999.000 119.908 999.000   3.970 999.000
      82     SER  60.581 999.000  63.153 999.000 175.798 999.000   7.787 999.000 115.109 999.000   4.243 999.000
      83     PHE  60.376 999.000  38.303 999.000 177.415 999.000   7.823 999.000 123.274 999.000   4.313 999.000
      84     GLU  59.846 999.000  29.375 999.000 178.240 999.000   7.492 999.000 120.291 999.000   3.481 999.000
      85     GLN  57.580 999.000  28.064 999.000 177.497 999.000   7.563 999.000 116.210 999.000   3.973 999.000
      86     VAL  65.470 999.000  32.037 999.000 177.037 999.000   7.187 999.000 119.657 999.000   3.683 999.000
      87     VAL  62.811 999.000  31.977 999.000 176.905 999.000   7.451 999.000 113.836 999.000   3.756 999.000
      88     ASN  55.689 999.000  38.236 999.000 175.866 999.000   7.894 999.000 118.754 999.000   3.827 999.000
      89     GLU  56.557 999.000  30.976 999.000 176.821 999.000   7.650 999.000 115.961 999.000   4.298 999.000
      90     LEU  57.305 999.000  41.846 999.000 176.991 999.000   7.417 999.000 119.796 999.000   3.705 999.000
      91     PHE  57.709 999.000  39.224 999.000 176.234 999.000   7.499 999.000 113.103 999.000   4.520 999.000
      92     ARG  58.312 999.000  29.952 999.000 176.885 999.000   7.576 999.000 119.840 999.000   3.356 999.000
      93     ASP  54.069 999.000  40.959 999.000 176.143 999.000   7.670 999.000 116.068 999.000   4.505 999.000
      94     GLY  45.278 999.000-999.000-999.000 173.178 999.000   7.272 999.000 108.254 999.000   3.980 999.000
      95     VAL  60.977 999.000  30.122 999.000 175.672 999.000   7.924 999.000 116.680 999.000   4.333 999.000
      96     ASN  53.384 999.000  39.462 999.000 175.876 999.000   7.705 999.000 120.197 999.000   4.463 999.000
      97     TRP  59.633 999.000  28.946 999.000 177.181 999.000   8.517 999.000 123.991 999.000   4.257 999.000
      98     GLY  47.696 999.000-999.000-999.000 175.373 999.000   7.566 999.000 108.027 999.000   3.634 999.000
      99     ARG  59.159 999.000  30.059 999.000 178.054 999.000   7.840 999.000 120.576 999.000   4.052 999.000
     100     ILE  64.927 999.000  37.448 999.000 177.435 999.000   7.456 999.000 119.843 999.000   3.683 999.000
     101     VAL  66.881 999.000  31.158 999.000 176.794 999.000   8.458 999.000 118.853 999.000   3.097 999.000
     102     ALA  55.437 999.000  18.037 999.000 178.206 999.000   8.116 999.000 122.421 999.000   3.897 999.000
     103     PHE  60.524 999.000  39.081 999.000 176.876 999.000   7.910 999.000 119.308 999.000   4.428 999.000
     104     PHE  58.490 999.000  37.718 999.000 177.778 999.000   8.886 999.000 118.216 999.000   4.261 999.000
     105     SER  61.785 999.000  62.692 999.000 176.291 999.000   8.563 999.000 115.980 999.000   4.489 999.000
     106     PHE  60.498 999.000  38.848 999.000 176.836 999.000   8.612 999.000 122.985 999.000   4.370 999.000
     107     GLY  47.609 999.000-999.000-999.000 176.221 999.000   8.421 999.000 106.536 999.000   3.687 999.000
     108     GLY  47.295 999.000-999.000-999.000 175.457 999.000   8.638 999.000 109.835 999.000   3.972 999.000
     109     ALA  54.836 999.000  18.347 999.000 178.967 999.000   8.169 999.000 124.682 999.000   4.124 999.000
     110     LEU  58.071 999.000  41.566 999.000 178.296 999.000   8.297 999.000 119.323 999.000   3.937 999.000
     111     CYS 999.000 999.000 999.000 999.000 999.000 999.000 999.000 999.000 999.000 999.000   4.095 999.000
     112     VAL  64.964 999.000  31.982 999.000 177.194 999.000   8.040 999.000 119.138 999.000   3.859 999.000
     113     GLU  56.955 999.000  29.154 999.000 177.035 999.000   8.329 999.000 117.301 999.000   4.275 999.000
     114     SER  58.396 999.000  63.561 999.000 174.591 999.000   7.567 999.000 115.181 999.000   4.506 999.000
     115     VAL  63.375 999.000  32.342 999.000 175.682 999.000   8.129 999.000 119.771 999.000   3.969 999.000
     116     ASP  54.295 999.000  40.415 999.000 176.477 999.000   8.294 999.000 118.118 999.000   4.629 999.000
     117     LYS  55.875 999.000  33.131 999.000 176.269 999.000   7.594 999.000 120.777 999.000   4.359 999.000
     118     GLU  56.082 999.000  29.790 999.000 176.698 999.000   8.695 999.000 121.208 999.000   4.296 999.000
     119     MET  57.633 999.000  31.233 999.000 177.761 999.000   8.759 999.000 124.134 999.000   4.069 999.000
     120     GLN  57.861 999.000  28.442 999.000 176.856 999.000   8.228 999.000 117.772 999.000   4.156 999.000
     121     VAL  61.997 999.000  33.710 999.000 176.937 999.000   7.531 999.000 113.715 999.000   4.332 999.000
     122     LEU  58.584 999.000  41.623 999.000 177.860 999.000   7.996 999.000 122.016 999.000   3.937 999.000
     123     VAL  66.294 999.000  31.313 999.000 178.050 999.000   7.857 999.000 117.727 999.000   3.368 999.000
     124     SER  61.773 999.000  62.895 999.000 176.606 999.000   7.751 999.000 116.201 999.000   4.324 999.000
     125     ARG  58.973 999.000  29.984 999.000 178.493 999.000   7.969 999.000 122.437 999.000   4.009 999.000
     126     ILE  65.012 999.000  37.507 999.000 177.501 999.000   8.432 999.000 120.574 999.000   3.780 999.000
     127     ALA  55.483 999.000  18.107 999.000 179.247 999.000   8.565 999.000 121.169 999.000   3.970 999.000
     128     ALA  55.339 999.000  18.162 999.000 178.910 999.000   7.821 999.000 121.199 999.000   4.008 999.000
     129     TRP  60.352 999.000  29.748 999.000 178.697 999.000   8.301 999.000 119.297 999.000   4.241 999.000
     130     MET  59.805 999.000  32.785 999.000 177.603 999.000   8.868 999.000 117.928 999.000   4.357 999.000
     131     ALA  55.290 999.000  18.239 999.000 178.540 999.000   8.432 999.000 121.504 999.000   4.139 999.000
     132     THR  66.580 999.000  68.006 999.000 176.203 999.000   8.175 999.000 115.215 999.000   3.936 999.000
     133     TYR  59.475 999.000  38.113 999.000 177.770 999.000   8.273 999.000 120.091 999.000   4.667 999.000
     134     LEU  58.093 999.000  41.380 999.000 177.640 999.000   8.923 999.000 119.656 999.000   4.118 999.000
     135     ASN  56.308 999.000  38.979 999.000 176.958 999.000   8.139 999.000 116.378 999.000   4.441 999.000
     136     ASP  55.693 999.000  41.064 999.000 176.837 999.000   7.650 999.000 118.079 999.000   4.525 999.000
     137     HIS  56.379 999.000  31.471 999.000 174.882 999.000   8.075 999.000 113.741 999.000   4.741 999.000
     138     LEU  56.262 999.000  43.798 999.000 176.880 999.000   8.177 999.000 119.964 999.000   4.513 999.000
     139     GLU  61.687 999.000  27.920 999.000 176.284 999.000   8.619 999.000 118.469 999.000   4.015 999.000
     140     PRO  65.385 999.000  31.374 999.000 178.175 999.000-999.000-999.000 999.000 999.000   4.184 999.000
     141     TRP  58.344 999.000  30.054 999.000 178.416 999.000   7.109 999.000 116.717 999.000   4.634 999.000
     142     ILE  64.526 999.000  37.077 999.000 177.363 999.000   8.234 999.000 120.033 999.000   3.770 999.000
     143     GLN  59.052 999.000  27.755 999.000 178.734 999.000   8.386 999.000 119.041 999.000   4.109 999.000
     144     GLU  58.434 999.000  29.517 999.000 177.882 999.000   7.830 999.000 118.827 999.000   4.107 999.000
     145     ASN  54.508 999.000  39.813 999.000 175.608 999.000   7.858 999.000 115.196 999.000   4.533 999.000
     146     GLY  45.500 999.000-999.000-999.000 174.020 999.000   7.756 999.000 106.370 999.000   4.112 999.000
     147     GLY  44.998 999.000-999.000-999.000 173.584 999.000   8.326 999.000 107.866 999.000   4.113 999.000
     148     TRP  60.362 999.000  29.556 999.000 177.711 999.000   8.975 999.000 123.752 999.000   4.589 999.000
     149     ASP  57.261 999.000  39.734 999.000 177.821 999.000   8.280 999.000 119.300 999.000   4.257 999.000
     150     THR  65.474 999.000  68.329 999.000 176.229 999.000   7.675 999.000 114.743 999.000   3.912 999.000
     151     PHE  60.019 999.000  39.356 999.000 177.618 999.000   7.707 999.000 120.151 999.000   4.319 999.000
     152     VAL  65.825 999.000  31.197 999.000 177.726 999.000   7.586 999.000 118.710 999.000   3.488 999.000
     153     GLU  59.034 999.000  29.037 999.000 178.440 999.000   7.673 999.000 120.217 999.000   3.835 999.000
     154     LEU  57.166 999.000  41.715 999.000 177.759 999.000   7.219 999.000 119.374 999.000   3.809 999.000
     155     TYR  58.307 999.000  39.119 999.000 176.992 999.000   7.627 999.000 116.835 999.000   4.484 999.000
     156     GLY  45.195 999.000-999.000-999.000 174.400 999.000   7.929 999.000 106.469 999.000   3.844 999.000
     157     ASN  52.901 999.000  39.075 999.000 175.619 999.000   8.042 999.000 117.758 999.000   4.590 999.000
     158     ASN  54.959 999.000  38.632 999.000 176.386 999.000   8.345 999.000 120.619 999.000   4.424 999.000
     159     ALA  54.772 999.000  18.458 999.000 179.164 999.000   8.201 999.000 122.118 999.000   4.110 999.000
     160     ALA  54.047 999.000  18.130 999.000 179.621 999.000   7.571 999.000 120.356 999.000   4.220 999.000
     161     ALA  54.147 999.000  18.180 999.000 179.742 999.000   7.595 999.000 120.361 999.000   4.178 999.000
     162     GLU  58.663 999.000  29.216 999.000 178.894 999.000   7.964 999.000 117.848 999.000   4.119 999.000
     163     SER  60.881 999.000  63.185 999.000 176.147 999.000   7.811 999.000 114.792 999.000   4.270 999.000
     164     ARG  57.388 999.000  29.923 999.000 177.658 999.000   7.590 999.000 121.648 999.000   4.265 999.000
     165     LYS  56.980 999.000  32.368 999.000 177.873 999.000   7.674 999.000 119.172 999.000   4.248 999.000
     166     GLY  45.243 999.000-999.000-999.000 174.282 999.000   7.879 999.000 107.039 999.000   3.954 999.000
     167     GLN  56.170 999.000  29.381 999.000 176.239 999.000   8.002 999.000 119.337 999.000   4.302 999.000
     168     GLU  56.869 999.000  29.714 999.000 176.399 999.000   8.155 999.000 119.159 999.000   4.279 999.000
     169     ARG 999.000 999.000 999.000 999.000 999.000 999.000 999.000 999.000 999.000 999.000 999.000 999.000
     630     GLU 999.000 999.000 999.000 999.000 999.000 999.000-999.000-999.000 999.000 999.000 999.000 999.000
     631     GLU 999.000 999.000 999.000 999.000 999.000 999.000 999.000 999.000 999.000 999.000 999.000 999.000
     632     GLN  57.077 999.000  28.062 999.000 177.275 999.000   8.107 999.000 118.929 999.000   4.149 999.000
     633     TRP  60.037 999.000  29.017 999.000 177.795 999.000   7.900 999.000 121.109 999.000   4.294 999.000
     634     ALA  54.973 999.000  18.139 999.000 179.141 999.000   7.872 999.000 121.006 999.000   3.798 999.000
     635     ARG  59.331 999.000  29.731 999.000 178.527 999.000   8.012 999.000 118.108 999.000   3.955 999.000
     636     GLU  59.015 999.000  29.371 999.000 179.035 999.000   7.678 999.000 119.489 999.000   4.082 999.000
     637     ILE  63.962 999.000  36.800 999.000 178.024 999.000   7.879 999.000 119.574 999.000   3.613 999.000
     638     GLY  47.606 999.000-999.000-999.000 176.035 999.000   8.377 999.000 107.734 999.000   3.760 999.000
     639     ALA  54.883 999.000  18.168 999.000 178.955 999.000   8.016 999.000 124.290 999.000   4.042 999.000
     640     GLN  58.843 999.000  28.256 999.000 178.424 999.000   7.907 999.000 118.395 999.000   3.906 999.000
     641     LEU  58.177 999.000  41.325 999.000 178.686 999.000   8.579 999.000 120.510 999.000   3.962 999.000
     642     ARG  59.475 999.000  29.904 999.000 178.617 999.000   8.048 999.000 118.739 999.000   3.897 999.000
     643     ARG  58.251 999.000  29.917 999.000 178.210 999.000   7.800 999.000 118.755 999.000   4.150 999.000
     644     MET  58.213 999.000  32.888 999.000 176.858 999.000   8.306 999.000 119.047 999.000   3.997 999.000
     645     ALA  52.424 999.000  19.102 999.000 176.639 999.000   7.579 999.000 119.424 999.000   4.311 999.000
     646     ASP  53.901 999.000  41.496 999.000 175.965 999.000   7.457 999.000 117.654 999.000   4.487 999.000
     647     ASP  54.419 999.000  40.888 999.000 176.695 999.000   8.403 999.000 122.308 999.000   4.444 999.000
     648     LEU  56.042 999.000  41.948 999.000 177.192 999.000   7.736 999.000 119.900 999.000   4.079 999.000
     649     ASN  53.550 999.000  38.644 999.000 175.483 999.000   8.111 999.000 116.388 999.000   4.549 999.000
     650     ALA  52.462 999.000  19.351 999.000 177.297 999.000   7.790 999.000 121.676 999.000   4.252 999.000
     651     GLN  56.080 999.000  29.181 999.000 175.945 999.000   7.952 999.000 117.998 999.000   4.124 999.000
     652     TYR  58.403 999.000  38.521 999.000 175.433 999.000   8.309 999.000 118.582 999.000   4.479 999.000
     653     GLU  56.993 999.000  30.324 999.000 176.464 999.000   8.208 999.000 119.594 999.000   4.270 999.000
     654     ARG 999.000 999.000 999.000 999.000 999.000 999.000 999.000 999.000 999.000 999.000 999.000 999.000
