   index residue  pre_ca  exp_ca  pre_cb  exp_cb   pre_c   exp_c   pre_h   exp_h   pre_n   exp_n  pre_ha  exp_ha
       1     MET 999.000 999.000 999.000 999.000 999.000 999.000-999.000-999.000 999.000 999.000 999.000 999.000
       2     SER 999.000 999.000 999.000 999.000 999.000 999.000 999.000 999.000 999.000 999.000 999.000 999.000
       3     GLN  57.635 999.000  28.108 999.000 177.600 999.000   8.855 999.000 122.578 999.000   4.250 999.000
       4     SER  61.225 999.000  62.859 999.000 175.936 999.000   8.744 999.000 114.687 999.000   4.167 999.000
       5     ASN  55.227 999.000  38.554 999.000 176.568 999.000   8.022 999.000 119.823 999.000   4.696 999.000
       6     ARG  59.440 999.000  29.845 999.000 177.922 999.000   7.938 999.000 121.422 999.000   4.119 999.000
       7     GLU  59.155 999.000  29.123 999.000 178.899 999.000   8.169 999.000 118.819 999.000   3.981 999.000
       8     LEU  57.646 999.000  41.589 999.000 178.617 999.000   7.366 999.000 119.345 999.000   3.995 999.000
       9     VAL  66.486 999.000  31.401 999.000 177.568 999.000   7.669 999.000 119.418 999.000   3.652 999.000
      10     VAL  67.076 999.000  31.228 999.000 176.423 999.000   8.489 999.000 119.229 999.000   3.101 999.000
      11     ASP  57.596 999.000  41.117 999.000 177.596 999.000   7.648 999.000 120.057 999.000   4.216 999.000
      12     PHE  61.405 999.000  39.608 999.000 177.004 999.000   7.695 999.000 120.528 999.000   4.165 999.000
      13     LEU  58.173 999.000  41.068 999.000 178.537 999.000   8.543 999.000 118.191 999.000   3.928 999.000
      14     SER  62.076 999.000  62.586 999.000 176.461 999.000   8.100 999.000 115.017 999.000   4.123 999.000
      15     TYR  61.113 999.000  37.901 999.000 176.968 999.000   7.958 999.000 124.028 999.000   4.254 999.000
      16     LYS  58.596 999.000  31.381 999.000 178.959 999.000   7.903 999.000 118.247 999.000   3.696 999.000
      17     LEU  57.625 999.000  41.674 999.000 178.835 999.000   8.413 999.000 118.925 999.000   4.222 999.000
      18     SER  61.556 999.000  62.937 999.000 177.086 999.000   8.447 999.000 115.861 999.000   4.231 999.000
      19     GLN  57.919 999.000  28.490 999.000 177.186 999.000   7.978 999.000 119.915 999.000   4.055 999.000
      20     LYS  55.644 999.000  32.414 999.000 176.547 999.000   7.330 999.000 116.818 999.000   4.264 999.000
      21     GLY  45.427 999.000-999.000-999.000 174.048 999.000   7.583 999.000 107.691 999.000   3.829 999.000
      22     TYR  56.654 999.000  39.502 999.000 175.543 999.000   7.889 999.000 120.304 999.000   4.808 999.000
      23     SER  57.138 999.000  64.333 999.000 174.960 999.000   8.268 999.000 117.006 999.000   4.624 999.000
      24     TRP  59.586 999.000  29.902 999.000 177.552 999.000   9.115 999.000 126.677 999.000   4.581 999.000
      25     SER  61.216 999.000  62.446 999.000 176.143 999.000   8.431 999.000 114.692 999.000   4.072 999.000
      26     GLN  57.483 999.000  28.705 999.000 176.296 999.000   7.327 999.000 120.750 999.000   3.922 999.000
      27     PHE  57.571 999.000  40.280 999.000 176.092 999.000   7.253 999.000 115.989 999.000   4.375 999.000
      28     SER  57.595 999.000  64.832 999.000 174.120 999.000   7.092 999.000 114.570 999.000   4.250 999.000
      29     ASP  53.468 999.000  40.570 999.000 177.015 999.000   8.422 999.000 122.428 999.000   4.628 999.000
      30     VAL  64.287 999.000  31.713 999.000 177.377 999.000   8.206 999.000 120.908 999.000   3.858 999.000
      31     GLU  58.010 999.000  29.206 999.000 177.529 999.000   8.360 999.000 119.642 999.000   4.160 999.000
      32     GLU  57.194 999.000  30.197 999.000 177.258 999.000   7.820 999.000 117.883 999.000   4.222 999.000
      33     ASN  53.314 999.000  38.717 999.000 175.702 999.000   7.701 999.000 117.519 999.000   4.701 999.000
      34     ARG  56.286 999.000  30.610 999.000 176.661 999.000   8.170 999.000 120.238 999.000   4.382 999.000
      35     THR  62.059 999.000  69.815 999.000 174.820 999.000   7.930 999.000 113.317 999.000   4.343 999.000
      36     GLU  56.451 999.000  30.342 999.000 175.796 999.000   8.529 999.000 122.177 999.000   4.297 999.000
      37     ALA  50.843 999.000  18.330 999.000 175.591 999.000   8.188 999.000 123.513 999.000   4.499 999.000
      38     PRO  63.166 999.000  32.276 999.000 176.665 999.000-999.000-999.000 999.000 999.000   4.529 999.000
      39     GLU  56.232 999.000  30.456 999.000 176.778 999.000   8.483 999.000 119.710 999.000   4.274 999.000
      40     GLY  45.137 999.000-999.000-999.000 174.570 999.000   8.468 999.000 109.156 999.000   4.069 999.000
      41     THR  61.686 999.000  70.383 999.000 175.040 999.000   8.171 999.000 112.730 999.000   4.427 999.000
      42     GLU  57.756 999.000  29.435 999.000 177.111 999.000   8.837 999.000 121.676 999.000   4.240 999.000
      43     SER  59.686 999.000  63.456 999.000 175.551 999.000   8.321 999.000 114.470 999.000   4.302 999.000
      44     GLU  59.406 999.000  28.997 999.000 178.371 999.000   8.049 999.000 123.236 999.000   3.945 999.000
      45     ALA  54.850 999.000  18.317 999.000 179.643 999.000   7.989 999.000 120.363 999.000   4.178 999.000
      46     VAL  65.803 999.000  31.387 999.000 177.821 999.000   7.432 999.000 119.286 999.000   3.656 999.000
      47     LYS  60.154 999.000  32.025 999.000 178.905 999.000   8.185 999.000 119.684 999.000   3.736 999.000
      48     GLN  58.742 999.000  28.243 999.000 178.216 999.000   8.116 999.000 118.586 999.000   3.959 999.000
      49     ALA  55.089 999.000  18.167 999.000 179.530 999.000   7.817 999.000 122.403 999.000   4.050 999.000
      50     LEU  58.092 999.000  41.525 999.000 178.783 999.000   8.489 999.000 118.868 999.000   4.088 999.000
      51     ARG  59.739 999.000  29.745 999.000 178.417 999.000   7.998 999.000 118.946 999.000   3.909 999.000
      52     GLU  59.076 999.000  29.195 999.000 178.906 999.000   8.114 999.000 118.892 999.000   4.128 999.000
      53     ALA  54.854 999.000  18.204 999.000 179.433 999.000   8.464 999.000 121.644 999.000   4.206 999.000
      54     GLY  47.317 999.000-999.000-999.000 175.548 999.000   8.595 999.000 106.551 999.000   4.126 999.000
      55     ASP  56.849 999.000  40.374 999.000 178.029 999.000   8.355 999.000 121.940 999.000   4.615 999.000
      56     GLU  58.911 999.000  29.638 999.000 178.312 999.000   7.816 999.000 120.613 999.000   4.207 999.000
      57     PHE  61.857 999.000  39.000 999.000 177.924 999.000   8.724 999.000 119.577 999.000   4.260 999.000
      58     GLU  58.914 999.000  29.416 999.000 178.337 999.000   8.287 999.000 118.595 999.000   4.242 999.000
      59     LEU  56.944 999.000  42.476 999.000 177.920 999.000   7.525 999.000 120.025 999.000   4.248 999.000
      60     ARG  57.416 999.000  31.159 999.000 176.764 999.000   8.078 999.000 115.707 999.000   4.004 999.000
      61     TYR  56.371 999.000  38.012 999.000 175.639 999.000   7.964 999.000 117.692 999.000   4.772 999.000
      62     ARG  58.767 999.000  30.052 999.000 177.370 999.000   7.964 999.000 120.906 999.000   3.820 999.000
      63     ARG  57.260 999.000  29.740 999.000 177.466 999.000   8.261 999.000 117.453 999.000   4.219 999.000
      64     ALA  54.231 999.000  18.531 999.000 178.034 999.000   7.719 999.000 121.021 999.000   4.160 999.000
      65     PHE  57.828 999.000  39.727 999.000 176.442 999.000   7.520 999.000 113.108 999.000   4.770 999.000
      66     SER  61.296 999.000  62.538 999.000 176.260 999.000   8.105 999.000 116.801 999.000   4.203 999.000
      67     ASP  56.180 999.000  39.933 999.000 178.169 999.000   7.864 999.000 122.046 999.000   4.497 999.000
      68     LEU  57.492 999.000  41.639 999.000 178.708 999.000   7.524 999.000 119.975 999.000   4.015 999.000
      69     THR  65.271 999.000  68.639 999.000 176.757 999.000   8.236 999.000 112.417 999.000   4.232 999.000
      70     SER  60.459 999.000  63.413 999.000 175.713 999.000   7.827 999.000 116.813 999.000   4.345 999.000
      71     GLN  57.246 999.000  28.931 999.000 177.053 999.000   7.560 999.000 120.974 999.000   4.226 999.000
      72     LEU  54.738 999.000  42.165 999.000 176.290 999.000   7.239 999.000 120.792 999.000   4.279 999.000
      73     HIS  55.824 999.000  29.885 999.000 175.371 999.000   8.594 999.000 125.418 999.000   4.633 999.000
      74     ILE  60.900 999.000  38.835 999.000 175.168 999.000   8.056 999.000 123.729 999.000   4.441 999.000
      75     THR  58.466 999.000  69.984 999.000 173.746 999.000   8.004 999.000 116.800 999.000   4.793 999.000
      76     PRO  64.684 999.000  31.637 999.000 177.505 999.000-999.000-999.000 999.000 999.000   4.413 999.000
      77     GLY  45.076 999.000-999.000-999.000 175.045 999.000   8.325 999.000 107.573 999.000   4.137 999.000
      78     THR  63.624 999.000  69.491 999.000 174.192 999.000   7.701 999.000 117.709 999.000   4.233 999.000
      79     ALA  50.876 999.000  21.087 999.000 176.813 999.000   8.626 999.000 128.807 999.000   4.696 999.000
      80     TYR  61.051 999.000  38.035 999.000 177.294 999.000   8.888 999.000 120.791 999.000   3.091 999.000
      81     GLN  58.800 999.000  27.703 999.000 178.227 999.000   8.440 999.000 118.168 999.000   3.828 999.000
      82     SER  60.820 999.000  62.916 999.000 176.057 999.000   7.591 999.000 114.586 999.000   4.261 999.000
      83     PHE  60.892 999.000  39.360 999.000 176.611 999.000   7.155 999.000 123.608 999.000   4.183 999.000
      84     GLU  59.925 999.000  29.348 999.000 178.345 999.000   8.542 999.000 119.210 999.000   3.588 999.000
      85     GLN  58.560 999.000  28.276 999.000 178.399 999.000   7.591 999.000 117.374 999.000   3.970 999.000
      86     VAL  65.096 999.000  31.903 999.000 177.760 999.000   7.073 999.000 119.382 999.000   3.691 999.000
      87     VAL  65.747 999.000  31.157 999.000 177.745 999.000   7.732 999.000 119.135 999.000   3.301 999.000
      88     ASN  55.918 999.000  37.746 999.000 177.409 999.000   8.471 999.000 118.016 999.000   4.308 999.000
      89     GLU  58.382 999.000  29.622 999.000 178.043 999.000   7.314 999.000 119.652 999.000   4.064 999.000
      90     LEU  57.184 999.000  42.001 999.000 177.332 999.000   7.374 999.000 119.759 999.000   3.903 999.000
      91     PHE  58.530 999.000  38.687 999.000 176.137 999.000   7.695 999.000 114.443 999.000   4.482 999.000
      92     ARG  58.633 999.000  29.808 999.000 176.733 999.000   7.530 999.000 120.322 999.000   3.960 999.000
      93     ASP  53.807 999.000  40.746 999.000 176.266 999.000   8.122 999.000 116.842 999.000   4.635 999.000
      94     GLY  44.657 999.000-999.000-999.000 173.324 999.000   7.563 999.000 107.939 999.000   4.086 999.000
      95     VAL  62.217 999.000  32.417 999.000 175.287 999.000   8.012 999.000 119.765 999.000   3.891 999.000
      96     ASN  51.982 999.000  41.136 999.000 174.583 999.000   7.702 999.000 122.229 999.000   4.289 999.000
      97     TRP  60.099 999.000  30.406 999.000 178.154 999.000   8.906 999.000 120.633 999.000   4.537 999.000
      98     GLY  47.123 999.000-999.000-999.000 175.979 999.000   8.885 999.000 106.996 999.000   4.144 999.000
      99     ARG  58.795 999.000  29.830 999.000 178.288 999.000   8.074 999.000 121.468 999.000   4.146 999.000
     100     ILE  65.373 999.000  37.715 999.000 177.581 999.000   8.007 999.000 120.738 999.000   4.050 999.000
     101     VAL  66.943 999.000  31.289 999.000 176.748 999.000   8.358 999.000 119.464 999.000   3.443 999.000
     102     ALA  55.518 999.000  18.050 999.000 178.710 999.000   8.226 999.000 122.683 999.000   3.896 999.000
     103     PHE  60.747 999.000  38.478 999.000 176.913 999.000   8.302 999.000 119.631 999.000   4.240 999.000
     104     PHE  62.684 999.000  38.775 999.000 177.651 999.000   8.685 999.000 118.505 999.000   3.599 999.000
     105     SER  61.942 999.000  62.641 999.000 176.433 999.000   8.355 999.000 115.363 999.000   4.151 999.000
     106     PHE  60.080 999.000  38.403 999.000 176.807 999.000   8.772 999.000 123.605 999.000   4.282 999.000
     107     GLY  47.550 999.000-999.000-999.000 176.219 999.000   8.206 999.000 106.608 999.000   3.613 999.000
     108     GLY  47.328 999.000-999.000-999.000 175.493 999.000   8.448 999.000 109.684 999.000   3.938 999.000
     109     ALA  54.866 999.000  18.341 999.000 178.958 999.000   8.197 999.000 124.571 999.000   4.166 999.000
     110     LEU  57.999 999.000  41.649 999.000 177.605 999.000   8.562 999.000 119.761 999.000   4.119 999.000
     111     CYS 999.000 999.000 999.000 999.000 999.000 999.000 999.000 999.000 999.000 999.000   3.935 999.000
     112     VAL  66.440 999.000  31.286 999.000 177.532 999.000   8.031 999.000 120.223 999.000   3.491 999.000
     113     GLU  59.508 999.000  29.078 999.000 178.458 999.000   8.375 999.000 120.451 999.000   4.011 999.000
     114     SER  62.086 999.000  63.027 999.000 176.297 999.000   8.171 999.000 115.631 999.000   4.103 999.000
     115     VAL  65.269 999.000  31.255 999.000 177.632 999.000   7.594 999.000 120.890 999.000   3.598 999.000
     116     ASP  56.388 999.000  41.165 999.000 177.698 999.000   7.911 999.000 119.949 999.000   4.433 999.000
     117     LYS  56.491 999.000  32.142 999.000 176.019 999.000   7.843 999.000 116.603 999.000   4.215 999.000
     118     GLU  57.416 999.000  27.207 999.000 175.552 999.000   7.923 999.000 115.617 999.000   4.018 999.000
     119     MET  54.741 999.000  32.043 999.000 176.119 999.000   8.448 999.000 118.909 999.000   4.737 999.000
     120     GLN  58.819 999.000  27.874 999.000 177.627 999.000   7.969 999.000 119.791 999.000   3.878 999.000
     121     VAL  64.124 999.000  31.519 999.000 177.284 999.000   7.644 999.000 118.083 999.000   3.858 999.000
     122     LEU  56.903 999.000  41.315 999.000 178.154 999.000   7.815 999.000 119.827 999.000   3.943 999.000
     123     VAL  66.647 999.000  31.269 999.000 177.772 999.000   7.450 999.000 118.811 999.000   3.276 999.000
     124     SER  61.420 999.000  62.784 999.000 176.336 999.000   8.295 999.000 114.474 999.000   4.124 999.000
     125     ARG  58.500 999.000  29.997 999.000 178.106 999.000   6.838 999.000 122.585 999.000   3.776 999.000
     126     ILE  65.669 999.000  37.780 999.000 177.406 999.000   8.238 999.000 120.869 999.000   2.934 999.000
     127     ALA  55.480 999.000  18.119 999.000 179.189 999.000   7.843 999.000 120.556 999.000   3.910 999.000
     128     ALA  54.955 999.000  18.456 999.000 178.776 999.000   7.224 999.000 121.283 999.000   4.168 999.000
     129     TRP  58.625 999.000  28.551 999.000 178.823 999.000   8.733 999.000 119.959 999.000   4.345 999.000
     130     MET  59.817 999.000  32.800 999.000 177.762 999.000   8.747 999.000 117.284 999.000   4.518 999.000
     131     ALA  55.159 999.000  18.268 999.000 178.652 999.000   7.997 999.000 121.561 999.000   4.196 999.000
     132     THR  66.787 999.000  67.965 999.000 175.582 999.000   8.448 999.000 116.186 999.000   4.010 999.000
     133     TYR  62.202 999.000  38.800 999.000 176.875 999.000   8.728 999.000 123.010 999.000   4.195 999.000
     134     LEU  58.558 999.000  41.450 999.000 177.774 999.000   8.711 999.000 119.184 999.000   4.059 999.000
     135     ASN  56.220 999.000  38.952 999.000 177.179 999.000   8.082 999.000 116.545 999.000   4.384 999.000
     136     ASP  55.997 999.000  40.913 999.000 176.933 999.000   8.116 999.000 118.139 999.000   4.404 999.000
     137     HIS  57.319 999.000  31.873 999.000 175.858 999.000   7.775 999.000 114.136 999.000   4.408 999.000
     138     LEU  56.165 999.000  42.499 999.000 177.633 999.000   7.929 999.000 116.606 999.000   4.141 999.000
     139     GLU  61.695 999.000  28.135 999.000 176.139 999.000   8.786 999.000 119.683 999.000   4.019 999.000
     140     PRO  65.405 999.000  31.445 999.000 178.028 999.000-999.000-999.000 999.000 999.000   4.207 999.000
     141     TRP  60.527 999.000  29.497 999.000 177.763 999.000   7.111 999.000 118.566 999.000   4.178 999.000
     142     ILE  65.636 999.000  37.903 999.000 177.204 999.000   8.488 999.000 119.979 999.000   3.139 999.000
     143     GLN  58.998 999.000  28.072 999.000 178.581 999.000   8.343 999.000 118.060 999.000   3.975 999.000
     144     GLU  58.229 999.000  29.677 999.000 177.804 999.000   7.482 999.000 119.133 999.000   3.995 999.000
     145     ASN  54.486 999.000  39.671 999.000 175.637 999.000   7.678 999.000 115.290 999.000   4.272 999.000
     146     GLY  45.146 999.000-999.000-999.000 174.675 999.000   7.556 999.000 107.394 999.000   4.106 999.000
     147     GLY  44.275 999.000-999.000-999.000 173.643 999.000   8.309 999.000 107.554 999.000   4.141 999.000
     148     TRP  60.017 999.000  29.741 999.000 177.654 999.000   8.905 999.000 120.083 999.000   4.599 999.000
     149     ASP  56.927 999.000  39.749 999.000 178.221 999.000   8.435 999.000 119.647 999.000   4.428 999.000
     150     THR  64.643 999.000  68.578 999.000 176.109 999.000   7.635 999.000 113.549 999.000   4.113 999.000
     151     PHE  60.606 999.000  39.513 999.000 176.566 999.000   7.584 999.000 123.530 999.000   3.792 999.000
     152     VAL  65.349 999.000  31.222 999.000 177.809 999.000   7.880 999.000 117.056 999.000   3.686 999.000
     153     GLU  58.025 999.000  29.587 999.000 177.150 999.000   7.547 999.000 118.720 999.000   4.088 999.000
     154     LEU  56.194 999.000  43.453 999.000 176.907 999.000   7.096 999.000 118.274 999.000   4.073 999.000
     155     TYR  57.974 999.000  40.427 999.000 176.084 999.000   8.086 999.000 114.774 999.000   4.472 999.000
     156     GLY  44.799 999.000-999.000-999.000 174.282 999.000   7.926 999.000 106.153 999.000   4.060 999.000
     157     ASN  55.542 999.000  38.476 999.000 176.855 999.000   8.675 999.000 118.684 999.000   4.364 999.000
     158     ASN  55.118 999.000  38.159 999.000 176.595 999.000   8.316 999.000 117.065 999.000   4.517 999.000
     159     ALA  54.313 999.000  18.388 999.000 179.170 999.000   7.668 999.000 122.928 999.000   4.103 999.000
     160     ALA  54.098 999.000  18.122 999.000 179.424 999.000   7.891 999.000 120.280 999.000   4.138 999.000
     161     ALA  54.469 999.000  18.064 999.000 179.912 999.000   7.663 999.000 120.155 999.000   4.160 999.000
     162     GLU  58.635 999.000  29.204 999.000 178.876 999.000   7.794 999.000 117.579 999.000   4.137 999.000
     163     SER  60.701 999.000  63.209 999.000 176.301 999.000   7.833 999.000 114.912 999.000   4.295 999.000
     164     ARG  57.456 999.000  29.857 999.000 177.673 999.000   7.758 999.000 121.920 999.000   4.252 999.000
     165     LYS  57.292 999.000  32.300 999.000 178.132 999.000   7.755 999.000 118.968 999.000   4.234 999.000
     166     GLY  45.515 999.000-999.000-999.000 174.624 999.000   7.862 999.000 107.083 999.000   3.968 999.000
     167     GLN  56.541 999.000  29.209 999.000 176.581 999.000   7.882 999.000 119.581 999.000   4.299 999.000
     168     GLU  57.034 999.000  30.043 999.000 176.710 999.000   7.791 999.000 118.745 999.000   4.282 999.000
     169     ARG 999.000 999.000 999.000 999.000 999.000 999.000 999.000 999.000 999.000 999.000 999.000 999.000
