   index residue  pre_ca  exp_ca  pre_cb  exp_cb   pre_c   exp_c   pre_h   exp_h   pre_n   exp_n  pre_ha  exp_ha
       1     MET 999.000 999.000 999.000 999.000 999.000 999.000-999.000-999.000 999.000 999.000 999.000 999.000
       2     SER 999.000 999.000 999.000 999.000 999.000 999.000 999.000 999.000 999.000 999.000 999.000 999.000
       3     GLN  57.280 999.000  28.141 999.000 177.470 999.000   8.776 999.000 121.783 999.000   4.292 999.000
       4     SER  61.233 999.000  62.891 999.000 175.900 999.000   8.744 999.000 114.936 999.000   4.162 999.000
       5     ASN  55.239 999.000  38.539 999.000 176.528 999.000   8.051 999.000 119.756 999.000   4.698 999.000
       6     ARG  59.459 999.000  29.810 999.000 177.927 999.000   7.880 999.000 121.425 999.000   4.113 999.000
       7     GLU  59.137 999.000  29.115 999.000 178.901 999.000   8.115 999.000 118.735 999.000   3.984 999.000
       8     LEU  57.623 999.000  41.624 999.000 178.616 999.000   7.374 999.000 119.365 999.000   4.005 999.000
       9     VAL  66.454 999.000  31.410 999.000 177.568 999.000   7.686 999.000 119.308 999.000   3.658 999.000
      10     VAL  67.112 999.000  31.243 999.000 176.360 999.000   8.472 999.000 119.340 999.000   3.097 999.000
      11     ASP  57.618 999.000  41.067 999.000 177.653 999.000   7.641 999.000 119.919 999.000   4.219 999.000
      12     PHE  61.430 999.000  39.615 999.000 176.993 999.000   7.641 999.000 120.611 999.000   4.177 999.000
      13     LEU  58.129 999.000  41.052 999.000 178.577 999.000   8.534 999.000 118.160 999.000   3.917 999.000
      14     SER  62.143 999.000  62.574 999.000 176.436 999.000   8.145 999.000 115.044 999.000   4.123 999.000
      15     TYR  61.077 999.000  37.862 999.000 176.965 999.000   7.952 999.000 123.893 999.000   4.261 999.000
      16     LYS  58.530 999.000  31.368 999.000 178.936 999.000   7.870 999.000 118.146 999.000   3.696 999.000
      17     LEU  57.612 999.000  41.685 999.000 178.829 999.000   8.406 999.000 118.924 999.000   4.225 999.000
      18     SER  61.572 999.000  62.931 999.000 177.085 999.000   8.443 999.000 115.874 999.000   4.232 999.000
      19     GLN  57.907 999.000  28.490 999.000 177.182 999.000   7.974 999.000 119.854 999.000   4.060 999.000
      20     LYS  55.632 999.000  32.403 999.000 176.562 999.000   7.330 999.000 116.775 999.000   4.266 999.000
      21     GLY  45.421 999.000-999.000-999.000 174.013 999.000   7.575 999.000 107.623 999.000   3.829 999.000
      22     TYR  56.622 999.000  39.495 999.000 175.537 999.000   7.911 999.000 120.155 999.000   4.814 999.000
      23     SER  57.172 999.000  64.303 999.000 174.956 999.000   8.282 999.000 117.139 999.000   4.621 999.000
      24     TRP  59.580 999.000  29.896 999.000 177.532 999.000   9.113 999.000 126.675 999.000   4.576 999.000
      25     SER  61.206 999.000  62.451 999.000 176.131 999.000   8.431 999.000 114.671 999.000   4.079 999.000
      26     GLN  57.468 999.000  28.722 999.000 176.304 999.000   7.329 999.000 120.740 999.000   3.925 999.000
      27     PHE  57.609 999.000  40.325 999.000 176.099 999.000   7.258 999.000 115.948 999.000   4.371 999.000
      28     SER  57.599 999.000  64.835 999.000 174.119 999.000   7.116 999.000 114.424 999.000   4.245 999.000
      29     ASP  53.425 999.000  40.362 999.000 177.027 999.000   8.461 999.000 122.698 999.000   4.630 999.000
      30     VAL  64.250 999.000  31.669 999.000 177.366 999.000   8.116 999.000 120.493 999.000   3.859 999.000
      31     GLU  57.995 999.000  29.229 999.000 177.449 999.000   8.353 999.000 119.696 999.000   4.158 999.000
      32     GLU  57.115 999.000  30.337 999.000 177.110 999.000   7.785 999.000 117.677 999.000   4.233 999.000
      33     ASN  53.140 999.000  38.776 999.000 175.572 999.000   7.701 999.000 117.548 999.000   4.707 999.000
      34     ARG  56.224 999.000  30.558 999.000 176.658 999.000   8.297 999.000 121.358 999.000   4.381 999.000
      35     THR  62.083 999.000  69.801 999.000 174.759 999.000   7.950 999.000 113.365 999.000   4.337 999.000
      36     GLU  56.441 999.000  30.438 999.000 175.758 999.000   8.536 999.000 122.154 999.000   4.301 999.000
      37     ALA  50.801 999.000  18.409 999.000 175.546 999.000   8.167 999.000 123.208 999.000   4.514 999.000
      38     PRO  63.196 999.000  32.306 999.000 176.653 999.000-999.000-999.000 999.000 999.000   4.533 999.000
      39     GLU  56.161 999.000  30.558 999.000 176.797 999.000   8.454 999.000 119.390 999.000   4.286 999.000
      40     GLY  45.179 999.000-999.000-999.000 174.628 999.000   8.497 999.000 109.159 999.000   4.060 999.000
      41     THR  61.598 999.000  70.474 999.000 174.954 999.000   8.134 999.000 112.870 999.000   4.440 999.000
      42     GLU  57.659 999.000  29.510 999.000 177.043 999.000   8.862 999.000 121.995 999.000   4.250 999.000
      43     SER  59.588 999.000  63.484 999.000 175.503 999.000   8.358 999.000 114.502 999.000   4.312 999.000
      44     GLU  59.426 999.000  28.999 999.000 178.354 999.000   8.078 999.000 123.264 999.000   3.941 999.000
      45     ALA  54.860 999.000  18.321 999.000 179.633 999.000   8.011 999.000 120.407 999.000   4.183 999.000
      46     VAL  65.826 999.000  31.377 999.000 177.830 999.000   7.447 999.000 119.331 999.000   3.655 999.000
      47     LYS  60.151 999.000  32.015 999.000 178.904 999.000   8.201 999.000 119.709 999.000   3.744 999.000
      48     GLN  58.747 999.000  28.283 999.000 178.191 999.000   8.127 999.000 118.644 999.000   3.967 999.000
      49     ALA  55.100 999.000  18.152 999.000 179.555 999.000   7.852 999.000 122.401 999.000   4.068 999.000
      50     LEU  58.110 999.000  41.533 999.000 178.807 999.000   8.499 999.000 118.849 999.000   4.093 999.000
      51     ARG  59.740 999.000  29.759 999.000 178.433 999.000   7.987 999.000 119.039 999.000   3.908 999.000
      52     GLU  59.081 999.000  29.204 999.000 178.907 999.000   8.163 999.000 118.880 999.000   4.130 999.000
      53     ALA  54.861 999.000  18.196 999.000 179.444 999.000   8.476 999.000 121.672 999.000   4.205 999.000
      54     GLY  47.313 999.000-999.000-999.000 175.502 999.000   8.569 999.000 106.637 999.000   4.120 999.000
      55     ASP  56.801 999.000  40.402 999.000 178.023 999.000   8.350 999.000 122.050 999.000   4.601 999.000
      56     GLU  58.935 999.000  29.648 999.000 178.279 999.000   7.832 999.000 120.329 999.000   4.198 999.000
      57     PHE  61.880 999.000  38.999 999.000 177.964 999.000   8.701 999.000 119.709 999.000   4.253 999.000
      58     GLU  58.888 999.000  29.378 999.000 178.347 999.000   8.284 999.000 118.399 999.000   4.227 999.000
      59     LEU  56.955 999.000  42.489 999.000 177.918 999.000   7.527 999.000 120.044 999.000   4.248 999.000
      60     ARG  57.411 999.000  31.172 999.000 176.749 999.000   8.067 999.000 115.670 999.000   4.009 999.000
      61     TYR  56.336 999.000  38.013 999.000 175.634 999.000   7.939 999.000 117.731 999.000   4.772 999.000
      62     ARG  58.759 999.000  30.062 999.000 177.357 999.000   7.974 999.000 120.918 999.000   3.836 999.000
      63     ARG  57.159 999.000  29.732 999.000 177.369 999.000   8.263 999.000 117.406 999.000   4.233 999.000
      64     ALA  54.210 999.000  18.599 999.000 177.961 999.000   7.744 999.000 120.969 999.000   4.150 999.000
      65     PHE  57.833 999.000  39.812 999.000 176.368 999.000   7.551 999.000 113.081 999.000   4.764 999.000
      66     SER  61.308 999.000  62.548 999.000 176.253 999.000   8.116 999.000 116.695 999.000   4.200 999.000
      67     ASP  56.143 999.000  39.971 999.000 178.174 999.000   7.844 999.000 122.003 999.000   4.500 999.000
      68     LEU  57.545 999.000  41.628 999.000 178.705 999.000   7.547 999.000 120.035 999.000   4.020 999.000
      69     THR  65.220 999.000  68.643 999.000 176.721 999.000   8.236 999.000 112.205 999.000   4.227 999.000
      70     SER  60.423 999.000  63.433 999.000 175.700 999.000   7.805 999.000 116.843 999.000   4.354 999.000
      71     GLN  57.260 999.000  28.929 999.000 177.056 999.000   7.578 999.000 121.013 999.000   4.233 999.000
      72     LEU  54.729 999.000  42.161 999.000 176.306 999.000   7.240 999.000 120.762 999.000   4.281 999.000
      73     HIS  55.834 999.000  29.870 999.000 175.358 999.000   8.588 999.000 125.389 999.000   4.635 999.000
      74     ILE  60.922 999.000  38.724 999.000 175.197 999.000   8.065 999.000 124.124 999.000   4.424 999.000
      75     THR  58.459 999.000  69.971 999.000 173.731 999.000   8.000 999.000 117.003 999.000   4.794 999.000
      76     PRO  64.675 999.000  31.644 999.000 177.546 999.000-999.000-999.000 999.000 999.000   4.416 999.000
      77     GLY  45.070 999.000-999.000-999.000 175.051 999.000   8.339 999.000 107.490 999.000   4.134 999.000
      78     THR  63.618 999.000  69.492 999.000 174.183 999.000   7.693 999.000 117.718 999.000   4.230 999.000
      79     ALA  50.875 999.000  21.117 999.000 176.792 999.000   8.612 999.000 128.765 999.000   4.694 999.000
      80     TYR  61.044 999.000  38.031 999.000 177.291 999.000   8.886 999.000 120.748 999.000   3.099 999.000
      81     GLN  58.758 999.000  27.718 999.000 178.187 999.000   8.446 999.000 118.158 999.000   3.837 999.000
      82     SER  60.792 999.000  62.921 999.000 176.014 999.000   7.584 999.000 114.621 999.000   4.263 999.000
      83     PHE  60.883 999.000  39.375 999.000 176.610 999.000   7.158 999.000 123.605 999.000   4.176 999.000
      84     GLU  59.914 999.000  29.339 999.000 178.350 999.000   8.537 999.000 119.212 999.000   3.592 999.000
      85     GLN  58.537 999.000  28.296 999.000 178.361 999.000   7.574 999.000 117.325 999.000   3.970 999.000
      86     VAL  65.034 999.000  31.937 999.000 177.727 999.000   7.065 999.000 119.273 999.000   3.697 999.000
      87     VAL  65.655 999.000  31.145 999.000 177.740 999.000   7.721 999.000 119.015 999.000   3.304 999.000
      88     ASN  55.932 999.000  37.775 999.000 177.360 999.000   8.451 999.000 118.117 999.000   4.303 999.000
      89     GLU  58.384 999.000  29.612 999.000 178.019 999.000   7.319 999.000 119.569 999.000   4.067 999.000
      90     LEU  57.042 999.000  41.950 999.000 177.224 999.000   7.341 999.000 119.561 999.000   3.928 999.000
      91     PHE  58.549 999.000  38.818 999.000 176.157 999.000   7.671 999.000 114.846 999.000   4.469 999.000
      92     ARG  58.640 999.000  29.816 999.000 176.777 999.000   7.531 999.000 120.384 999.000   3.956 999.000
      93     ASP  53.815 999.000  40.715 999.000 176.270 999.000   8.119 999.000 116.882 999.000   4.627 999.000
      94     GLY  44.647 999.000-999.000-999.000 173.351 999.000   7.554 999.000 107.945 999.000   4.077 999.000
      95     VAL  62.179 999.000  32.447 999.000 175.263 999.000   7.994 999.000 119.724 999.000   3.875 999.000
      96     ASN  51.995 999.000  41.143 999.000 174.584 999.000   7.685 999.000 122.212 999.000   4.284 999.000
      97     TRP  60.108 999.000  30.428 999.000 178.143 999.000   8.912 999.000 120.697 999.000   4.533 999.000
      98     GLY  47.116 999.000-999.000-999.000 175.971 999.000   8.898 999.000 106.928 999.000   4.148 999.000
      99     ARG  58.723 999.000  29.789 999.000 178.294 999.000   8.029 999.000 121.462 999.000   4.163 999.000
     100     ILE  65.348 999.000  37.695 999.000 177.588 999.000   8.011 999.000 120.724 999.000   4.038 999.000
     101     VAL  66.953 999.000  31.287 999.000 176.751 999.000   8.367 999.000 119.477 999.000   3.444 999.000
     102     ALA  55.519 999.000  18.049 999.000 178.712 999.000   8.226 999.000 122.672 999.000   3.885 999.000
     103     PHE  60.750 999.000  38.496 999.000 176.907 999.000   8.293 999.000 119.659 999.000   4.234 999.000
     104     PHE  62.681 999.000  38.775 999.000 177.643 999.000   8.683 999.000 118.479 999.000   3.599 999.000
     105     SER  61.960 999.000  62.649 999.000 176.451 999.000   8.372 999.000 115.351 999.000   4.156 999.000
     106     PHE  60.142 999.000  38.350 999.000 176.821 999.000   8.773 999.000 123.666 999.000   4.251 999.000
     107     GLY  47.550 999.000-999.000-999.000 176.211 999.000   8.215 999.000 106.659 999.000   3.617 999.000
     108     GLY  47.318 999.000-999.000-999.000 175.492 999.000   8.442 999.000 109.678 999.000   3.938 999.000
     109     ALA  54.867 999.000  18.339 999.000 178.962 999.000   8.192 999.000 124.589 999.000   4.163 999.000
     110     LEU  58.017 999.000  41.632 999.000 177.610 999.000   8.552 999.000 119.740 999.000   4.107 999.000
     111     CYS 999.000 999.000 999.000 999.000 999.000 999.000 999.000 999.000 999.000 999.000   3.935 999.000
     112     VAL  66.429 999.000  31.281 999.000 177.554 999.000   8.054 999.000 120.236 999.000   3.489 999.000
     113     GLU  59.519 999.000  29.062 999.000 178.478 999.000   8.391 999.000 120.408 999.000   4.012 999.000
     114     SER  62.082 999.000  63.031 999.000 176.307 999.000   8.141 999.000 115.650 999.000   4.106 999.000
     115     VAL  65.236 999.000  31.245 999.000 177.617 999.000   7.604 999.000 120.823 999.000   3.596 999.000
     116     ASP  56.379 999.000  41.170 999.000 177.697 999.000   7.902 999.000 119.956 999.000   4.435 999.000
     117     LYS  56.492 999.000  32.147 999.000 176.021 999.000   7.825 999.000 116.622 999.000   4.215 999.000
     118     GLU  57.416 999.000  27.213 999.000 175.575 999.000   7.916 999.000 115.554 999.000   4.013 999.000
     119     MET  54.755 999.000  31.963 999.000 176.120 999.000   8.403 999.000 118.950 999.000   4.728 999.000
     120     GLN  58.782 999.000  27.902 999.000 177.607 999.000   7.972 999.000 119.759 999.000   3.883 999.000
     121     VAL  64.116 999.000  31.545 999.000 177.271 999.000   7.658 999.000 118.061 999.000   3.865 999.000
     122     LEU  56.908 999.000  41.324 999.000 178.137 999.000   7.775 999.000 119.848 999.000   3.945 999.000
     123     VAL  66.642 999.000  31.266 999.000 177.783 999.000   7.439 999.000 118.783 999.000   3.276 999.000
     124     SER  61.440 999.000  62.783 999.000 176.347 999.000   8.283 999.000 114.525 999.000   4.123 999.000
     125     ARG  58.530 999.000  30.000 999.000 178.110 999.000   6.825 999.000 122.570 999.000   3.769 999.000
     126     ILE  65.655 999.000  37.773 999.000 177.399 999.000   8.240 999.000 120.884 999.000   2.935 999.000
     127     ALA  55.480 999.000  18.119 999.000 179.183 999.000   7.858 999.000 120.631 999.000   3.910 999.000
     128     ALA  54.964 999.000  18.445 999.000 178.795 999.000   7.250 999.000 121.287 999.000   4.164 999.000
     129     TRP  58.623 999.000  28.553 999.000 178.817 999.000   8.718 999.000 119.956 999.000   4.345 999.000
     130     MET  59.776 999.000  32.776 999.000 177.765 999.000   8.748 999.000 117.320 999.000   4.514 999.000
     131     ALA  55.145 999.000  18.278 999.000 178.638 999.000   8.023 999.000 121.547 999.000   4.188 999.000
     132     THR  66.787 999.000  67.963 999.000 175.575 999.000   8.437 999.000 116.189 999.000   4.009 999.000
     133     TYR  62.224 999.000  38.793 999.000 176.861 999.000   8.723 999.000 122.994 999.000   4.197 999.000
     134     LEU  58.557 999.000  41.421 999.000 177.780 999.000   8.683 999.000 119.204 999.000   4.060 999.000
     135     ASN  56.209 999.000  38.927 999.000 177.191 999.000   8.096 999.000 116.557 999.000   4.382 999.000
     136     ASP  55.961 999.000  40.902 999.000 176.945 999.000   8.150 999.000 118.183 999.000   4.398 999.000
     137     HIS  57.288 999.000  31.887 999.000 175.876 999.000   7.787 999.000 114.141 999.000   4.413 999.000
     138     LEU  56.193 999.000  42.446 999.000 177.627 999.000   7.918 999.000 116.623 999.000   4.147 999.000
     139     GLU  61.675 999.000  28.147 999.000 176.123 999.000   8.781 999.000 119.748 999.000   4.018 999.000
     140     PRO  65.421 999.000  31.448 999.000 178.053 999.000-999.000-999.000 999.000 999.000   4.203 999.000
     141     TRP  60.534 999.000  29.488 999.000 177.758 999.000   7.123 999.000 118.560 999.000   4.183 999.000
     142     ILE  65.635 999.000  37.900 999.000 177.186 999.000   8.440 999.000 119.961 999.000   3.138 999.000
     143     GLN  59.019 999.000  28.062 999.000 178.589 999.000   8.366 999.000 118.016 999.000   3.978 999.000
     144     GLU  58.228 999.000  29.692 999.000 177.825 999.000   7.469 999.000 119.130 999.000   3.997 999.000
     145     ASN  54.547 999.000  39.713 999.000 175.710 999.000   7.699 999.000 115.382 999.000   4.249 999.000
     146     GLY  45.164 999.000-999.000-999.000 174.645 999.000   7.549 999.000 107.244 999.000   4.103 999.000
     147     GLY  44.283 999.000-999.000-999.000 173.621 999.000   8.319 999.000 107.534 999.000   4.144 999.000
     148     TRP  60.010 999.000  29.721 999.000 177.649 999.000   8.917 999.000 120.091 999.000   4.603 999.000
     149     ASP  56.867 999.000  39.711 999.000 178.180 999.000   8.439 999.000 119.670 999.000   4.430 999.000
     150     THR  64.435 999.000  68.617 999.000 176.002 999.000   7.615 999.000 113.169 999.000   4.129 999.000
     151     PHE  60.506 999.000  39.548 999.000 176.531 999.000   7.617 999.000 123.582 999.000   3.803 999.000
     152     VAL  65.046 999.000  31.202 999.000 177.636 999.000   7.799 999.000 116.468 999.000   3.738 999.000
     153     GLU  57.855 999.000  29.689 999.000 176.843 999.000   7.488 999.000 118.631 999.000   4.101 999.000
     154     LEU  55.998 999.000  43.673 999.000 176.771 999.000   7.125 999.000 118.004 999.000   4.094 999.000
     155     TYR  57.732 999.000  40.739 999.000 175.652 999.000   8.009 999.000 114.864 999.000   4.492 999.000
     156     GLY  44.597 999.000-999.000-999.000 174.192 999.000   8.094 999.000 106.639 999.000   4.081 999.000
     157     ASN  55.761 999.000  38.483 999.000 176.911 999.000   8.812 999.000 118.932 999.000   4.340 999.000
     158     ASN  55.199 999.000  38.135 999.000 176.687 999.000   8.431 999.000 117.036 999.000   4.528 999.000
     159     ALA  54.535 999.000  18.332 999.000 179.302 999.000   7.706 999.000 123.116 999.000   4.071 999.000
     160     ALA  54.422 999.000  17.993 999.000 179.639 999.000   7.981 999.000 120.284 999.000   4.108 999.000
     161     ALA  54.539 999.000  18.011 999.000 179.937 999.000   7.692 999.000 120.478 999.000   4.164 999.000
     162     GLU  58.832 999.000  29.108 999.000 179.132 999.000   7.884 999.000 117.844 999.000   4.129 999.000
     163     SER  60.896 999.000  63.078 999.000 176.576 999.000   7.953 999.000 115.193 999.000   4.278 999.000
     164     ARG  57.921 999.000  29.702 999.000 178.182 999.000   7.807 999.000 121.982 999.000   4.205 999.000
     165     LYS  57.722 999.000  32.094 999.000 178.513 999.000   7.829 999.000 118.901 999.000   4.212 999.000
     166     GLY  45.782 999.000-999.000-999.000 175.012 999.000   7.837 999.000 107.128 999.000   3.974 999.000
     167     GLN  56.974 999.000  29.004 999.000 177.013 999.000   7.795 999.000 119.884 999.000   4.261 999.000
     168     GLU  57.174 999.000  29.917 999.000 176.963 999.000   7.669 999.000 118.591 999.000   4.282 999.000
     169     ARG 999.000 999.000 999.000 999.000 999.000 999.000 999.000 999.000 999.000 999.000 999.000 999.000
