   index residue  pre_ca  exp_ca  pre_cb  exp_cb   pre_c   exp_c   pre_h   exp_h   pre_n   exp_n  pre_ha  exp_ha
       1     MET 999.000 999.000 999.000 999.000 999.000 999.000-999.000-999.000 999.000 999.000 999.000 999.000
       2     SER 999.000 999.000 999.000 999.000 999.000 999.000 999.000 999.000 999.000 999.000 999.000 999.000
       3     GLN  57.842 999.000  28.466 999.000 177.682 999.000   8.232 999.000 120.237 999.000   4.156 999.000
       4     SER  60.752 999.000  62.993 999.000 176.159 999.000   7.727 999.000 115.638 999.000   4.076 999.000
       5     ASN  55.762 999.000  38.388 999.000 176.715 999.000   8.146 999.000 120.720 999.000   4.528 999.000
       6     ARG  59.264 999.000  29.934 999.000 177.869 999.000   7.872 999.000 120.221 999.000   4.066 999.000
       7     GLU  59.062 999.000  29.225 999.000 178.886 999.000   7.811 999.000 118.888 999.000   4.005 999.000
       8     LEU  57.782 999.000  41.450 999.000 178.552 999.000   7.631 999.000 119.571 999.000   4.160 999.000
       9     VAL  66.286 999.000  31.289 999.000 177.649 999.000   7.538 999.000 119.309 999.000   3.049 999.000
      10     VAL  67.064 999.000  31.209 999.000 176.347 999.000   8.071 999.000 119.307 999.000   3.728 999.000
      11     ASP  57.520 999.000  41.165 999.000 177.480 999.000   7.867 999.000 120.085 999.000   4.421 999.000
      12     PHE  61.512 999.000  39.634 999.000 177.328 999.000   8.164 999.000 120.573 999.000   4.242 999.000
      13     LEU  58.307 999.000  41.224 999.000 178.621 999.000   8.751 999.000 118.589 999.000   4.093 999.000
      14     SER  62.315 999.000  62.557 999.000 176.509 999.000   8.546 999.000 115.097 999.000   4.361 999.000
      15     TYR  60.985 999.000  37.836 999.000 176.993 999.000   8.532 999.000 124.241 999.000   4.333 999.000
      16     LYS  58.523 999.000  31.386 999.000 179.134 999.000   8.130 999.000 118.404 999.000   3.767 999.000
      17     LEU  58.060 999.000  41.535 999.000 178.658 999.000   8.515 999.000 119.834 999.000   4.038 999.000
      18     SER  61.774 999.000  62.794 999.000 177.152 999.000   8.454 999.000 115.955 999.000   4.266 999.000
      19     GLN  57.827 999.000  28.540 999.000 177.495 999.000   8.035 999.000 120.471 999.000   4.048 999.000
      20     LYS  56.382 999.000  32.686 999.000 177.172 999.000   7.297 999.000 117.805 999.000   4.066 999.000
      21     GLY  45.552 999.000-999.000-999.000 174.033 999.000   7.512 999.000 107.753 999.000   3.985 999.000
      22     TYR  54.478 999.000  40.180 999.000 175.187 999.000   8.329 999.000 119.520 999.000   4.797 999.000
      23     SER  56.370 999.000  66.098 999.000 174.520 999.000   8.672 999.000 113.083 999.000   4.758 999.000
      24     TRP  59.890 999.000  29.728 999.000 176.485 999.000   8.555 999.000 120.999 999.000   4.199 999.000
      25     SER  58.669 999.000  64.435 999.000 173.734 999.000   8.016 999.000 111.103 999.000   4.431 999.000
      26     GLN  54.541 999.000  31.985 999.000 174.946 999.000   7.550 999.000 119.715 999.000   4.353 999.000
      27     PHE  57.999 999.000  37.740 999.000 175.635 999.000   8.360 999.000 120.727 999.000   4.022 999.000
      28     SER  57.091 999.000  65.157 999.000 174.024 999.000   7.399 999.000 113.627 999.000   4.753 999.000
      29     ASP  54.654 999.000  39.623 999.000 176.865 999.000   8.626 999.000 123.884 999.000   4.444 999.000
      30     VAL  63.086 999.000  32.064 999.000 176.407 999.000   7.846 999.000 117.668 999.000   4.017 999.000
      31     GLU  56.245 999.000  30.278 999.000 176.180 999.000   8.150 999.000 120.874 999.000   4.306 999.000
      32     GLU  56.588 999.000  30.388 999.000 176.467 999.000   8.225 999.000 119.975 999.000   4.246 999.000
      33     ASN  53.302 999.000  38.381 999.000 175.497 999.000   8.625 999.000 118.988 999.000   4.642 999.000
      34     ARG  55.890 999.000  30.693 999.000 176.325 999.000   8.119 999.000 119.904 999.000   4.350 999.000
      35     THR  61.635 999.000  70.076 999.000 174.937 999.000   8.220 999.000 115.325 999.000   4.353 999.000
      36     GLU  56.601 999.000  30.032 999.000 175.936 999.000   8.617 999.000 123.087 999.000   4.211 999.000
      37     ALA  50.892 999.000  18.214 999.000 175.619 999.000   8.271 999.000 124.847 999.000   4.422 999.000
      38     PRO  62.873 999.000  32.365 999.000 176.900 999.000-999.000-999.000 999.000 999.000   4.524 999.000
      39     GLU  56.816 999.000  29.936 999.000 177.079 999.000   8.607 999.000 121.677 999.000   4.180 999.000
      40     GLY  45.389 999.000-999.000-999.000 174.907 999.000   8.602 999.000 110.097 999.000   4.080 999.000
      41     THR  62.283 999.000  69.994 999.000 175.179 999.000   7.679 999.000 114.660 999.000   4.330 999.000
      42     GLU  58.915 999.000  29.367 999.000 177.581 999.000   8.997 999.000 123.266 999.000   4.041 999.000
      43     SER  60.836 999.000  63.192 999.000 176.005 999.000   8.446 999.000 114.168 999.000   4.363 999.000
      44     GLU  59.049 999.000  29.071 999.000 178.301 999.000   7.973 999.000 122.676 999.000   4.022 999.000
      45     ALA  54.977 999.000  18.310 999.000 179.420 999.000   7.531 999.000 120.951 999.000   3.882 999.000
      46     VAL  66.088 999.000  31.239 999.000 177.859 999.000   7.356 999.000 118.904 999.000   3.536 999.000
      47     LYS  60.250 999.000  31.992 999.000 178.798 999.000   8.050 999.000 119.627 999.000   3.906 999.000
      48     GLN  58.760 999.000  28.098 999.000 178.191 999.000   8.186 999.000 118.900 999.000   3.947 999.000
      49     ALA  54.995 999.000  18.134 999.000 179.613 999.000   7.869 999.000 122.200 999.000   4.072 999.000
      50     LEU  57.679 999.000  41.554 999.000 178.795 999.000   8.153 999.000 118.949 999.000   4.129 999.000
      51     ARG  59.591 999.000  29.732 999.000 178.731 999.000   8.026 999.000 119.194 999.000   3.917 999.000
      52     GLU  58.962 999.000  29.335 999.000 178.752 999.000   8.270 999.000 119.137 999.000   4.081 999.000
      53     ALA  54.532 999.000  18.196 999.000 179.614 999.000   8.062 999.000 121.646 999.000   4.182 999.000
      54     GLY  47.068 999.000-999.000-999.000 175.426 999.000   8.379 999.000 106.634 999.000   4.201 999.000
      55     ASP  56.285 999.000  40.492 999.000 177.681 999.000   8.093 999.000 121.465 999.000   4.600 999.000
      56     GLU  58.277 999.000  29.797 999.000 177.809 999.000   7.703 999.000 119.857 999.000   4.169 999.000
      57     PHE  60.491 999.000  39.417 999.000 176.734 999.000   8.187 999.000 119.086 999.000   4.319 999.000
      58     GLU  56.400 999.000  29.782 999.000 177.128 999.000   7.761 999.000 117.493 999.000   4.193 999.000
      59     LEU  55.283 999.000  41.912 999.000 177.062 999.000   7.830 999.000 121.617 999.000   4.210 999.000
      60     ARG  56.795 999.000  29.163 999.000 175.780 999.000   8.739 999.000 123.587 999.000   3.922 999.000
      61     TYR  58.500 999.000  35.886 999.000 175.329 999.000   7.912 999.000 116.192 999.000   4.198 999.000
      62     ARG  56.800 999.000  30.763 999.000 176.305 999.000   7.477 999.000 119.507 999.000   4.263 999.000
      63     ARG  56.539 999.000  30.747 999.000 175.883 999.000   8.134 999.000 117.472 999.000   4.207 999.000
      64     ALA  51.811 999.000  19.182 999.000 177.036 999.000   7.763 999.000 121.878 999.000   4.227 999.000
      65     PHE  57.245 999.000  38.794 999.000 176.552 999.000   8.353 999.000 118.841 999.000   4.608 999.000
      66     SER  61.460 999.000  62.630 999.000 175.782 999.000   8.774 999.000 118.476 999.000   4.181 999.000
      67     ASP  55.993 999.000  39.960 999.000 176.801 999.000   8.409 999.000 121.006 999.000   4.434 999.000
      68     LEU  55.476 999.000  43.118 999.000 177.285 999.000   7.571 999.000 117.796 999.000   4.528 999.000
      69     THR  62.589 999.000  70.289 999.000 175.165 999.000   7.712 999.000 108.736 999.000   4.389 999.000
      70     SER  59.674 999.000  64.073 999.000 174.725 999.000   8.410 999.000 115.357 999.000   4.522 999.000
      71     GLN  55.129 999.000  27.992 999.000 175.806 999.000   8.121 999.000 121.503 999.000   4.438 999.000
      72     LEU  55.064 999.000  41.836 999.000 176.653 999.000   7.700 999.000 121.321 999.000   4.288 999.000
      73     HIS  55.663 999.000  30.321 999.000 175.286 999.000   8.619 999.000 122.835 999.000   4.657 999.000
      74     ILE  60.680 999.000  38.104 999.000 176.223 999.000   8.222 999.000 124.222 999.000   4.165 999.000
      75     THR  60.387 999.000  68.912 999.000 173.992 999.000   7.921 999.000 121.906 999.000   4.062 999.000
      76     PRO  63.374 999.000  32.303 999.000 176.930 999.000-999.000-999.000 999.000 999.000   4.336 999.000
      77     GLY  44.811 999.000-999.000-999.000 174.065 999.000   8.240 999.000 108.106 999.000   4.070 999.000
      78     THR  62.434 999.000  69.828 999.000 175.035 999.000   8.131 999.000 111.592 999.000   4.141 999.000
      79     ALA  52.338 999.000  19.587 999.000 177.041 999.000   7.976 999.000 124.048 999.000   4.237 999.000
      80     TYR  58.631 999.000  38.563 999.000 176.604 999.000   8.258 999.000 115.690 999.000   4.363 999.000
      81     GLN  58.156 999.000  28.084 999.000 177.433 999.000   7.989 999.000 119.881 999.000   3.966 999.000
      82     SER  60.649 999.000  63.123 999.000 175.843 999.000   7.893 999.000 115.171 999.000   4.251 999.000
      83     PHE  60.271 999.000  38.365 999.000 177.369 999.000   7.846 999.000 123.657 999.000   4.336 999.000
      84     GLU  59.791 999.000  29.403 999.000 178.187 999.000   7.503 999.000 120.272 999.000   3.467 999.000
      85     GLN  57.463 999.000  27.992 999.000 177.467 999.000   7.588 999.000 116.119 999.000   3.964 999.000
      86     VAL  65.475 999.000  32.071 999.000 176.924 999.000   7.153 999.000 119.623 999.000   3.667 999.000
      87     VAL  62.474 999.000  32.116 999.000 176.807 999.000   7.207 999.000 113.541 999.000   3.744 999.000
      88     ASN  55.732 999.000  38.295 999.000 175.742 999.000   7.928 999.000 118.917 999.000   3.739 999.000
      89     GLU  56.365 999.000  31.087 999.000 176.703 999.000   7.697 999.000 115.715 999.000   4.313 999.000
      90     LEU  57.287 999.000  41.910 999.000 176.831 999.000   7.457 999.000 119.902 999.000   3.650 999.000
      91     PHE  57.419 999.000  39.382 999.000 176.146 999.000   7.598 999.000 112.927 999.000   4.569 999.000
      92     ARG  58.346 999.000  30.026 999.000 176.777 999.000   7.581 999.000 119.794 999.000   3.253 999.000
      93     ASP  53.970 999.000  40.903 999.000 176.111 999.000   7.745 999.000 116.023 999.000   4.494 999.000
      94     GLY  45.352 999.000-999.000-999.000 173.186 999.000   7.316 999.000 108.293 999.000   3.980 999.000
      95     VAL  61.059 999.000  30.118 999.000 175.588 999.000   8.025 999.000 117.227 999.000   4.304 999.000
      96     ASN  53.239 999.000  39.501 999.000 175.889 999.000   7.764 999.000 120.245 999.000   4.432 999.000
      97     TRP  59.683 999.000  29.082 999.000 177.365 999.000   8.462 999.000 124.800 999.000   4.278 999.000
      98     GLY  47.748 999.000-999.000-999.000 175.413 999.000   7.777 999.000 107.914 999.000   3.666 999.000
      99     ARG  59.184 999.000  30.105 999.000 178.090 999.000   7.863 999.000 120.772 999.000   4.049 999.000
     100     ILE  65.027 999.000  37.502 999.000 177.424 999.000   7.535 999.000 119.909 999.000   3.720 999.000
     101     VAL  66.830 999.000  31.144 999.000 176.826 999.000   8.488 999.000 118.974 999.000   3.116 999.000
     102     ALA  55.406 999.000  18.059 999.000 178.202 999.000   8.157 999.000 122.341 999.000   3.834 999.000
     103     PHE  60.532 999.000  39.062 999.000 176.839 999.000   7.979 999.000 119.402 999.000   4.426 999.000
     104     PHE  58.674 999.000  37.798 999.000 177.720 999.000   8.926 999.000 118.193 999.000   4.235 999.000
     105     SER  61.768 999.000  62.695 999.000 176.311 999.000   8.557 999.000 115.915 999.000   4.495 999.000
     106     PHE  60.596 999.000  38.837 999.000 176.835 999.000   8.605 999.000 123.006 999.000   4.350 999.000
     107     GLY  47.630 999.000-999.000-999.000 176.219 999.000   8.477 999.000 106.610 999.000   3.684 999.000
     108     GLY  47.278 999.000-999.000-999.000 175.447 999.000   8.595 999.000 109.761 999.000   3.957 999.000
     109     ALA  54.828 999.000  18.360 999.000 178.938 999.000   8.120 999.000 124.691 999.000   4.122 999.000
     110     LEU  58.055 999.000  41.531 999.000 178.321 999.000   8.328 999.000 119.432 999.000   3.935 999.000
     111     CYS 999.000 999.000 999.000 999.000 999.000 999.000 999.000 999.000 999.000 999.000   4.094 999.000
     112     VAL  65.082 999.000  31.987 999.000 177.238 999.000   8.039 999.000 119.368 999.000   3.863 999.000
     113     GLU  56.665 999.000  29.052 999.000 176.964 999.000   8.388 999.000 116.959 999.000   4.306 999.000
     114     SER  58.451 999.000  63.488 999.000 174.593 999.000   7.503 999.000 115.452 999.000   4.466 999.000
     115     VAL  63.326 999.000  32.404 999.000 175.678 999.000   8.197 999.000 119.755 999.000   3.968 999.000
     116     ASP  54.305 999.000  40.656 999.000 176.528 999.000   8.302 999.000 118.231 999.000   4.636 999.000
     117     LYS  55.920 999.000  33.120 999.000 176.302 999.000   7.598 999.000 120.700 999.000   4.341 999.000
     118     GLU  56.181 999.000  29.953 999.000 176.742 999.000   8.726 999.000 121.601 999.000   4.274 999.000
     119     MET  57.637 999.000  31.195 999.000 177.813 999.000   8.818 999.000 124.824 999.000   4.060 999.000
     120     GLN  57.868 999.000  28.412 999.000 176.836 999.000   8.251 999.000 117.788 999.000   4.157 999.000
     121     VAL  61.940 999.000  33.713 999.000 176.932 999.000   7.517 999.000 113.739 999.000   4.338 999.000
     122     LEU  58.584 999.000  41.634 999.000 177.795 999.000   7.994 999.000 122.076 999.000   3.939 999.000
     123     VAL  66.298 999.000  31.316 999.000 178.051 999.000   7.849 999.000 117.790 999.000   3.347 999.000
     124     SER  61.803 999.000  62.889 999.000 176.633 999.000   7.770 999.000 116.191 999.000   4.348 999.000
     125     ARG  58.942 999.000  29.906 999.000 178.500 999.000   7.944 999.000 122.387 999.000   3.994 999.000
     126     ILE  64.935 999.000  37.431 999.000 177.533 999.000   8.434 999.000 120.555 999.000   3.752 999.000
     127     ALA  55.508 999.000  18.098 999.000 179.244 999.000   8.607 999.000 121.268 999.000   3.973 999.000
     128     ALA  55.343 999.000  18.166 999.000 178.892 999.000   7.797 999.000 121.179 999.000   3.996 999.000
     129     TRP  60.293 999.000  29.779 999.000 178.693 999.000   8.318 999.000 119.323 999.000   4.229 999.000
     130     MET  59.794 999.000  32.775 999.000 177.573 999.000   8.896 999.000 118.084 999.000   4.343 999.000
     131     ALA  55.267 999.000  18.238 999.000 178.529 999.000   8.406 999.000 121.390 999.000   4.120 999.000
     132     THR  66.599 999.000  68.039 999.000 176.216 999.000   8.175 999.000 115.334 999.000   3.938 999.000
     133     TYR  59.374 999.000  38.107 999.000 177.762 999.000   8.345 999.000 120.064 999.000   4.667 999.000
     134     LEU  58.032 999.000  41.346 999.000 177.649 999.000   8.927 999.000 119.487 999.000   4.131 999.000
     135     ASN  56.333 999.000  39.028 999.000 176.884 999.000   8.092 999.000 116.393 999.000   4.444 999.000
     136     ASP  55.619 999.000  41.120 999.000 176.800 999.000   7.598 999.000 117.997 999.000   4.528 999.000
     137     HIS  56.259 999.000  31.406 999.000 174.751 999.000   8.087 999.000 113.714 999.000   4.774 999.000
     138     LEU  56.260 999.000  43.992 999.000 176.798 999.000   8.181 999.000 120.219 999.000   4.531 999.000
     139     GLU  61.738 999.000  27.882 999.000 176.332 999.000   8.594 999.000 118.222 999.000   3.998 999.000
     140     PRO  65.345 999.000  31.364 999.000 178.141 999.000-999.000-999.000 999.000 999.000   4.177 999.000
     141     TRP  58.194 999.000  30.083 999.000 178.409 999.000   7.075 999.000 116.606 999.000   4.649 999.000
     142     ILE  64.711 999.000  37.294 999.000 177.291 999.000   8.197 999.000 120.030 999.000   3.754 999.000
     143     GLN  59.028 999.000  27.754 999.000 178.692 999.000   8.333 999.000 119.038 999.000   4.095 999.000
     144     GLU  58.424 999.000  29.470 999.000 177.879 999.000   7.845 999.000 118.753 999.000   4.102 999.000
     145     ASN  54.429 999.000  39.694 999.000 175.621 999.000   7.827 999.000 115.222 999.000   4.552 999.000
     146     GLY  45.482 999.000-999.000-999.000 173.966 999.000   7.770 999.000 106.320 999.000   4.126 999.000
     147     GLY  44.820 999.000-999.000-999.000 173.457 999.000   8.306 999.000 107.753 999.000   4.128 999.000
     148     TRP  60.389 999.000  29.560 999.000 177.674 999.000   9.009 999.000 123.441 999.000   4.559 999.000
     149     ASP  57.235 999.000  39.815 999.000 177.782 999.000   8.322 999.000 119.185 999.000   4.289 999.000
     150     THR  65.030 999.000  68.429 999.000 176.118 999.000   7.698 999.000 113.570 999.000   3.977 999.000
     151     PHE  60.114 999.000  39.516 999.000 177.528 999.000   7.680 999.000 121.070 999.000   4.322 999.000
     152     VAL  65.514 999.000  31.037 999.000 177.734 999.000   7.647 999.000 117.576 999.000   3.523 999.000
     153     GLU  58.820 999.000  28.915 999.000 178.348 999.000   7.504 999.000 120.550 999.000   3.859 999.000
     154     LEU  57.284 999.000  41.646 999.000 177.919 999.000   7.146 999.000 120.043 999.000   3.648 999.000
     155     TYR  57.932 999.000  38.866 999.000 176.718 999.000   7.593 999.000 117.957 999.000   4.481 999.000
     156     GLY  45.205 999.000-999.000-999.000 174.456 999.000   7.829 999.000 106.867 999.000   3.769 999.000
     157     ASN  53.383 999.000  38.972 999.000 175.665 999.000   7.983 999.000 117.816 999.000   4.552 999.000
     158     ASN  53.967 999.000  39.084 999.000 176.028 999.000   8.147 999.000 118.388 999.000   4.547 999.000
     159     ALA  54.951 999.000  18.517 999.000 179.145 999.000   8.447 999.000 122.694 999.000   4.052 999.000
     160     ALA  54.073 999.000  18.119 999.000 179.627 999.000   7.656 999.000 120.141 999.000   4.229 999.000
     161     ALA  54.201 999.000  18.213 999.000 179.698 999.000   7.524 999.000 120.625 999.000   4.209 999.000
     162     GLU  58.796 999.000  29.186 999.000 178.985 999.000   8.014 999.000 118.090 999.000   4.071 999.000
     163     SER  60.963 999.000  63.136 999.000 176.270 999.000   7.852 999.000 114.757 999.000   4.262 999.000
     164     ARG  57.615 999.000  29.935 999.000 177.912 999.000   7.558 999.000 121.725 999.000   4.257 999.000
     165     LYS  57.189 999.000  32.271 999.000 178.107 999.000   7.768 999.000 119.132 999.000   4.235 999.000
     166     GLY  45.405 999.000-999.000-999.000 174.474 999.000   7.832 999.000 106.934 999.000   3.951 999.000
     167     GLN  56.253 999.000  29.328 999.000 176.345 999.000   7.890 999.000 119.505 999.000   4.304 999.000
     168     GLU  56.922 999.000  29.799 999.000 176.490 999.000   8.036 999.000 119.039 999.000   4.286 999.000
     169     ARG 999.000 999.000 999.000 999.000 999.000 999.000 999.000 999.000 999.000 999.000 999.000 999.000
     630     GLU 999.000 999.000 999.000 999.000 999.000 999.000-999.000-999.000 999.000 999.000 999.000 999.000
     631     GLU 999.000 999.000 999.000 999.000 999.000 999.000 999.000 999.000 999.000 999.000 999.000 999.000
     632     GLN  57.543 999.000  28.092 999.000 177.570 999.000   8.166 999.000 118.577 999.000   4.143 999.000
     633     TRP  60.400 999.000  28.852 999.000 177.777 999.000   7.946 999.000 121.193 999.000   4.288 999.000
     634     ALA  55.110 999.000  18.137 999.000 179.183 999.000   8.004 999.000 120.976 999.000   3.691 999.000
     635     ARG  59.340 999.000  29.746 999.000 178.550 999.000   8.036 999.000 118.106 999.000   3.944 999.000
     636     GLU  59.022 999.000  29.417 999.000 179.027 999.000   7.678 999.000 119.626 999.000   4.073 999.000
     637     ILE  63.801 999.000  36.680 999.000 178.031 999.000   7.941 999.000 119.629 999.000   3.581 999.000
     638     GLY  47.614 999.000-999.000-999.000 176.021 999.000   8.353 999.000 107.615 999.000   3.748 999.000
     639     ALA  54.805 999.000  18.202 999.000 178.929 999.000   7.915 999.000 124.236 999.000   4.039 999.000
     640     GLN  58.880 999.000  28.317 999.000 178.434 999.000   7.919 999.000 118.460 999.000   3.926 999.000
     641     LEU  58.173 999.000  41.332 999.000 178.687 999.000   8.555 999.000 120.239 999.000   3.927 999.000
     642     ARG  59.263 999.000  29.917 999.000 178.504 999.000   7.896 999.000 118.474 999.000   3.909 999.000
     643     ARG  58.035 999.000  30.035 999.000 178.028 999.000   7.704 999.000 118.442 999.000   4.164 999.000
     644     MET  58.161 999.000  32.916 999.000 176.832 999.000   8.279 999.000 118.793 999.000   3.892 999.000
     645     ALA  52.046 999.000  19.283 999.000 176.438 999.000   7.473 999.000 119.706 999.000   4.363 999.000
     646     ASP  53.850 999.000  41.436 999.000 175.965 999.000   7.704 999.000 117.878 999.000   4.500 999.000
     647     ASP  54.080 999.000  41.022 999.000 176.562 999.000   8.373 999.000 121.512 999.000   4.468 999.000
     648     LEU  55.618 999.000  42.055 999.000 177.009 999.000   7.887 999.000 120.123 999.000   4.117 999.000
     649     ASN  53.270 999.000  38.798 999.000 175.331 999.000   8.198 999.000 117.280 999.000   4.556 999.000
     650     ALA  52.384 999.000  19.400 999.000 177.256 999.000   7.987 999.000 121.921 999.000   4.227 999.000
     651     GLN  56.212 999.000  29.152 999.000 175.999 999.000   8.146 999.000 118.262 999.000   4.117 999.000
     652     TYR  58.242 999.000  38.649 999.000 175.497 999.000   8.264 999.000 118.525 999.000   4.512 999.000
     653     GLU  56.961 999.000  30.246 999.000 176.468 999.000   8.186 999.000 119.790 999.000   4.251 999.000
     654     ARG 999.000 999.000 999.000 999.000 999.000 999.000 999.000 999.000 999.000 999.000 999.000 999.000
