   index residue  pre_ca  exp_ca  pre_cb  exp_cb   pre_c   exp_c   pre_h   exp_h   pre_n   exp_n  pre_ha  exp_ha
       1     MET 999.000 999.000 999.000 999.000 999.000 999.000-999.000-999.000 999.000 999.000 999.000 999.000
       2     SER 999.000 999.000 999.000 999.000 999.000 999.000 999.000 999.000 999.000 999.000 999.000 999.000
       3     GLN  57.410 999.000  28.573 999.000 177.151 999.000   8.172 999.000 120.225 999.000   4.215 999.000
       4     SER  60.197 999.000  63.392 999.000 175.879 999.000   7.745 999.000 115.336 999.000   4.224 999.000
       5     ASN  55.638 999.000  37.759 999.000 176.706 999.000   8.401 999.000 121.203 999.000   4.520 999.000
       6     ARG  59.237 999.000  29.984 999.000 177.558 999.000   7.881 999.000 120.155 999.000   4.105 999.000
       7     GLU  59.056 999.000  29.242 999.000 179.036 999.000   7.623 999.000 118.934 999.000   4.020 999.000
       8     LEU  57.557 999.000  41.522 999.000 178.678 999.000   7.764 999.000 119.015 999.000   4.142 999.000
       9     VAL  66.370 999.000  31.303 999.000 177.619 999.000   7.451 999.000 119.305 999.000   3.117 999.000
      10     VAL  66.876 999.000  31.112 999.000 176.482 999.000   8.272 999.000 118.201 999.000   3.676 999.000
      11     ASP  57.475 999.000  41.273 999.000 177.425 999.000   7.659 999.000 119.983 999.000   4.379 999.000
      12     PHE  61.525 999.000  39.698 999.000 177.250 999.000   8.007 999.000 120.658 999.000   4.227 999.000
      13     LEU  58.235 999.000  41.175 999.000 178.526 999.000   8.772 999.000 118.495 999.000   4.085 999.000
      14     SER  62.187 999.000  62.580 999.000 176.543 999.000   8.520 999.000 115.086 999.000   4.320 999.000
      15     TYR  60.976 999.000  37.919 999.000 176.957 999.000   8.481 999.000 124.288 999.000   4.321 999.000
      16     LYS  58.450 999.000  31.391 999.000 179.099 999.000   8.140 999.000 118.396 999.000   3.800 999.000
      17     LEU  58.031 999.000  41.584 999.000 178.777 999.000   8.512 999.000 119.851 999.000   4.053 999.000
      18     SER  61.740 999.000  62.860 999.000 177.143 999.000   8.433 999.000 115.861 999.000   4.242 999.000
      19     GLN  57.820 999.000  28.567 999.000 177.460 999.000   8.041 999.000 120.448 999.000   4.046 999.000
      20     LYS  56.220 999.000  32.634 999.000 177.010 999.000   7.290 999.000 117.489 999.000   4.082 999.000
      21     GLY  45.563 999.000-999.000-999.000 174.058 999.000   7.436 999.000 107.666 999.000   3.924 999.000
      22     TYR  54.859 999.000  39.979 999.000 175.302 999.000   8.172 999.000 119.408 999.000   4.759 999.000
      23     SER  56.506 999.000  65.856 999.000 174.619 999.000   8.553 999.000 113.853 999.000   4.763 999.000
      24     TRP  59.502 999.000  29.464 999.000 176.419 999.000   8.315 999.000 120.948 999.000   4.301 999.000
      25     SER  58.766 999.000  64.438 999.000 173.808 999.000   7.787 999.000 110.846 999.000   4.348 999.000
      26     GLN  54.494 999.000  31.876 999.000 175.043 999.000   7.561 999.000 119.852 999.000   4.425 999.000
      27     PHE  58.954 999.000  38.376 999.000 175.843 999.000   8.529 999.000 121.138 999.000   4.143 999.000
      28     SER  57.202 999.000  64.895 999.000 174.013 999.000   7.492 999.000 113.810 999.000   4.663 999.000
      29     ASP  54.430 999.000  39.718 999.000 176.983 999.000   8.573 999.000 123.741 999.000   4.507 999.000
      30     VAL  63.561 999.000  31.807 999.000 176.641 999.000   7.870 999.000 117.512 999.000   3.928 999.000
      31     GLU  56.333 999.000  30.600 999.000 176.256 999.000   8.162 999.000 120.399 999.000   4.335 999.000
      32     GLU  57.172 999.000  30.665 999.000 176.683 999.000   8.286 999.000 119.127 999.000   4.154 999.000
      33     ASN  53.503 999.000  37.249 999.000 174.835 999.000   8.274 999.000 116.216 999.000   4.481 999.000
      34     ARG  55.796 999.000  30.743 999.000 176.311 999.000   7.982 999.000 119.067 999.000   4.314 999.000
      35     THR  61.672 999.000  70.034 999.000 174.951 999.000   8.188 999.000 115.693 999.000   4.354 999.000
      36     GLU  56.581 999.000  30.009 999.000 175.807 999.000   8.622 999.000 122.537 999.000   4.216 999.000
      37     ALA  50.812 999.000  18.439 999.000 175.517 999.000   8.202 999.000 124.452 999.000   4.459 999.000
      38     PRO  62.841 999.000  32.428 999.000 176.955 999.000-999.000-999.000 999.000 999.000   4.539 999.000
      39     GLU  56.957 999.000  29.901 999.000 177.022 999.000   8.633 999.000 121.712 999.000   4.185 999.000
      40     GLY  45.542 999.000-999.000-999.000 174.927 999.000   8.622 999.000 111.067 999.000   4.090 999.000
      41     THR  62.165 999.000  70.010 999.000 175.063 999.000   7.462 999.000 115.512 999.000   4.324 999.000
      42     GLU  59.084 999.000  29.297 999.000 177.686 999.000   9.095 999.000 125.633 999.000   4.013 999.000
      43     SER  60.949 999.000  63.093 999.000 175.829 999.000   8.480 999.000 114.123 999.000   4.337 999.000
      44     GLU  58.496 999.000  29.295 999.000 177.985 999.000   7.957 999.000 122.557 999.000   4.100 999.000
      45     ALA  55.010 999.000  18.308 999.000 179.360 999.000   7.527 999.000 121.276 999.000   3.807 999.000
      46     VAL  66.119 999.000  31.244 999.000 177.897 999.000   7.313 999.000 118.434 999.000   3.469 999.000
      47     LYS  60.208 999.000  31.953 999.000 178.838 999.000   7.877 999.000 119.799 999.000   3.880 999.000
      48     GLN  58.681 999.000  28.211 999.000 178.215 999.000   8.130 999.000 118.769 999.000   3.961 999.000
      49     ALA  54.977 999.000  18.144 999.000 179.581 999.000   7.894 999.000 122.150 999.000   4.094 999.000
      50     LEU  57.596 999.000  41.459 999.000 178.897 999.000   8.133 999.000 118.582 999.000   4.112 999.000
      51     ARG  59.423 999.000  29.613 999.000 178.644 999.000   7.817 999.000 119.216 999.000   3.927 999.000
      52     GLU  58.974 999.000  29.335 999.000 178.819 999.000   8.082 999.000 118.977 999.000   4.085 999.000
      53     ALA  54.643 999.000  18.171 999.000 179.566 999.000   8.189 999.000 121.586 999.000   4.129 999.000
      54     GLY  47.066 999.000-999.000-999.000 175.455 999.000   8.343 999.000 106.551 999.000   4.210 999.000
      55     ASP  56.337 999.000  40.526 999.000 177.658 999.000   8.052 999.000 121.565 999.000   4.591 999.000
      56     GLU  58.385 999.000  29.890 999.000 177.982 999.000   7.739 999.000 120.296 999.000   4.181 999.000
      57     PHE  60.689 999.000  39.572 999.000 176.683 999.000   8.490 999.000 119.823 999.000   4.313 999.000
      58     GLU  56.498 999.000  29.886 999.000 177.340 999.000   7.744 999.000 115.873 999.000   4.153 999.000
      59     LEU  56.108 999.000  41.350 999.000 176.551 999.000   7.627 999.000 122.250 999.000   4.063 999.000
      60     ARG  57.440 999.000  27.878 999.000 175.463 999.000   8.819 999.000 122.435 999.000   3.807 999.000
      61     TYR  58.522 999.000  35.475 999.000 175.486 999.000   7.538 999.000 115.347 999.000   4.134 999.000
      62     ARG  57.834 999.000  30.221 999.000 176.932 999.000   7.590 999.000 119.099 999.000   4.080 999.000
      63     ARG  56.297 999.000  30.676 999.000 176.026 999.000   7.817 999.000 116.493 999.000   4.203 999.000
      64     ALA  52.121 999.000  19.230 999.000 176.657 999.000   7.407 999.000 122.108 999.000   4.190 999.000
      65     PHE  57.108 999.000  41.078 999.000 176.426 999.000   8.440 999.000 119.077 999.000   4.710 999.000
      66     SER  61.293 999.000  62.655 999.000 175.789 999.000   9.161 999.000 118.645 999.000   4.141 999.000
      67     ASP  56.086 999.000  39.915 999.000 177.531 999.000   8.303 999.000 121.211 999.000   4.466 999.000
      68     LEU  55.965 999.000  42.190 999.000 177.962 999.000   7.628 999.000 118.349 999.000   4.327 999.000
      69     THR  63.332 999.000  69.727 999.000 175.640 999.000   7.733 999.000 110.332 999.000   4.197 999.000
      70     SER  59.019 999.000  64.272 999.000 174.631 999.000   8.086 999.000 116.521 999.000   4.479 999.000
      71     GLN  55.502 999.000  28.516 999.000 175.737 999.000   8.051 999.000 120.421 999.000   4.288 999.000
      72     LEU  54.847 999.000  41.262 999.000 176.175 999.000   8.073 999.000 123.885 999.000   4.190 999.000
      73     HIS  55.355 999.000  30.244 999.000 174.747 999.000   8.334 999.000 123.961 999.000   4.630 999.000
      74     ILE  59.961 999.000  39.697 999.000 175.847 999.000   7.949 999.000 122.043 999.000   4.445 999.000
      75     THR  61.199 999.000  68.729 999.000 174.397 999.000   8.343 999.000 120.694 999.000   4.358 999.000
      76     PRO  63.508 999.000  32.322 999.000 176.777 999.000-999.000-999.000 999.000 999.000   4.395 999.000
      77     GLY  44.835 999.000-999.000-999.000 174.473 999.000   8.317 999.000 109.338 999.000   4.104 999.000
      78     THR  62.020 999.000  69.969 999.000 175.273 999.000   7.925 999.000 113.912 999.000   4.218 999.000
      79     ALA  54.689 999.000  18.437 999.000 178.453 999.000   8.515 999.000 126.780 999.000   3.911 999.000
      80     TYR  59.017 999.000  38.046 999.000 177.802 999.000   7.623 999.000 115.213 999.000   4.414 999.000
      81     GLN  57.478 999.000  28.298 999.000 177.436 999.000   7.868 999.000 118.759 999.000   4.048 999.000
      82     SER  61.143 999.000  63.052 999.000 175.980 999.000   7.607 999.000 116.072 999.000   4.156 999.000
      83     PHE  60.859 999.000  38.307 999.000 177.335 999.000   7.828 999.000 122.045 999.000   4.258 999.000
      84     GLU  59.802 999.000  29.292 999.000 178.409 999.000   7.653 999.000 119.854 999.000   3.504 999.000
      85     GLN  58.067 999.000  28.486 999.000 177.668 999.000   7.352 999.000 116.710 999.000   3.982 999.000
      86     VAL  65.300 999.000  31.940 999.000 177.277 999.000   7.422 999.000 119.250 999.000   3.731 999.000
      87     VAL  63.985 999.000  31.661 999.000 176.986 999.000   8.047 999.000 116.050 999.000   3.666 999.000
      88     ASN  55.758 999.000  38.376 999.000 176.319 999.000   7.831 999.000 118.548 999.000   4.090 999.000
      89     GLU  57.212 999.000  30.368 999.000 177.200 999.000   7.469 999.000 116.839 999.000   4.214 999.000
      90     LEU  57.085 999.000  41.648 999.000 177.662 999.000   7.382 999.000 119.415 999.000   3.938 999.000
      91     PHE  58.795 999.000  38.296 999.000 176.629 999.000   7.430 999.000 115.043 999.000   4.276 999.000
      92     ARG  58.015 999.000  29.732 999.000 177.028 999.000   7.382 999.000 119.719 999.000   3.664 999.000
      93     ASP  54.586 999.000  41.239 999.000 176.239 999.000   7.567 999.000 116.453 999.000   4.561 999.000
      94     GLY  44.776 999.000-999.000-999.000 173.245 999.000   7.160 999.000 107.622 999.000   3.902 999.000
      95     VAL  61.084 999.000  30.731 999.000 175.661 999.000   7.056 999.000 117.552 999.000   4.176 999.000
      96     ASN  53.115 999.000  39.846 999.000 175.639 999.000   7.706 999.000 119.632 999.000   4.596 999.000
      97     TRP  59.861 999.000  28.919 999.000 177.160 999.000   8.551 999.000 120.835 999.000   4.206 999.000
      98     GLY  47.589 999.000-999.000-999.000 175.357 999.000   7.526 999.000 107.787 999.000   3.557 999.000
      99     ARG  58.828 999.000  29.920 999.000 177.953 999.000   7.782 999.000 120.714 999.000   4.095 999.000
     100     ILE  64.496 999.000  37.184 999.000 177.506 999.000   7.485 999.000 119.862 999.000   3.703 999.000
     101     VAL  66.832 999.000  31.162 999.000 176.804 999.000   8.436 999.000 118.952 999.000   3.178 999.000
     102     ALA  55.431 999.000  18.016 999.000 178.300 999.000   8.020 999.000 122.435 999.000   3.905 999.000
     103     PHE  60.766 999.000  39.066 999.000 176.903 999.000   7.822 999.000 119.489 999.000   4.371 999.000
     104     PHE  59.134 999.000  38.093 999.000 177.562 999.000   8.742 999.000 117.878 999.000   4.156 999.000
     105     SER  61.771 999.000  62.674 999.000 176.332 999.000   8.644 999.000 115.869 999.000   4.447 999.000
     106     PHE  60.778 999.000  38.878 999.000 176.921 999.000   8.599 999.000 122.941 999.000   4.253 999.000
     107     GLY  47.643 999.000-999.000-999.000 176.218 999.000   8.326 999.000 106.482 999.000   3.768 999.000
     108     GLY  47.343 999.000-999.000-999.000 175.421 999.000   8.631 999.000 109.858 999.000   3.983 999.000
     109     ALA  54.865 999.000  18.296 999.000 179.044 999.000   8.142 999.000 124.552 999.000   4.096 999.000
     110     LEU  58.001 999.000  41.583 999.000 177.725 999.000   8.273 999.000 119.545 999.000   3.941 999.000
     111     CYS 999.000 999.000 999.000 999.000 999.000 999.000 999.000 999.000 999.000 999.000   4.082 999.000
     112     VAL  65.167 999.000  31.799 999.000 177.245 999.000   8.086 999.000 118.955 999.000   3.778 999.000
     113     GLU  57.986 999.000  29.483 999.000 177.388 999.000   8.023 999.000 118.498 999.000   4.175 999.000
     114     SER  58.674 999.000  63.669 999.000 175.127 999.000   7.791 999.000 113.661 999.000   4.521 999.000
     115     VAL  63.738 999.000  31.117 999.000 175.952 999.000   7.436 999.000 119.693 999.000   3.814 999.000
     116     ASP  54.513 999.000  40.296 999.000 176.727 999.000   8.061 999.000 119.434 999.000   4.570 999.000
     117     LYS  56.257 999.000  32.804 999.000 176.474 999.000   7.644 999.000 120.397 999.000   4.323 999.000
     118     GLU  55.738 999.000  29.571 999.000 176.533 999.000   8.567 999.000 120.713 999.000   4.378 999.000
     119     MET  57.767 999.000  31.382 999.000 177.665 999.000   8.549 999.000 121.517 999.000   4.078 999.000
     120     GLN  57.850 999.000  28.620 999.000 176.944 999.000   8.199 999.000 117.876 999.000   4.211 999.000
     121     VAL  62.321 999.000  33.677 999.000 176.885 999.000   7.773 999.000 114.240 999.000   4.335 999.000
     122     LEU  58.422 999.000  41.460 999.000 178.108 999.000   8.184 999.000 121.848 999.000   4.009 999.000
     123     VAL  66.249 999.000  31.284 999.000 178.141 999.000   7.937 999.000 117.542 999.000   3.521 999.000
     124     SER  61.671 999.000  62.946 999.000 176.464 999.000   7.799 999.000 116.010 999.000   4.356 999.000
     125     ARG  58.715 999.000  30.045 999.000 178.494 999.000   7.905 999.000 122.301 999.000   4.124 999.000
     126     ILE  65.015 999.000  37.561 999.000 177.409 999.000   8.687 999.000 120.700 999.000   3.961 999.000
     127     ALA  55.495 999.000  18.091 999.000 179.247 999.000   8.450 999.000 121.126 999.000   3.980 999.000
     128     ALA  55.259 999.000  18.145 999.000 179.082 999.000   7.815 999.000 120.931 999.000   4.003 999.000
     129     TRP  60.795 999.000  29.687 999.000 178.580 999.000   8.236 999.000 119.164 999.000   4.086 999.000
     130     MET  59.807 999.000  32.767 999.000 177.695 999.000   8.933 999.000 118.270 999.000   4.212 999.000
     131     ALA  55.297 999.000  18.288 999.000 178.465 999.000   8.426 999.000 121.498 999.000   4.152 999.000
     132     THR  66.735 999.000  67.944 999.000 176.008 999.000   8.001 999.000 116.031 999.000   3.925 999.000
     133     TYR  59.915 999.000  37.844 999.000 177.890 999.000   8.462 999.000 120.803 999.000   4.560 999.000
     134     LEU  58.507 999.000  41.605 999.000 177.592 999.000   8.799 999.000 120.227 999.000   4.011 999.000
     135     ASN  56.269 999.000  38.957 999.000 177.242 999.000   8.176 999.000 116.689 999.000   4.396 999.000
     136     ASP  56.018 999.000  40.856 999.000 176.968 999.000   8.082 999.000 118.330 999.000   4.491 999.000
     137     HIS  57.035 999.000  31.648 999.000 175.618 999.000   7.968 999.000 114.099 999.000   4.565 999.000
     138     LEU  56.360 999.000  43.094 999.000 177.331 999.000   8.159 999.000 118.209 999.000   4.477 999.000
     139     GLU  61.634 999.000  27.959 999.000 176.196 999.000   8.703 999.000 119.342 999.000   4.066 999.000
     140     PRO  65.452 999.000  31.381 999.000 178.227 999.000-999.000-999.000 999.000 999.000   4.191 999.000
     141     TRP  59.243 999.000  29.864 999.000 178.310 999.000   7.240 999.000 117.121 999.000   4.510 999.000
     142     ILE  64.786 999.000  37.396 999.000 177.463 999.000   8.155 999.000 119.835 999.000   3.822 999.000
     143     GLN  59.039 999.000  27.752 999.000 178.591 999.000   8.561 999.000 118.913 999.000   4.116 999.000
     144     GLU  58.369 999.000  29.565 999.000 177.833 999.000   7.718 999.000 118.836 999.000   4.081 999.000
     145     ASN  54.324 999.000  39.557 999.000 175.583 999.000   7.869 999.000 114.981 999.000   4.515 999.000
     146     GLY  45.513 999.000-999.000-999.000 174.296 999.000   7.765 999.000 106.797 999.000   4.121 999.000
     147     GLY  45.464 999.000-999.000-999.000 173.674 999.000   8.394 999.000 107.947 999.000   4.070 999.000
     148     TRP  60.630 999.000  29.485 999.000 177.796 999.000   8.913 999.000 123.913 999.000   4.598 999.000
     149     ASP  57.321 999.000  39.651 999.000 177.955 999.000   8.310 999.000 119.046 999.000   4.322 999.000
     150     THR  65.135 999.000  68.248 999.000 176.440 999.000   7.617 999.000 113.173 999.000   3.984 999.000
     151     PHE  60.199 999.000  39.022 999.000 177.752 999.000   7.727 999.000 120.507 999.000   4.339 999.000
     152     VAL  66.122 999.000  31.251 999.000 177.894 999.000   7.558 999.000 119.353 999.000   3.534 999.000
     153     GLU  59.234 999.000  29.140 999.000 178.633 999.000   7.937 999.000 120.017 999.000   3.880 999.000
     154     LEU  57.423 999.000  41.649 999.000 178.408 999.000   7.298 999.000 119.691 999.000   3.884 999.000
     155     TYR  59.721 999.000  38.743 999.000 177.580 999.000   7.857 999.000 117.768 999.000   4.367 999.000
     156     GLY  45.254 999.000-999.000-999.000 174.533 999.000   8.088 999.000 106.140 999.000   3.861 999.000
     157     ASN  53.390 999.000  38.335 999.000 175.572 999.000   7.899 999.000 117.792 999.000   4.476 999.000
     158     ASN  55.722 999.000  38.672 999.000 176.526 999.000   7.983 999.000 119.891 999.000   4.378 999.000
     159     ALA  54.751 999.000  18.380 999.000 179.221 999.000   8.208 999.000 121.822 999.000   4.143 999.000
     160     ALA  54.299 999.000  18.092 999.000 179.758 999.000   7.599 999.000 120.690 999.000   4.221 999.000
     161     ALA  54.627 999.000  18.083 999.000 179.986 999.000   7.628 999.000 120.604 999.000   4.175 999.000
     162     GLU  58.948 999.000  29.130 999.000 179.259 999.000   8.109 999.000 118.160 999.000   4.132 999.000
     163     SER  61.259 999.000  63.059 999.000 176.810 999.000   8.036 999.000 115.477 999.000   4.261 999.000
     164     ARG  58.353 999.000  29.631 999.000 178.637 999.000   7.867 999.000 121.936 999.000   4.149 999.000
     165     LYS  58.052 999.000  31.819 999.000 178.831 999.000   7.964 999.000 119.030 999.000   4.195 999.000
     166     GLY  45.995 999.000-999.000-999.000 175.350 999.000   7.904 999.000 107.370 999.000   3.939 999.000
     167     GLN  56.908 999.000  28.955 999.000 176.899 999.000   7.741 999.000 120.288 999.000   4.256 999.000
     168     GLU  57.107 999.000  29.881 999.000 176.899 999.000   7.713 999.000 118.886 999.000   4.302 999.000
     169     ARG 999.000 999.000 999.000 999.000 999.000 999.000 999.000 999.000 999.000 999.000 999.000 999.000
     630     GLU 999.000 999.000 999.000 999.000 999.000 999.000-999.000-999.000 999.000 999.000 999.000 999.000
     631     GLU 999.000 999.000 999.000 999.000 999.000 999.000 999.000 999.000 999.000 999.000 999.000 999.000
     632     GLN  54.906 999.000  28.111 999.000 176.387 999.000   7.814 999.000 119.868 999.000   4.266 999.000
     633     TRP  58.774 999.000  29.708 999.000 177.705 999.000   7.667 999.000 120.667 999.000   4.378 999.000
     634     ALA  54.750 999.000  18.132 999.000 178.914 999.000   8.351 999.000 121.476 999.000   4.126 999.000
     635     ARG  59.167 999.000  29.696 999.000 178.396 999.000   7.916 999.000 117.929 999.000   3.992 999.000
     636     GLU  58.885 999.000  29.341 999.000 178.961 999.000   7.630 999.000 119.071 999.000   4.159 999.000
     637     ILE  63.808 999.000  36.699 999.000 178.075 999.000   7.904 999.000 119.495 999.000   3.787 999.000
     638     GLY  47.642 999.000-999.000-999.000 176.010 999.000   8.448 999.000 107.856 999.000   3.785 999.000
     639     ALA  55.002 999.000  18.083 999.000 179.052 999.000   8.125 999.000 124.313 999.000   4.050 999.000
     640     GLN  58.823 999.000  28.439 999.000 178.382 999.000   7.836 999.000 118.217 999.000   3.804 999.000
     641     LEU  58.196 999.000  41.353 999.000 178.427 999.000   8.610 999.000 121.336 999.000   4.049 999.000
     642     ARG  59.617 999.000  29.807 999.000 178.704 999.000   8.480 999.000 118.976 999.000   3.888 999.000
     643     ARG  58.351 999.000  29.908 999.000 178.229 999.000   7.827 999.000 118.648 999.000   4.152 999.000
     644     MET  58.165 999.000  32.779 999.000 177.022 999.000   8.391 999.000 119.483 999.000   4.257 999.000
     645     ALA  52.630 999.000  18.725 999.000 176.546 999.000   7.944 999.000 119.029 999.000   4.321 999.000
     646     ASP  53.956 999.000  41.251 999.000 175.741 999.000   7.352 999.000 118.208 999.000   4.498 999.000
     647     ASP  54.422 999.000  41.232 999.000 176.815 999.000   8.400 999.000 124.167 999.000   4.505 999.000
     648     LEU  56.979 999.000  41.769 999.000 177.882 999.000   7.535 999.000 120.328 999.000   3.998 999.000
     649     ASN  54.158 999.000  38.086 999.000 175.878 999.000   7.995 999.000 115.714 999.000   4.488 999.000
     650     ALA  52.675 999.000  18.789 999.000 177.651 999.000   7.576 999.000 122.249 999.000   4.312 999.000
     651     GLN  56.633 999.000  29.155 999.000 175.687 999.000   7.558 999.000 118.509 999.000   4.048 999.000
     652     TYR  59.019 999.000  36.927 999.000 175.064 999.000   8.345 999.000 116.880 999.000   4.266 999.000
     653     GLU  57.379 999.000  30.311 999.000 176.593 999.000   7.960 999.000 119.672 999.000   4.292 999.000
     654     ARG 999.000 999.000 999.000 999.000 999.000 999.000 999.000 999.000 999.000 999.000 999.000 999.000
