   index residue  pre_ca  exp_ca  pre_cb  exp_cb   pre_c   exp_c   pre_h   exp_h   pre_n   exp_n  pre_ha  exp_ha
       1     MET 999.000 999.000 999.000 999.000 999.000 999.000-999.000-999.000 999.000 999.000 999.000 999.000
       2     SER 999.000 999.000 999.000 999.000 999.000 999.000 999.000 999.000 999.000 999.000 999.000 999.000
       3     GLN  57.146 999.000  28.962 999.000 176.370 999.000   8.286 999.000 121.029 999.000   4.168 999.000
       4     SER  57.993 999.000  64.008 999.000 175.079 999.000   8.405 999.000 112.552 999.000   4.701 999.000
       5     ASN  56.090 999.000  37.427 999.000 176.584 999.000   8.305 999.000 122.100 999.000   4.438 999.000
       6     ARG  59.673 999.000  29.890 999.000 177.461 999.000   8.460 999.000 119.672 999.000   4.003 999.000
       7     GLU  59.199 999.000  29.313 999.000 178.622 999.000   8.262 999.000 119.243 999.000   4.125 999.000
       8     LEU  57.157 999.000  41.461 999.000 178.914 999.000   8.225 999.000 118.371 999.000   3.996 999.000
       9     VAL  66.783 999.000  31.339 999.000 177.513 999.000   8.154 999.000 120.242 999.000   3.758 999.000
      10     VAL  66.747 999.000  31.427 999.000 176.928 999.000   7.773 999.000 119.117 999.000   3.232 999.000
      11     ASP  56.387 999.000  40.938 999.000 177.746 999.000   8.250 999.000 119.200 999.000   4.272 999.000
      12     PHE  61.398 999.000  39.385 999.000 177.019 999.000   7.985 999.000 122.028 999.000   4.134 999.000
      13     LEU  57.530 999.000  40.913 999.000 178.190 999.000   9.100 999.000 118.482 999.000   3.900 999.000
      14     SER  62.202 999.000  62.656 999.000 176.624 999.000   8.549 999.000 115.287 999.000   4.108 999.000
      15     TYR  61.891 999.000  38.306 999.000 177.075 999.000   8.455 999.000 123.899 999.000   4.224 999.000
      16     LYS  59.367 999.000  31.596 999.000 179.131 999.000   8.241 999.000 119.630 999.000   3.824 999.000
      17     LEU  58.313 999.000  41.911 999.000 178.631 999.000   9.018 999.000 119.688 999.000   4.102 999.000
      18     SER  59.961 999.000  63.312 999.000 176.527 999.000   8.500 999.000 115.015 999.000   4.111 999.000
      19     GLN  57.955 999.000  28.740 999.000 176.693 999.000   8.295 999.000 121.769 999.000   4.063 999.000
      20     LYS  54.865 999.000  32.447 999.000 176.187 999.000   7.274 999.000 118.001 999.000   4.303 999.000
      21     GLY  45.640 999.000-999.000-999.000 174.342 999.000   7.915 999.000 107.100 999.000   3.713 999.000
      22     TYR  58.019 999.000  37.737 999.000 176.135 999.000   7.417 999.000 121.614 999.000   4.346 999.000
      23     SER  57.560 999.000  63.270 999.000 174.997 999.000   8.256 999.000 119.342 999.000   4.464 999.000
      24     TRP  59.718 999.000  30.129 999.000 177.069 999.000   8.768 999.000 128.083 999.000   4.615 999.000
      25     SER  61.433 999.000  62.037 999.000 177.229 999.000   8.547 999.000 113.792 999.000   3.806 999.000
      26     GLN  58.091 999.000  28.135 999.000 177.962 999.000   7.814 999.000 120.870 999.000   4.044 999.000
      27     PHE  58.918 999.000  38.085 999.000 178.211 999.000   7.696 999.000 117.725 999.000   4.324 999.000
      28     SER  58.716 999.000  63.469 999.000 174.913 999.000   7.080 999.000 114.857 999.000   3.930 999.000
      29     ASP  54.291 999.000  40.738 999.000 177.074 999.000   8.551 999.000 123.595 999.000   4.615 999.000
      30     VAL  63.872 999.000  31.443 999.000 177.020 999.000   8.389 999.000 123.544 999.000   3.853 999.000
      31     GLU  58.416 999.000  28.930 999.000 177.684 999.000   8.200 999.000 121.659 999.000   4.184 999.000
      32     GLU  56.414 999.000  29.138 999.000 176.317 999.000   7.848 999.000 118.281 999.000   4.258 999.000
      33     ASN  53.653 999.000  37.868 999.000 175.787 999.000   7.984 999.000 119.382 999.000   4.568 999.000
      34     ARG  55.527 999.000  28.731 999.000 176.227 999.000   8.735 999.000 125.451 999.000   4.443 999.000
      35     THR  62.400 999.000  68.938 999.000 175.636 999.000   8.231 999.000 115.001 999.000   4.234 999.000
      36     GLU  57.973 999.000  29.775 999.000 176.342 999.000   8.329 999.000 122.196 999.000   4.201 999.000
      37     ALA  50.559 999.000  19.811 999.000 174.453 999.000   7.784 999.000 121.005 999.000   4.552 999.000
      38     PRO  62.576 999.000  32.681 999.000 176.628 999.000-999.000-999.000 999.000 999.000   4.483 999.000
      39     GLU  56.409 999.000  28.986 999.000 177.221 999.000   8.621 999.000 120.902 999.000   4.271 999.000
      40     GLY  45.515 999.000-999.000-999.000 174.616 999.000   8.526 999.000 111.752 999.000   4.068 999.000
      41     THR  61.602 999.000  69.750 999.000 175.812 999.000   8.316 999.000 111.546 999.000   4.506 999.000
      42     GLU  58.885 999.000  29.308 999.000 177.817 999.000   8.352 999.000 123.715 999.000   4.200 999.000
      43     SER  58.978 999.000  63.662 999.000 175.186 999.000   7.903 999.000 112.932 999.000   4.253 999.000
      44     GLU  59.641 999.000  29.018 999.000 178.536 999.000   8.303 999.000 122.993 999.000   3.845 999.000
      45     ALA  55.350 999.000  18.475 999.000 178.738 999.000   8.178 999.000 120.736 999.000   4.208 999.000
      46     VAL  62.790 999.000  31.596 999.000 177.233 999.000   7.620 999.000 114.177 999.000   3.871 999.000
      47     LYS  59.354 999.000  32.222 999.000 177.675 999.000   8.232 999.000 120.968 999.000   3.749 999.000
      48     GLN  57.851 999.000  28.882 999.000 176.533 999.000   7.558 999.000 118.150 999.000   4.130 999.000
      49     ALA  55.209 999.000  18.283 999.000 179.497 999.000   8.497 999.000 120.241 999.000   3.976 999.000
      50     LEU  57.105 999.000  41.372 999.000 177.744 999.000   7.729 999.000 119.140 999.000   4.059 999.000
      51     ARG  59.809 999.000  29.473 999.000 177.978 999.000   8.256 999.000 120.865 999.000   3.906 999.000
      52     GLU  59.264 999.000  29.440 999.000 179.025 999.000   8.094 999.000 117.265 999.000   4.034 999.000
      53     ALA  55.236 999.000  18.084 999.000 179.474 999.000   7.795 999.000 121.096 999.000   4.291 999.000
      54     GLY  46.637 999.000-999.000-999.000 175.446 999.000   8.321 999.000 106.036 999.000   4.055 999.000
      55     ASP  56.877 999.000  41.983 999.000 177.305 999.000   8.074 999.000 121.345 999.000   4.464 999.000
      56     GLU  58.050 999.000  29.955 999.000 177.558 999.000   7.474 999.000 117.930 999.000   4.238 999.000
      57     PHE  62.274 999.000  39.291 999.000 177.352 999.000   8.135 999.000 120.633 999.000   3.955 999.000
      58     GLU  59.167 999.000  29.406 999.000 178.153 999.000   8.429 999.000 117.057 999.000   3.559 999.000
      59     LEU  56.082 999.000  41.309 999.000 178.604 999.000   7.442 999.000 118.299 999.000   4.319 999.000
      60     ARG  58.609 999.000  30.482 999.000 177.006 999.000   8.547 999.000 118.225 999.000   3.835 999.000
      61     TYR  55.580 999.000  37.698 999.000 175.501 999.000   8.064 999.000 118.354 999.000   4.844 999.000
      62     ARG  59.590 999.000  29.611 999.000 177.901 999.000   7.868 999.000 120.876 999.000   4.154 999.000
      63     ARG  58.964 999.000  29.420 999.000 177.862 999.000   8.561 999.000 117.948 999.000   4.180 999.000
      64     ALA  54.276 999.000  18.559 999.000 178.964 999.000   7.842 999.000 122.063 999.000   4.228 999.000
      65     PHE  61.159 999.000  39.181 999.000 176.621 999.000   9.159 999.000 119.902 999.000   4.370 999.000
      66     SER  62.187 999.000  62.146 999.000 176.699 999.000   8.972 999.000 115.058 999.000   4.071 999.000
      67     ASP  56.546 999.000  40.120 999.000 178.018 999.000   7.901 999.000 122.323 999.000   4.488 999.000
      68     LEU  56.504 999.000  42.919 999.000 177.217 999.000   7.652 999.000 119.452 999.000   4.092 999.000
      69     THR  61.189 999.000  69.893 999.000 174.537 999.000   7.430 999.000 105.420 999.000   4.521 999.000
      70     SER  58.291 999.000  63.538 999.000 174.513 999.000   8.030 999.000 115.532 999.000   4.470 999.000
      71     GLN  56.935 999.000  30.057 999.000 176.059 999.000   7.830 999.000 119.648 999.000   4.214 999.000
      72     LEU  54.936 999.000  41.268 999.000 176.294 999.000   7.981 999.000 121.957 999.000   4.113 999.000
      73     HIS  55.764 999.000  29.591 999.000 175.238 999.000   8.530 999.000 126.012 999.000   4.644 999.000
      74     ILE  60.320 999.000  38.654 999.000 175.484 999.000   8.285 999.000 126.123 999.000   4.187 999.000
      75     THR  58.561 999.000  69.986 999.000 173.412 999.000   7.999 999.000 118.925 999.000   4.894 999.000
      76     PRO  63.741 999.000  31.909 999.000 177.661 999.000-999.000-999.000 999.000 999.000   4.344 999.000
      77     GLY  45.180 999.000-999.000-999.000 174.802 999.000   8.680 999.000 113.543 999.000   4.198 999.000
      78     THR  63.738 999.000  70.333 999.000 173.985 999.000   8.092 999.000 119.156 999.000   4.349 999.000
      79     ALA  50.801 999.000  22.137 999.000 176.432 999.000   8.481 999.000 128.196 999.000   4.555 999.000
      80     TYR  61.908 999.000  38.276 999.000 177.398 999.000   8.387 999.000 121.159 999.000   2.821 999.000
      81     GLN  58.939 999.000  28.167 999.000 178.027 999.000   8.318 999.000 119.444 999.000   4.039 999.000
      82     SER  60.981 999.000  62.398 999.000 176.288 999.000   8.295 999.000 112.640 999.000   4.200 999.000
      83     PHE  60.266 999.000  38.910 999.000 176.261 999.000   7.514 999.000 122.247 999.000   4.391 999.000
      84     GLU  59.790 999.000  29.161 999.000 178.161 999.000   8.090 999.000 120.513 999.000   3.270 999.000
      85     GLN  58.183 999.000  28.158 999.000 177.798 999.000   7.707 999.000 116.047 999.000   3.917 999.000
      86     VAL  64.817 999.000  32.282 999.000 177.651 999.000   7.659 999.000 119.242 999.000   3.761 999.000
      87     VAL  63.947 999.000  30.794 999.000 177.234 999.000   7.121 999.000 113.658 999.000   3.478 999.000
      88     ASN  56.998 999.000  39.171 999.000 176.141 999.000   8.616 999.000 120.516 999.000   4.405 999.000
      89     GLU  59.287 999.000  29.190 999.000 177.094 999.000   8.169 999.000 118.119 999.000   4.115 999.000
      90     LEU  54.443 999.000  42.114 999.000 175.754 999.000   7.114 999.000 115.191 999.000   4.459 999.000
      91     PHE  58.692 999.000  42.076 999.000 176.378 999.000   8.774 999.000 119.497 999.000   4.335 999.000
      92     ARG  58.620 999.000  29.895 999.000 177.239 999.000   9.061 999.000 119.028 999.000   3.814 999.000
      93     ASP  53.550 999.000  39.173 999.000 176.502 999.000   8.217 999.000 118.651 999.000   4.513 999.000
      94     GLY  45.217 999.000-999.000-999.000 173.477 999.000   7.855 999.000 107.743 999.000   3.865 999.000
      95     VAL  59.927 999.000  34.571 999.000 174.235 999.000   7.750 999.000 117.539 999.000   4.184 999.000
      96     ASN  52.283 999.000  41.935 999.000 174.581 999.000   7.765 999.000 121.598 999.000   3.782 999.000
      97     TRP  60.458 999.000  30.558 999.000 177.843 999.000   9.130 999.000 121.775 999.000   4.605 999.000
      98     GLY  47.334 999.000-999.000-999.000 175.752 999.000   9.130 999.000 106.023 999.000   4.123 999.000
      99     ARG  58.664 999.000  30.270 999.000 177.804 999.000   8.498 999.000 120.354 999.000   4.363 999.000
     100     ILE  65.000 999.000  37.911 999.000 177.555 999.000   7.822 999.000 121.110 999.000   4.013 999.000
     101     VAL  66.218 999.000  31.194 999.000 177.171 999.000   8.943 999.000 119.590 999.000   3.755 999.000
     102     ALA  55.073 999.000  18.379 999.000 178.318 999.000   8.611 999.000 122.810 999.000   2.934 999.000
     103     PHE  61.504 999.000  38.670 999.000 176.893 999.000   8.150 999.000 119.076 999.000   4.288 999.000
     104     PHE  62.865 999.000  39.196 999.000 177.613 999.000   8.474 999.000 117.973 999.000   3.758 999.000
     105     SER  61.201 999.000  62.736 999.000 176.456 999.000   8.331 999.000 115.051 999.000   4.286 999.000
     106     PHE  60.160 999.000  38.941 999.000 176.736 999.000   8.691 999.000 122.443 999.000   4.398 999.000
     107     GLY  47.896 999.000-999.000-999.000 175.975 999.000   7.973 999.000 105.435 999.000   3.525 999.000
     108     GLY  46.862 999.000-999.000-999.000 174.752 999.000   7.888 999.000 108.466 999.000   4.049 999.000
     109     ALA  53.267 999.000  19.949 999.000 177.939 999.000   7.644 999.000 122.616 999.000   4.558 999.000
     110     LEU  58.158 999.000  41.391 999.000 177.536 999.000   8.091 999.000 119.173 999.000   4.006 999.000
     111     CYS 999.000 999.000 999.000 999.000 999.000 999.000 999.000 999.000 999.000 999.000   3.785 999.000
     112     VAL  65.190 999.000  31.438 999.000 177.398 999.000   7.587 999.000 120.474 999.000   3.365 999.000
     113     GLU  59.814 999.000  29.233 999.000 178.865 999.000   8.058 999.000 120.099 999.000   4.054 999.000
     114     SER  62.131 999.000  62.902 999.000 176.507 999.000   8.264 999.000 116.420 999.000   4.125 999.000
     115     VAL  66.001 999.000  31.282 999.000 177.965 999.000   7.977 999.000 122.046 999.000   3.498 999.000
     116     ASP  57.197 999.000  41.623 999.000 177.521 999.000   8.274 999.000 119.940 999.000   4.468 999.000
     117     LYS  56.100 999.000  31.898 999.000 176.059 999.000   7.423 999.000 117.283 999.000   4.225 999.000
     118     GLU  57.155 999.000  27.261 999.000 175.881 999.000   7.812 999.000 115.225 999.000   3.927 999.000
     119     MET  55.206 999.000  30.907 999.000 175.831 999.000   8.147 999.000 119.741 999.000   4.501 999.000
     120     GLN  58.742 999.000  28.387 999.000 176.933 999.000   7.810 999.000 121.366 999.000   3.416 999.000
     121     VAL  64.770 999.000  32.063 999.000 176.880 999.000   7.774 999.000 119.630 999.000   3.802 999.000
     122     LEU  57.613 999.000  40.910 999.000 178.515 999.000   7.574 999.000 119.944 999.000   3.853 999.000
     123     VAL  65.363 999.000  31.194 999.000 177.117 999.000   7.406 999.000 116.236 999.000   3.428 999.000
     124     SER  61.523 999.000  63.244 999.000 177.133 999.000   7.571 999.000 116.328 999.000   4.332 999.000
     125     ARG  58.301 999.000  29.251 999.000 178.614 999.000   7.847 999.000 120.318 999.000   3.770 999.000
     126     ILE  65.120 999.000  37.976 999.000 177.550 999.000   7.747 999.000 120.154 999.000   2.750 999.000
     127     ALA  55.646 999.000  18.108 999.000 178.828 999.000   8.597 999.000 121.917 999.000   3.804 999.000
     128     ALA  54.472 999.000  18.518 999.000 178.577 999.000   7.616 999.000 120.268 999.000   4.081 999.000
     129     TRP  58.363 999.000  28.471 999.000 178.431 999.000   8.363 999.000 120.320 999.000   4.865 999.000
     130     MET  59.793 999.000  32.887 999.000 177.814 999.000   8.520 999.000 117.473 999.000   4.444 999.000
     131     ALA  55.534 999.000  18.396 999.000 178.620 999.000   8.556 999.000 120.754 999.000   4.272 999.000
     132     THR  66.721 999.000  67.714 999.000 175.541 999.000   8.176 999.000 117.603 999.000   4.249 999.000
     133     TYR  62.337 999.000  38.645 999.000 176.917 999.000   9.042 999.000 123.463 999.000   4.134 999.000
     134     LEU  58.805 999.000  41.747 999.000 178.100 999.000   8.939 999.000 119.132 999.000   3.970 999.000
     135     ASN  56.324 999.000  39.158 999.000 177.514 999.000   7.619 999.000 117.130 999.000   4.291 999.000
     136     ASP  56.782 999.000  40.325 999.000 177.327 999.000   8.278 999.000 118.915 999.000   4.264 999.000
     137     HIS  57.033 999.000  31.891 999.000 176.174 999.000   7.727 999.000 114.766 999.000   4.294 999.000
     138     LEU  56.626 999.000  41.866 999.000 177.785 999.000   7.525 999.000 116.426 999.000   4.236 999.000
     139     GLU  61.792 999.000  28.053 999.000 176.496 999.000   9.637 999.000 119.562 999.000   3.947 999.000
     140     PRO  66.001 999.000  31.363 999.000 178.166 999.000-999.000-999.000 999.000 999.000   4.152 999.000
     141     TRP  60.724 999.000  29.485 999.000 177.993 999.000   7.499 999.000 118.485 999.000   4.316 999.000
     142     ILE  65.602 999.000  38.019 999.000 176.757 999.000   8.671 999.000 120.520 999.000   3.331 999.000
     143     GLN  59.029 999.000  28.451 999.000 178.330 999.000   8.561 999.000 120.206 999.000   4.019 999.000
     144     GLU  58.902 999.000  29.589 999.000 178.100 999.000   7.862 999.000 119.128 999.000   3.936 999.000
     145     ASN  55.342 999.000  40.051 999.000 176.258 999.000   8.057 999.000 115.926 999.000   4.202 999.000
     146     GLY  44.830 999.000-999.000-999.000 174.585 999.000   8.036 999.000 108.468 999.000   4.270 999.000
     147     GLY  44.403 999.000-999.000-999.000 174.021 999.000   8.726 999.000 107.623 999.000   4.115 999.000
     148     TRP  59.122 999.000  29.910 999.000 177.925 999.000   8.707 999.000 120.272 999.000   4.702 999.000
     149     ASP  56.941 999.000  39.720 999.000 178.069 999.000   8.472 999.000 119.000 999.000   4.475 999.000
     150     THR  65.550 999.000  68.472 999.000 175.726 999.000   7.859 999.000 116.854 999.000   4.170 999.000
     151     PHE  61.942 999.000  39.245 999.000 177.499 999.000   7.398 999.000 122.547 999.000   3.830 999.000
     152     VAL  65.071 999.000  31.517 999.000 176.566 999.000   8.102 999.000 115.603 999.000   3.726 999.000
     153     GLU  57.427 999.000  30.575 999.000 177.724 999.000   7.532 999.000 119.658 999.000   4.450 999.000
     154     LEU  56.855 999.000  42.064 999.000 177.604 999.000   8.264 999.000 118.766 999.000   4.005 999.000
     155     TYR  57.918 999.000  39.060 999.000 176.422 999.000   8.165 999.000 115.779 999.000   4.345 999.000
     156     GLY  45.498 999.000-999.000-999.000 174.451 999.000   7.510 999.000 107.715 999.000   4.052 999.000
     157     ASN  56.468 999.000  39.071 999.000 176.704 999.000   9.018 999.000 119.100 999.000   4.457 999.000
     158     ASN  55.201 999.000  38.629 999.000 175.738 999.000   8.611 999.000 115.633 999.000   4.570 999.000
     159     ALA  53.405 999.000  19.146 999.000 178.676 999.000   7.715 999.000 121.958 999.000   4.306 999.000
     160     ALA  54.641 999.000  18.089 999.000 179.426 999.000   8.159 999.000 121.199 999.000   4.164 999.000
     161     ALA  54.476 999.000  18.205 999.000 179.555 999.000   8.119 999.000 119.746 999.000   4.095 999.000
     162     GLU  59.079 999.000  29.393 999.000 178.518 999.000   8.047 999.000 118.457 999.000   4.097 999.000
     163     SER  61.314 999.000  62.949 999.000 176.718 999.000   8.080 999.000 115.864 999.000   4.137 999.000
     164     ARG  59.225 999.000  29.792 999.000 177.684 999.000   8.297 999.000 122.931 999.000   4.237 999.000
     165     LYS  57.871 999.000  31.926 999.000 178.269 999.000   7.797 999.000 118.338 999.000   4.293 999.000
     166     GLY  46.237 999.000-999.000-999.000 175.033 999.000   7.586 999.000 107.566 999.000   3.878 999.000
     167     GLN  57.263 999.000  29.412 999.000 177.681 999.000   7.661 999.000 119.570 999.000   4.082 999.000
     168     GLU  57.044 999.000  29.638 999.000 177.002 999.000   8.194 999.000 119.945 999.000   4.248 999.000
     169     ARG 999.000 999.000 999.000 999.000 999.000 999.000 999.000 999.000 999.000 999.000 999.000 999.000
