   index residue  pre_ca  exp_ca  pre_cb  exp_cb   pre_c   exp_c   pre_h   exp_h   pre_n   exp_n  pre_ha  exp_ha
       1     MET 999.000 999.000 999.000 999.000 999.000 999.000-999.000-999.000 999.000 999.000 999.000 999.000
       2     SER 999.000 999.000 999.000 999.000 999.000 999.000 999.000 999.000 999.000 999.000 999.000 999.000
       3     GLN  57.246 999.000  28.749 999.000 177.045 999.000   8.087 999.000 120.035 999.000   4.229 999.000
       4     SER  60.213 999.000  63.391 999.000 175.926 999.000   7.715 999.000 115.409 999.000   4.208 999.000
       5     ASN  55.721 999.000  37.704 999.000 176.603 999.000   8.364 999.000 121.100 999.000   4.456 999.000
       6     ARG  59.000 999.000  30.173 999.000 177.441 999.000   7.830 999.000 120.010 999.000   4.142 999.000
       7     GLU  59.090 999.000  29.233 999.000 179.069 999.000   7.632 999.000 118.966 999.000   3.997 999.000
       8     LEU  57.671 999.000  41.518 999.000 178.670 999.000   7.849 999.000 119.019 999.000   4.148 999.000
       9     VAL  66.313 999.000  31.326 999.000 177.607 999.000   7.287 999.000 119.336 999.000   3.079 999.000
      10     VAL  66.972 999.000  31.146 999.000 176.421 999.000   8.301 999.000 118.545 999.000   3.673 999.000
      11     ASP  57.464 999.000  41.264 999.000 177.486 999.000   7.730 999.000 119.846 999.000   4.377 999.000
      12     PHE  61.506 999.000  39.707 999.000 177.247 999.000   7.976 999.000 120.648 999.000   4.228 999.000
      13     LEU  58.242 999.000  41.178 999.000 178.547 999.000   8.792 999.000 118.546 999.000   4.084 999.000
      14     SER  62.217 999.000  62.576 999.000 176.542 999.000   8.532 999.000 115.106 999.000   4.330 999.000
      15     TYR  60.922 999.000  37.907 999.000 176.988 999.000   8.484 999.000 124.336 999.000   4.335 999.000
      16     LYS  58.499 999.000  31.403 999.000 179.111 999.000   8.144 999.000 118.434 999.000   3.798 999.000
      17     LEU  58.055 999.000  41.566 999.000 178.788 999.000   8.556 999.000 119.856 999.000   4.046 999.000
      18     SER  61.766 999.000  62.836 999.000 177.137 999.000   8.442 999.000 115.858 999.000   4.252 999.000
      19     GLN  57.816 999.000  28.596 999.000 177.483 999.000   8.018 999.000 120.455 999.000   4.051 999.000
      20     LYS  56.285 999.000  32.616 999.000 177.052 999.000   7.313 999.000 117.544 999.000   4.073 999.000
      21     GLY  45.579 999.000-999.000-999.000 174.067 999.000   7.441 999.000 107.610 999.000   3.937 999.000
      22     TYR  54.780 999.000  39.970 999.000 175.287 999.000   8.226 999.000 119.455 999.000   4.766 999.000
      23     SER  56.421 999.000  65.954 999.000 174.562 999.000   8.592 999.000 113.621 999.000   4.770 999.000
      24     TRP  59.618 999.000  29.542 999.000 176.457 999.000   8.348 999.000 121.035 999.000   4.261 999.000
      25     SER  58.742 999.000  64.457 999.000 173.804 999.000   7.845 999.000 110.947 999.000   4.359 999.000
      26     GLN  54.507 999.000  31.931 999.000 175.035 999.000   7.555 999.000 119.804 999.000   4.408 999.000
      27     PHE  58.715 999.000  38.216 999.000 175.761 999.000   8.478 999.000 121.071 999.000   4.130 999.000
      28     SER  57.170 999.000  64.933 999.000 174.051 999.000   7.475 999.000 113.749 999.000   4.692 999.000
      29     ASP  54.673 999.000  39.712 999.000 177.096 999.000   8.609 999.000 124.128 999.000   4.478 999.000
      30     VAL  63.508 999.000  31.767 999.000 176.677 999.000   7.873 999.000 117.393 999.000   3.949 999.000
      31     GLU  56.486 999.000  30.295 999.000 176.397 999.000   8.126 999.000 120.239 999.000   4.304 999.000
      32     GLU  57.012 999.000  30.569 999.000 176.669 999.000   8.118 999.000 118.678 999.000   4.180 999.000
      33     ASN  53.390 999.000  37.644 999.000 174.914 999.000   8.370 999.000 116.390 999.000   4.551 999.000
      34     ARG  55.783 999.000  30.782 999.000 176.293 999.000   8.021 999.000 119.447 999.000   4.331 999.000
      35     THR  61.677 999.000  70.061 999.000 174.923 999.000   8.201 999.000 115.746 999.000   4.355 999.000
      36     GLU  56.545 999.000  30.041 999.000 175.843 999.000   8.617 999.000 122.710 999.000   4.221 999.000
      37     ALA  50.860 999.000  18.337 999.000 175.572 999.000   8.228 999.000 124.554 999.000   4.442 999.000
      38     PRO  62.852 999.000  32.400 999.000 176.976 999.000-999.000-999.000 999.000 999.000   4.534 999.000
      39     GLU  56.949 999.000  29.903 999.000 177.020 999.000   8.632 999.000 121.805 999.000   4.178 999.000
      40     GLY  45.599 999.000-999.000-999.000 174.902 999.000   8.647 999.000 111.153 999.000   4.079 999.000
      41     THR  62.177 999.000  70.008 999.000 175.029 999.000   7.485 999.000 115.737 999.000   4.327 999.000
      42     GLU  59.168 999.000  29.290 999.000 177.732 999.000   9.098 999.000 126.008 999.000   3.986 999.000
      43     SER  61.039 999.000  63.059 999.000 175.961 999.000   8.501 999.000 114.083 999.000   4.330 999.000
      44     GLU  58.503 999.000  29.254 999.000 178.089 999.000   7.951 999.000 122.458 999.000   4.112 999.000
      45     ALA  54.997 999.000  18.283 999.000 179.386 999.000   7.503 999.000 121.427 999.000   3.820 999.000
      46     VAL  66.116 999.000  31.228 999.000 177.906 999.000   7.365 999.000 118.476 999.000   3.480 999.000
      47     LYS  60.146 999.000  31.957 999.000 178.820 999.000   7.794 999.000 119.732 999.000   3.901 999.000
      48     GLN  58.661 999.000  28.182 999.000 178.227 999.000   8.115 999.000 118.777 999.000   3.956 999.000
      49     ALA  54.953 999.000  18.149 999.000 179.554 999.000   7.928 999.000 122.161 999.000   4.095 999.000
      50     LEU  57.563 999.000  41.491 999.000 178.857 999.000   8.103 999.000 118.659 999.000   4.129 999.000
      51     ARG  59.487 999.000  29.635 999.000 178.635 999.000   7.816 999.000 119.150 999.000   3.912 999.000
      52     GLU  58.960 999.000  29.326 999.000 178.813 999.000   8.021 999.000 119.001 999.000   4.086 999.000
      53     ALA  54.651 999.000  18.172 999.000 179.605 999.000   8.166 999.000 121.631 999.000   4.135 999.000
      54     GLY  47.113 999.000-999.000-999.000 175.486 999.000   8.388 999.000 106.714 999.000   4.209 999.000
      55     ASP  56.347 999.000  40.503 999.000 177.699 999.000   8.081 999.000 121.698 999.000   4.579 999.000
      56     GLU  58.418 999.000  29.896 999.000 177.963 999.000   7.773 999.000 120.199 999.000   4.168 999.000
      57     PHE  60.746 999.000  39.638 999.000 176.732 999.000   8.449 999.000 119.854 999.000   4.286 999.000
      58     GLU  56.624 999.000  29.864 999.000 177.421 999.000   7.787 999.000 115.913 999.000   4.168 999.000
      59     LEU  56.139 999.000  41.415 999.000 176.573 999.000   7.610 999.000 122.256 999.000   4.053 999.000
      60     ARG  57.433 999.000  27.886 999.000 175.488 999.000   8.824 999.000 122.546 999.000   3.798 999.000
      61     TYR  58.473 999.000  35.441 999.000 175.511 999.000   7.533 999.000 115.230 999.000   4.151 999.000
      62     ARG  57.868 999.000  30.178 999.000 176.955 999.000   7.563 999.000 119.166 999.000   4.088 999.000
      63     ARG  56.282 999.000  30.642 999.000 176.010 999.000   7.854 999.000 116.456 999.000   4.228 999.000
      64     ALA  52.047 999.000  18.919 999.000 176.685 999.000   7.484 999.000 122.306 999.000   4.208 999.000
      65     PHE  57.047 999.000  40.645 999.000 176.512 999.000   8.445 999.000 119.606 999.000   4.694 999.000
      66     SER  61.333 999.000  62.676 999.000 175.772 999.000   9.130 999.000 119.079 999.000   4.141 999.000
      67     ASP  56.046 999.000  39.918 999.000 177.302 999.000   8.324 999.000 121.010 999.000   4.454 999.000
      68     LEU  55.729 999.000  42.457 999.000 177.704 999.000   7.613 999.000 118.040 999.000   4.398 999.000
      69     THR  63.077 999.000  69.908 999.000 175.495 999.000   7.699 999.000 109.872 999.000   4.244 999.000
      70     SER  59.220 999.000  64.233 999.000 174.688 999.000   8.171 999.000 116.309 999.000   4.490 999.000
      71     GLN  55.390 999.000  28.349 999.000 175.739 999.000   8.027 999.000 120.701 999.000   4.312 999.000
      72     LEU  54.882 999.000  41.346 999.000 176.245 999.000   7.971 999.000 123.329 999.000   4.200 999.000
      73     HIS  55.374 999.000  30.228 999.000 174.821 999.000   8.379 999.000 123.976 999.000   4.631 999.000
      74     ILE  60.057 999.000  39.259 999.000 175.936 999.000   7.998 999.000 122.975 999.000   4.384 999.000
      75     THR  60.943 999.000  68.789 999.000 174.330 999.000   8.316 999.000 120.858 999.000   4.358 999.000
      76     PRO  63.517 999.000  32.317 999.000 176.794 999.000-999.000-999.000 999.000 999.000   4.385 999.000
      77     GLY  44.853 999.000-999.000-999.000 174.483 999.000   8.308 999.000 109.337 999.000   4.101 999.000
      78     THR  62.002 999.000  69.960 999.000 175.177 999.000   7.926 999.000 113.969 999.000   4.208 999.000
      79     ALA  54.543 999.000  18.628 999.000 178.239 999.000   8.495 999.000 126.767 999.000   3.896 999.000
      80     TYR  58.852 999.000  38.347 999.000 177.744 999.000   7.647 999.000 114.850 999.000   4.319 999.000
      81     GLN  57.581 999.000  28.214 999.000 177.484 999.000   7.884 999.000 118.720 999.000   4.042 999.000
      82     SER  61.127 999.000  63.005 999.000 176.009 999.000   7.573 999.000 116.154 999.000   4.150 999.000
      83     PHE  60.540 999.000  38.151 999.000 177.449 999.000   7.812 999.000 122.215 999.000   4.304 999.000
      84     GLU  59.814 999.000  29.324 999.000 178.407 999.000   7.588 999.000 119.843 999.000   3.511 999.000
      85     GLN  57.921 999.000  28.514 999.000 177.639 999.000   7.391 999.000 116.618 999.000   4.000 999.000
      86     VAL  65.361 999.000  31.953 999.000 177.277 999.000   7.412 999.000 119.338 999.000   3.733 999.000
      87     VAL  63.601 999.000  31.624 999.000 176.954 999.000   7.984 999.000 114.982 999.000   3.689 999.000
      88     ASN  55.816 999.000  38.473 999.000 176.168 999.000   7.718 999.000 118.719 999.000   4.038 999.000
      89     GLU  57.007 999.000  30.562 999.000 177.099 999.000   7.547 999.000 116.450 999.000   4.243 999.000
      90     LEU  57.222 999.000  41.690 999.000 177.521 999.000   7.354 999.000 119.603 999.000   3.876 999.000
      91     PHE  58.482 999.000  38.505 999.000 176.542 999.000   7.372 999.000 114.373 999.000   4.339 999.000
      92     ARG  58.081 999.000  29.811 999.000 177.022 999.000   7.416 999.000 119.689 999.000   3.585 999.000
      93     ASP  54.504 999.000  41.185 999.000 176.204 999.000   7.577 999.000 116.443 999.000   4.550 999.000
      94     GLY  44.925 999.000-999.000-999.000 173.191 999.000   7.164 999.000 107.702 999.000   3.929 999.000
      95     VAL  60.988 999.000  30.698 999.000 175.720 999.000   7.329 999.000 116.969 999.000   4.248 999.000
      96     ASN  53.247 999.000  39.695 999.000 175.655 999.000   7.659 999.000 119.463 999.000   4.495 999.000
      97     TRP  59.871 999.000  28.995 999.000 177.288 999.000   8.460 999.000 121.597 999.000   4.199 999.000
      98     GLY  47.627 999.000-999.000-999.000 175.389 999.000   7.716 999.000 107.778 999.000   3.623 999.000
      99     ARG  58.907 999.000  29.956 999.000 177.964 999.000   7.824 999.000 120.641 999.000   4.093 999.000
     100     ILE  64.473 999.000  37.222 999.000 177.493 999.000   7.421 999.000 119.776 999.000   3.712 999.000
     101     VAL  66.860 999.000  31.157 999.000 176.807 999.000   8.459 999.000 119.046 999.000   3.146 999.000
     102     ALA  55.427 999.000  18.032 999.000 178.274 999.000   8.007 999.000 122.312 999.000   3.875 999.000
     103     PHE  60.655 999.000  39.060 999.000 176.887 999.000   7.776 999.000 119.383 999.000   4.386 999.000
     104     PHE  58.805 999.000  37.939 999.000 177.636 999.000   8.754 999.000 117.924 999.000   4.193 999.000
     105     SER  61.748 999.000  62.701 999.000 176.329 999.000   8.639 999.000 115.884 999.000   4.457 999.000
     106     PHE  60.756 999.000  38.852 999.000 176.889 999.000   8.576 999.000 122.851 999.000   4.276 999.000
     107     GLY  47.624 999.000-999.000-999.000 176.201 999.000   8.338 999.000 106.502 999.000   3.739 999.000
     108     GLY  47.309 999.000-999.000-999.000 175.468 999.000   8.619 999.000 109.860 999.000   3.976 999.000
     109     ALA  54.807 999.000  18.360 999.000 178.970 999.000   8.125 999.000 124.528 999.000   4.112 999.000
     110     LEU  58.043 999.000  41.560 999.000 177.791 999.000   8.288 999.000 119.572 999.000   3.940 999.000
     111     CYS 999.000 999.000 999.000 999.000 999.000 999.000 999.000 999.000 999.000 999.000   4.079 999.000
     112     VAL  64.991 999.000  31.891 999.000 177.203 999.000   7.944 999.000 118.858 999.000   3.822 999.000
     113     GLU  57.854 999.000  29.457 999.000 177.425 999.000   8.087 999.000 118.221 999.000   4.179 999.000
     114     SER  58.476 999.000  63.387 999.000 175.124 999.000   7.802 999.000 114.232 999.000   4.533 999.000
     115     VAL  63.755 999.000  31.175 999.000 176.012 999.000   7.545 999.000 119.294 999.000   3.836 999.000
     116     ASP  54.589 999.000  40.290 999.000 176.694 999.000   8.074 999.000 119.478 999.000   4.567 999.000
     117     LYS  56.084 999.000  32.969 999.000 176.425 999.000   7.606 999.000 120.419 999.000   4.342 999.000
     118     GLU  55.800 999.000  29.753 999.000 176.595 999.000   8.601 999.000 120.664 999.000   4.355 999.000
     119     MET  57.796 999.000  31.329 999.000 177.706 999.000   8.646 999.000 122.417 999.000   4.075 999.000
     120     GLN  57.818 999.000  28.579 999.000 176.886 999.000   8.210 999.000 117.877 999.000   4.196 999.000
     121     VAL  62.243 999.000  33.738 999.000 176.913 999.000   7.752 999.000 114.131 999.000   4.335 999.000
     122     LEU  58.501 999.000  41.504 999.000 178.040 999.000   8.167 999.000 121.843 999.000   3.995 999.000
     123     VAL  66.227 999.000  31.292 999.000 178.124 999.000   7.938 999.000 117.581 999.000   3.492 999.000
     124     SER  61.711 999.000  62.931 999.000 176.511 999.000   7.793 999.000 116.111 999.000   4.374 999.000
     125     ARG  58.821 999.000  30.054 999.000 178.543 999.000   7.947 999.000 122.291 999.000   4.101 999.000
     126     ILE  65.120 999.000  37.635 999.000 177.404 999.000   8.627 999.000 120.696 999.000   3.942 999.000
     127     ALA  55.482 999.000  18.100 999.000 179.249 999.000   8.462 999.000 121.092 999.000   3.977 999.000
     128     ALA  55.274 999.000  18.155 999.000 179.029 999.000   7.848 999.000 120.935 999.000   3.996 999.000
     129     TRP  60.730 999.000  29.682 999.000 178.616 999.000   8.233 999.000 119.071 999.000   4.134 999.000
     130     MET  59.837 999.000  32.783 999.000 177.676 999.000   8.909 999.000 118.190 999.000   4.247 999.000
     131     ALA  55.296 999.000  18.271 999.000 178.470 999.000   8.418 999.000 121.479 999.000   4.133 999.000
     132     THR  66.723 999.000  67.952 999.000 176.078 999.000   8.026 999.000 115.837 999.000   3.908 999.000
     133     TYR  59.854 999.000  37.942 999.000 177.826 999.000   8.373 999.000 120.502 999.000   4.592 999.000
     134     LEU  58.395 999.000  41.538 999.000 177.627 999.000   8.799 999.000 120.146 999.000   4.043 999.000
     135     ASN  56.181 999.000  38.861 999.000 177.153 999.000   8.161 999.000 116.419 999.000   4.411 999.000
     136     ASP  55.914 999.000  40.947 999.000 176.943 999.000   7.931 999.000 118.312 999.000   4.505 999.000
     137     HIS  56.937 999.000  31.569 999.000 175.449 999.000   8.019 999.000 113.982 999.000   4.595 999.000
     138     LEU  56.366 999.000  43.226 999.000 177.193 999.000   8.144 999.000 118.731 999.000   4.478 999.000
     139     GLU  61.620 999.000  27.966 999.000 176.192 999.000   8.648 999.000 119.221 999.000   4.053 999.000
     140     PRO  65.411 999.000  31.381 999.000 178.187 999.000-999.000-999.000 999.000 999.000   4.181 999.000
     141     TRP  59.008 999.000  29.931 999.000 178.308 999.000   7.212 999.000 116.956 999.000   4.537 999.000
     142     ILE  64.716 999.000  37.271 999.000 177.415 999.000   8.157 999.000 119.872 999.000   3.819 999.000
     143     GLN  59.042 999.000  27.742 999.000 178.635 999.000   8.518 999.000 118.821 999.000   4.109 999.000
     144     GLU  58.394 999.000  29.544 999.000 177.864 999.000   7.743 999.000 118.895 999.000   4.087 999.000
     145     ASN  54.385 999.000  39.577 999.000 175.630 999.000   7.905 999.000 115.061 999.000   4.522 999.000
     146     GLY  45.508 999.000-999.000-999.000 174.158 999.000   7.793 999.000 106.630 999.000   4.128 999.000
     147     GLY  45.199 999.000-999.000-999.000 173.583 999.000   8.364 999.000 107.775 999.000   4.100 999.000
     148     TRP  60.535 999.000  29.523 999.000 177.750 999.000   8.943 999.000 123.561 999.000   4.589 999.000
     149     ASP  57.322 999.000  39.702 999.000 177.927 999.000   8.332 999.000 119.015 999.000   4.291 999.000
     150     THR  65.021 999.000  68.305 999.000 176.396 999.000   7.633 999.000 112.925 999.000   4.000 999.000
     151     PHE  60.293 999.000  39.203 999.000 177.678 999.000   7.735 999.000 121.114 999.000   4.339 999.000
     152     VAL  66.077 999.000  31.217 999.000 177.761 999.000   7.604 999.000 119.075 999.000   3.518 999.000
     153     GLU  59.224 999.000  29.066 999.000 178.619 999.000   7.810 999.000 120.282 999.000   3.864 999.000
     154     LEU  57.459 999.000  41.698 999.000 178.258 999.000   7.249 999.000 119.930 999.000   3.788 999.000
     155     TYR  59.682 999.000  38.973 999.000 177.511 999.000   7.906 999.000 117.580 999.000   4.369 999.000
     156     GLY  45.269 999.000-999.000-999.000 174.600 999.000   8.134 999.000 106.218 999.000   3.864 999.000
     157     ASN  53.215 999.000  38.555 999.000 175.624 999.000   7.842 999.000 117.964 999.000   4.508 999.000
     158     ASN  55.796 999.000  38.582 999.000 176.551 999.000   8.125 999.000 120.575 999.000   4.358 999.000
     159     ALA  54.765 999.000  18.384 999.000 179.236 999.000   8.177 999.000 121.912 999.000   4.141 999.000
     160     ALA  54.309 999.000  18.086 999.000 179.788 999.000   7.535 999.000 120.772 999.000   4.206 999.000
     161     ALA  54.658 999.000  18.062 999.000 180.009 999.000   7.687 999.000 120.620 999.000   4.141 999.000
     162     GLU  58.929 999.000  29.130 999.000 179.241 999.000   8.111 999.000 118.093 999.000   4.124 999.000
     163     SER  61.244 999.000  63.065 999.000 176.784 999.000   7.992 999.000 115.465 999.000   4.257 999.000
     164     ARG  58.309 999.000  29.680 999.000 178.573 999.000   7.853 999.000 121.860 999.000   4.156 999.000
     165     LYS  57.873 999.000  31.950 999.000 178.764 999.000   7.901 999.000 118.984 999.000   4.204 999.000
     166     GLY  45.822 999.000-999.000-999.000 175.121 999.000   7.892 999.000 107.165 999.000   3.947 999.000
     167     GLN  56.831 999.000  29.056 999.000 176.792 999.000   7.752 999.000 120.001 999.000   4.263 999.000
     168     GLU  57.024 999.000  29.910 999.000 176.824 999.000   7.717 999.000 118.871 999.000   4.306 999.000
     169     ARG 999.000 999.000 999.000 999.000 999.000 999.000 999.000 999.000 999.000 999.000 999.000 999.000
     630     GLU 999.000 999.000 999.000 999.000 999.000 999.000-999.000-999.000 999.000 999.000 999.000 999.000
     631     GLU 999.000 999.000 999.000 999.000 999.000 999.000 999.000 999.000 999.000 999.000 999.000 999.000
     632     GLN  55.106 999.000  28.103 999.000 176.426 999.000   7.785 999.000 119.683 999.000   4.251 999.000
     633     TRP  58.802 999.000  29.668 999.000 177.713 999.000   7.645 999.000 120.534 999.000   4.388 999.000
     634     ALA  54.778 999.000  18.153 999.000 178.951 999.000   8.326 999.000 121.403 999.000   4.130 999.000
     635     ARG  59.185 999.000  29.696 999.000 178.435 999.000   7.873 999.000 117.990 999.000   3.993 999.000
     636     GLU  58.938 999.000  29.318 999.000 178.978 999.000   7.647 999.000 119.088 999.000   4.155 999.000
     637     ILE  64.013 999.000  36.829 999.000 178.054 999.000   7.921 999.000 119.530 999.000   3.775 999.000
     638     GLY  47.622 999.000-999.000-999.000 176.026 999.000   8.424 999.000 107.825 999.000   3.797 999.000
     639     ALA  54.997 999.000  18.099 999.000 179.037 999.000   8.103 999.000 124.381 999.000   4.058 999.000
     640     GLN  58.858 999.000  28.362 999.000 178.392 999.000   7.915 999.000 118.283 999.000   3.857 999.000
     641     LEU  58.181 999.000  41.318 999.000 178.500 999.000   8.607 999.000 121.178 999.000   4.025 999.000
     642     ARG  59.664 999.000  29.823 999.000 178.695 999.000   8.419 999.000 119.080 999.000   3.891 999.000
     643     ARG  58.413 999.000  29.911 999.000 178.299 999.000   7.858 999.000 118.788 999.000   4.145 999.000
     644     MET  58.214 999.000  32.804 999.000 177.001 999.000   8.383 999.000 119.356 999.000   4.172 999.000
     645     ALA  52.683 999.000  18.754 999.000 176.631 999.000   7.887 999.000 119.080 999.000   4.319 999.000
     646     ASP  53.963 999.000  41.262 999.000 175.840 999.000   7.330 999.000 118.223 999.000   4.493 999.000
     647     ASP  54.625 999.000  41.175 999.000 176.803 999.000   8.429 999.000 124.272 999.000   4.482 999.000
     648     LEU  56.704 999.000  41.874 999.000 177.710 999.000   7.544 999.000 120.122 999.000   4.031 999.000
     649     ASN  54.031 999.000  38.279 999.000 175.810 999.000   8.006 999.000 115.795 999.000   4.509 999.000
     650     ALA  52.579 999.000  18.940 999.000 177.539 999.000   7.604 999.000 122.071 999.000   4.301 999.000
     651     GLN  56.444 999.000  29.176 999.000 175.827 999.000   7.684 999.000 118.204 999.000   4.071 999.000
     652     TYR  58.846 999.000  37.223 999.000 175.156 999.000   8.346 999.000 116.995 999.000   4.313 999.000
     653     GLU  57.193 999.000  30.277 999.000 176.520 999.000   7.977 999.000 119.826 999.000   4.284 999.000
     654     ARG 999.000 999.000 999.000 999.000 999.000 999.000 999.000 999.000 999.000 999.000 999.000 999.000
