   index residue  pre_ca  exp_ca  pre_cb  exp_cb   pre_c   exp_c   pre_h   exp_h   pre_n   exp_n  pre_ha  exp_ha
       1     MET 999.000 999.000 999.000 999.000 999.000 999.000-999.000-999.000 999.000 999.000 999.000 999.000
       2     SER 999.000 999.000 999.000 999.000 999.000 999.000 999.000 999.000 999.000 999.000 999.000 999.000
       3     GLN  57.704 999.000  28.582 999.000 177.581 999.000   8.220 999.000 120.094 999.000   4.175 999.000
       4     SER  60.692 999.000  63.023 999.000 176.107 999.000   7.751 999.000 115.525 999.000   4.083 999.000
       5     ASN  55.719 999.000  38.335 999.000 176.703 999.000   8.121 999.000 120.709 999.000   4.516 999.000
       6     ARG  59.200 999.000  29.966 999.000 177.839 999.000   7.824 999.000 120.192 999.000   4.069 999.000
       7     GLU  59.036 999.000  29.206 999.000 178.853 999.000   7.766 999.000 118.871 999.000   4.005 999.000
       8     LEU  57.673 999.000  41.434 999.000 178.619 999.000   7.578 999.000 119.191 999.000   4.140 999.000
       9     VAL  66.225 999.000  31.291 999.000 177.627 999.000   7.405 999.000 119.252 999.000   2.993 999.000
      10     VAL  67.074 999.000  31.225 999.000 176.297 999.000   8.021 999.000 119.460 999.000   3.708 999.000
      11     ASP  57.580 999.000  41.258 999.000 177.440 999.000   7.874 999.000 120.071 999.000   4.401 999.000
      12     PHE  61.523 999.000  39.646 999.000 177.330 999.000   8.129 999.000 120.497 999.000   4.224 999.000
      13     LEU  58.297 999.000  41.186 999.000 178.612 999.000   8.717 999.000 118.541 999.000   4.095 999.000
      14     SER  62.325 999.000  62.559 999.000 176.497 999.000   8.532 999.000 115.119 999.000   4.358 999.000
      15     TYR  60.941 999.000  37.852 999.000 176.997 999.000   8.575 999.000 124.325 999.000   4.338 999.000
      16     LYS  58.532 999.000  31.391 999.000 179.140 999.000   8.134 999.000 118.404 999.000   3.778 999.000
      17     LEU  58.082 999.000  41.531 999.000 178.655 999.000   8.524 999.000 119.876 999.000   4.036 999.000
      18     SER  61.781 999.000  62.800 999.000 177.170 999.000   8.448 999.000 115.905 999.000   4.265 999.000
      19     GLN  57.830 999.000  28.526 999.000 177.516 999.000   8.031 999.000 120.470 999.000   4.042 999.000
      20     LYS  56.422 999.000  32.673 999.000 177.185 999.000   7.302 999.000 117.822 999.000   4.066 999.000
      21     GLY  45.538 999.000-999.000-999.000 174.035 999.000   7.514 999.000 107.682 999.000   3.983 999.000
      22     TYR  54.508 999.000  40.137 999.000 175.215 999.000   8.327 999.000 119.535 999.000   4.797 999.000
      23     SER  56.355 999.000  66.081 999.000 174.539 999.000   8.667 999.000 113.232 999.000   4.761 999.000
      24     TRP  59.833 999.000  29.718 999.000 176.463 999.000   8.513 999.000 121.005 999.000   4.218 999.000
      25     SER  58.667 999.000  64.441 999.000 173.738 999.000   7.981 999.000 111.065 999.000   4.415 999.000
      26     GLN  54.529 999.000  31.972 999.000 174.953 999.000   7.547 999.000 119.698 999.000   4.343 999.000
      27     PHE  58.136 999.000  37.819 999.000 175.641 999.000   8.349 999.000 120.682 999.000   4.045 999.000
      28     SER  57.090 999.000  65.077 999.000 174.140 999.000   7.406 999.000 113.666 999.000   4.758 999.000
      29     ASP  54.871 999.000  39.645 999.000 177.028 999.000   8.619 999.000 124.460 999.000   4.424 999.000
      30     VAL  63.296 999.000  31.992 999.000 176.532 999.000   7.823 999.000 117.674 999.000   3.998 999.000
      31     GLU  56.293 999.000  30.185 999.000 176.270 999.000   8.073 999.000 120.500 999.000   4.303 999.000
      32     GLU  56.764 999.000  30.336 999.000 176.571 999.000   8.132 999.000 119.769 999.000   4.245 999.000
      33     ASN  53.459 999.000  38.319 999.000 175.509 999.000   8.618 999.000 118.337 999.000   4.631 999.000
      34     ARG  55.910 999.000  30.641 999.000 176.334 999.000   8.052 999.000 119.919 999.000   4.340 999.000
      35     THR  61.582 999.000  70.112 999.000 174.950 999.000   8.200 999.000 115.122 999.000   4.358 999.000
      36     GLU  56.644 999.000  29.993 999.000 175.943 999.000   8.617 999.000 122.931 999.000   4.199 999.000
      37     ALA  50.894 999.000  18.247 999.000 175.620 999.000   8.245 999.000 124.720 999.000   4.419 999.000
      38     PRO  62.891 999.000  32.365 999.000 176.810 999.000-999.000-999.000 999.000 999.000   4.519 999.000
      39     GLU  56.694 999.000  30.037 999.000 176.963 999.000   8.554 999.000 121.589 999.000   4.203 999.000
      40     GLY  45.387 999.000-999.000-999.000 174.899 999.000   8.614 999.000 110.530 999.000   4.084 999.000
      41     THR  62.163 999.000  70.084 999.000 175.265 999.000   7.748 999.000 113.919 999.000   4.343 999.000
      42     GLU  58.858 999.000  29.357 999.000 177.529 999.000   8.969 999.000 122.241 999.000   4.066 999.000
      43     SER  60.667 999.000  63.281 999.000 175.875 999.000   8.384 999.000 114.116 999.000   4.396 999.000
      44     GLU  59.122 999.000  29.096 999.000 178.233 999.000   7.957 999.000 122.811 999.000   3.998 999.000
      45     ALA  55.003 999.000  18.332 999.000 179.420 999.000   7.596 999.000 120.702 999.000   3.869 999.000
      46     VAL  66.023 999.000  31.260 999.000 177.821 999.000   7.323 999.000 118.963 999.000   3.555 999.000
      47     LYS  60.251 999.000  31.997 999.000 178.808 999.000   8.089 999.000 119.623 999.000   3.900 999.000
      48     GLN  58.754 999.000  28.100 999.000 178.211 999.000   8.194 999.000 118.834 999.000   3.947 999.000
      49     ALA  55.000 999.000  18.132 999.000 179.622 999.000   7.849 999.000 122.176 999.000   4.083 999.000
      50     LEU  57.679 999.000  41.555 999.000 178.804 999.000   8.185 999.000 118.786 999.000   4.147 999.000
      51     ARG  59.559 999.000  29.705 999.000 178.670 999.000   8.014 999.000 119.384 999.000   3.923 999.000
      52     GLU  59.001 999.000  29.335 999.000 178.798 999.000   8.218 999.000 119.099 999.000   4.085 999.000
      53     ALA  54.574 999.000  18.203 999.000 179.626 999.000   8.105 999.000 121.636 999.000   4.192 999.000
      54     GLY  47.102 999.000-999.000-999.000 175.454 999.000   8.442 999.000 106.775 999.000   4.203 999.000
      55     ASP  56.337 999.000  40.474 999.000 177.710 999.000   8.165 999.000 121.585 999.000   4.584 999.000
      56     GLU  58.284 999.000  29.817 999.000 177.864 999.000   7.728 999.000 119.778 999.000   4.180 999.000
      57     PHE  60.671 999.000  39.502 999.000 176.723 999.000   8.247 999.000 119.382 999.000   4.281 999.000
      58     GLU  56.588 999.000  29.916 999.000 177.401 999.000   7.817 999.000 116.833 999.000   4.165 999.000
      59     LEU  55.609 999.000  41.702 999.000 176.948 999.000   7.715 999.000 121.679 999.000   4.145 999.000
      60     ARG  56.979 999.000  28.777 999.000 175.696 999.000   8.800 999.000 123.542 999.000   3.890 999.000
      61     TYR  58.593 999.000  35.786 999.000 175.381 999.000   7.757 999.000 115.684 999.000   4.166 999.000
      62     ARG  57.159 999.000  30.685 999.000 176.526 999.000   7.505 999.000 119.332 999.000   4.210 999.000
      63     ARG  56.456 999.000  30.757 999.000 175.876 999.000   7.975 999.000 116.896 999.000   4.190 999.000
      64     ALA  51.793 999.000  18.961 999.000 176.941 999.000   7.675 999.000 122.064 999.000   4.215 999.000
      65     PHE  56.896 999.000  39.334 999.000 176.688 999.000   8.356 999.000 119.482 999.000   4.672 999.000
      66     SER  61.449 999.000  62.617 999.000 175.830 999.000   8.982 999.000 119.192 999.000   4.169 999.000
      67     ASP  56.133 999.000  39.992 999.000 176.904 999.000   8.401 999.000 121.050 999.000   4.439 999.000
      68     LEU  55.290 999.000  43.062 999.000 177.255 999.000   7.573 999.000 117.446 999.000   4.556 999.000
      69     THR  62.628 999.000  70.267 999.000 175.180 999.000   7.702 999.000 109.063 999.000   4.389 999.000
      70     SER  59.605 999.000  64.067 999.000 174.704 999.000   8.459 999.000 115.364 999.000   4.531 999.000
      71     GLN  55.126 999.000  27.936 999.000 175.832 999.000   8.117 999.000 121.575 999.000   4.427 999.000
      72     LEU  55.034 999.000  41.774 999.000 176.714 999.000   7.754 999.000 121.394 999.000   4.280 999.000
      73     HIS  55.799 999.000  30.356 999.000 175.380 999.000   8.575 999.000 122.472 999.000   4.651 999.000
      74     ILE  60.710 999.000  38.117 999.000 176.227 999.000   8.253 999.000 123.641 999.000   4.238 999.000
      75     THR  60.369 999.000  68.890 999.000 173.993 999.000   8.191 999.000 121.517 999.000   4.017 999.000
      76     PRO  63.420 999.000  32.290 999.000 177.024 999.000-999.000-999.000 999.000 999.000   4.329 999.000
      77     GLY  44.856 999.000-999.000-999.000 174.222 999.000   8.211 999.000 108.179 999.000   4.057 999.000
      78     THR  62.369 999.000  69.855 999.000 175.023 999.000   8.090 999.000 111.963 999.000   4.140 999.000
      79     ALA  52.531 999.000  19.495 999.000 177.174 999.000   8.015 999.000 123.867 999.000   4.182 999.000
      80     TYR  58.364 999.000  38.361 999.000 176.566 999.000   8.134 999.000 115.392 999.000   4.351 999.000
      81     GLN  58.140 999.000  28.192 999.000 177.383 999.000   7.915 999.000 119.990 999.000   3.982 999.000
      82     SER  60.565 999.000  63.156 999.000 175.781 999.000   7.899 999.000 114.871 999.000   4.251 999.000
      83     PHE  60.355 999.000  38.349 999.000 177.377 999.000   7.827 999.000 123.488 999.000   4.323 999.000
      84     GLU  59.815 999.000  29.402 999.000 178.196 999.000   7.500 999.000 120.309 999.000   3.475 999.000
      85     GLN  57.525 999.000  28.026 999.000 177.473 999.000   7.581 999.000 116.175 999.000   3.966 999.000
      86     VAL  65.473 999.000  32.053 999.000 176.961 999.000   7.156 999.000 119.628 999.000   3.671 999.000
      87     VAL  62.628 999.000  32.094 999.000 176.851 999.000   7.328 999.000 113.730 999.000   3.758 999.000
      88     ASN  55.681 999.000  38.188 999.000 175.796 999.000   7.928 999.000 118.808 999.000   3.774 999.000
      89     GLU  56.464 999.000  31.012 999.000 176.754 999.000   7.668 999.000 115.909 999.000   4.309 999.000
      90     LEU  57.274 999.000  41.881 999.000 176.897 999.000   7.433 999.000 119.838 999.000   3.681 999.000
      91     PHE  57.531 999.000  39.304 999.000 176.166 999.000   7.543 999.000 113.029 999.000   4.556 999.000
      92     ARG  58.329 999.000  29.964 999.000 176.870 999.000   7.599 999.000 119.853 999.000   3.343 999.000
      93     ASP  54.025 999.000  40.885 999.000 176.149 999.000   7.716 999.000 115.917 999.000   4.495 999.000
      94     GLY  45.223 999.000-999.000-999.000 173.180 999.000   7.277 999.000 108.321 999.000   3.967 999.000
      95     VAL  61.174 999.000  30.016 999.000 175.628 999.000   7.977 999.000 117.152 999.000   4.261 999.000
      96     ASN  53.193 999.000  39.413 999.000 175.900 999.000   7.795 999.000 120.350 999.000   4.452 999.000
      97     TRP  59.670 999.000  29.055 999.000 177.322 999.000   8.481 999.000 124.801 999.000   4.274 999.000
      98     GLY  47.723 999.000-999.000-999.000 175.404 999.000   7.750 999.000 107.916 999.000   3.695 999.000
      99     ARG  59.190 999.000  30.082 999.000 178.080 999.000   7.856 999.000 120.607 999.000   4.056 999.000
     100     ILE  64.965 999.000  37.446 999.000 177.428 999.000   7.521 999.000 119.919 999.000   3.701 999.000
     101     VAL  66.893 999.000  31.163 999.000 176.789 999.000   8.469 999.000 118.937 999.000   3.095 999.000
     102     ALA  55.421 999.000  18.045 999.000 178.208 999.000   8.133 999.000 122.382 999.000   3.783 999.000
     103     PHE  60.527 999.000  39.075 999.000 176.859 999.000   7.947 999.000 119.416 999.000   4.425 999.000
     104     PHE  58.602 999.000  37.777 999.000 177.728 999.000   8.920 999.000 118.199 999.000   4.241 999.000
     105     SER  61.791 999.000  62.679 999.000 176.309 999.000   8.541 999.000 115.990 999.000   4.487 999.000
     106     PHE  60.524 999.000  38.828 999.000 176.832 999.000   8.615 999.000 122.987 999.000   4.367 999.000
     107     GLY  47.625 999.000-999.000-999.000 176.214 999.000   8.442 999.000 106.580 999.000   3.679 999.000
     108     GLY  47.284 999.000-999.000-999.000 175.464 999.000   8.639 999.000 109.816 999.000   3.968 999.000
     109     ALA  54.817 999.000  18.379 999.000 178.922 999.000   8.146 999.000 124.671 999.000   4.132 999.000
     110     LEU  58.108 999.000  41.544 999.000 178.255 999.000   8.332 999.000 119.415 999.000   3.942 999.000
     111     CYS 999.000 999.000 999.000 999.000 999.000 999.000 999.000 999.000 999.000 999.000   4.095 999.000
     112     VAL  64.892 999.000  32.036 999.000 177.171 999.000   7.995 999.000 119.021 999.000   3.879 999.000
     113     GLU  56.948 999.000  29.162 999.000 177.080 999.000   8.373 999.000 117.161 999.000   4.279 999.000
     114     SER  58.299 999.000  63.347 999.000 174.665 999.000   7.568 999.000 115.358 999.000   4.515 999.000
     115     VAL  63.465 999.000  32.177 999.000 175.757 999.000   8.098 999.000 119.624 999.000   3.916 999.000
     116     ASP  54.328 999.000  40.441 999.000 176.499 999.000   8.267 999.000 118.349 999.000   4.627 999.000
     117     LYS  55.822 999.000  33.164 999.000 176.274 999.000   7.567 999.000 120.764 999.000   4.359 999.000
     118     GLU  56.132 999.000  29.792 999.000 176.709 999.000   8.707 999.000 121.331 999.000   4.289 999.000
     119     MET  57.610 999.000  31.225 999.000 177.775 999.000   8.773 999.000 124.429 999.000   4.068 999.000
     120     GLN  57.869 999.000  28.411 999.000 176.853 999.000   8.248 999.000 117.760 999.000   4.155 999.000
     121     VAL  61.924 999.000  33.682 999.000 176.910 999.000   7.493 999.000 113.565 999.000   4.340 999.000
     122     LEU  58.571 999.000  41.650 999.000 177.809 999.000   7.941 999.000 122.086 999.000   3.937 999.000
     123     VAL  66.301 999.000  31.316 999.000 178.041 999.000   7.840 999.000 117.745 999.000   3.354 999.000
     124     SER  61.781 999.000  62.892 999.000 176.626 999.000   7.758 999.000 116.201 999.000   4.326 999.000
     125     ARG  58.985 999.000  29.966 999.000 178.492 999.000   7.954 999.000 122.434 999.000   4.005 999.000
     126     ILE  65.051 999.000  37.538 999.000 177.508 999.000   8.407 999.000 120.567 999.000   3.736 999.000
     127     ALA  55.495 999.000  18.108 999.000 179.235 999.000   8.584 999.000 121.187 999.000   3.966 999.000
     128     ALA  55.346 999.000  18.162 999.000 178.900 999.000   7.803 999.000 121.197 999.000   3.998 999.000
     129     TRP  60.336 999.000  29.755 999.000 178.695 999.000   8.303 999.000 119.301 999.000   4.231 999.000
     130     MET  59.806 999.000  32.787 999.000 177.590 999.000   8.871 999.000 117.999 999.000   4.360 999.000
     131     ALA  55.279 999.000  18.242 999.000 178.529 999.000   8.430 999.000 121.475 999.000   4.130 999.000
     132     THR  66.604 999.000  68.019 999.000 176.215 999.000   8.195 999.000 115.296 999.000   3.935 999.000
     133     TYR  59.437 999.000  38.110 999.000 177.781 999.000   8.300 999.000 120.069 999.000   4.667 999.000
     134     LEU  58.035 999.000  41.361 999.000 177.636 999.000   8.911 999.000 119.552 999.000   4.125 999.000
     135     ASN  56.324 999.000  39.016 999.000 176.933 999.000   8.131 999.000 116.414 999.000   4.441 999.000
     136     ASP  55.669 999.000  41.076 999.000 176.820 999.000   7.625 999.000 118.052 999.000   4.523 999.000
     137     HIS  56.294 999.000  31.429 999.000 174.800 999.000   8.067 999.000 113.734 999.000   4.751 999.000
     138     LEU  56.268 999.000  43.924 999.000 176.847 999.000   8.165 999.000 120.083 999.000   4.516 999.000
     139     GLU  61.707 999.000  27.898 999.000 176.308 999.000   8.597 999.000 118.319 999.000   4.009 999.000
     140     PRO  65.378 999.000  31.367 999.000 178.169 999.000-999.000-999.000 999.000 999.000   4.183 999.000
     141     TRP  58.277 999.000  30.071 999.000 178.428 999.000   7.085 999.000 116.735 999.000   4.639 999.000
     142     ILE  64.709 999.000  37.189 999.000 177.322 999.000   8.211 999.000 120.057 999.000   3.754 999.000
     143     GLN  59.045 999.000  27.762 999.000 178.732 999.000   8.369 999.000 118.992 999.000   4.108 999.000
     144     GLU  58.434 999.000  29.503 999.000 177.910 999.000   7.841 999.000 118.832 999.000   4.106 999.000
     145     ASN  54.515 999.000  39.731 999.000 175.669 999.000   7.879 999.000 115.290 999.000   4.533 999.000
     146     GLY  45.517 999.000-999.000-999.000 173.955 999.000   7.782 999.000 106.261 999.000   4.121 999.000
     147     GLY  44.830 999.000-999.000-999.000 173.496 999.000   8.316 999.000 107.721 999.000   4.138 999.000
     148     TRP  60.382 999.000  29.570 999.000 177.688 999.000   9.002 999.000 123.487 999.000   4.567 999.000
     149     ASP  57.237 999.000  39.789 999.000 177.800 999.000   8.316 999.000 119.250 999.000   4.279 999.000
     150     THR  65.234 999.000  68.385 999.000 176.152 999.000   7.700 999.000 114.174 999.000   3.955 999.000
     151     PHE  60.092 999.000  39.484 999.000 177.561 999.000   7.698 999.000 120.761 999.000   4.329 999.000
     152     VAL  65.683 999.000  31.104 999.000 177.690 999.000   7.646 999.000 118.117 999.000   3.504 999.000
     153     GLU  58.968 999.000  28.947 999.000 178.443 999.000   7.569 999.000 120.477 999.000   3.839 999.000
     154     LEU  57.272 999.000  41.674 999.000 177.842 999.000   7.164 999.000 119.796 999.000   3.683 999.000
     155     TYR  58.211 999.000  39.049 999.000 176.973 999.000   7.637 999.000 117.243 999.000   4.475 999.000
     156     GLY  45.274 999.000-999.000-999.000 174.449 999.000   7.898 999.000 106.397 999.000   3.809 999.000
     157     ASN  53.055 999.000  39.073 999.000 175.645 999.000   7.996 999.000 117.745 999.000   4.582 999.000
     158     ASN  54.536 999.000  38.782 999.000 176.261 999.000   8.229 999.000 119.491 999.000   4.476 999.000
     159     ALA  54.827 999.000  18.488 999.000 179.149 999.000   8.300 999.000 122.302 999.000   4.088 999.000
     160     ALA  54.049 999.000  18.131 999.000 179.614 999.000   7.607 999.000 120.256 999.000   4.223 999.000
     161     ALA  54.161 999.000  18.188 999.000 179.731 999.000   7.557 999.000 120.430 999.000   4.188 999.000
     162     GLU  58.716 999.000  29.192 999.000 178.936 999.000   7.960 999.000 117.939 999.000   4.100 999.000
     163     SER  60.919 999.000  63.161 999.000 176.205 999.000   7.817 999.000 114.790 999.000   4.267 999.000
     164     ARG  57.483 999.000  29.922 999.000 177.758 999.000   7.576 999.000 121.656 999.000   4.262 999.000
     165     LYS  57.073 999.000  32.321 999.000 177.995 999.000   7.706 999.000 119.150 999.000   4.240 999.000
     166     GLY  45.315 999.000-999.000-999.000 174.381 999.000   7.857 999.000 106.953 999.000   3.955 999.000
     167     GLN  56.171 999.000  29.361 999.000 176.253 999.000   7.937 999.000 119.411 999.000   4.305 999.000
     168     GLU  56.858 999.000  29.786 999.000 176.405 999.000   8.134 999.000 119.177 999.000   4.286 999.000
     169     ARG 999.000 999.000 999.000 999.000 999.000 999.000 999.000 999.000 999.000 999.000 999.000 999.000
     630     GLU 999.000 999.000 999.000 999.000 999.000 999.000-999.000-999.000 999.000 999.000 999.000 999.000
     631     GLU 999.000 999.000 999.000 999.000 999.000 999.000 999.000 999.000 999.000 999.000 999.000 999.000
     632     GLN  57.313 999.000  28.065 999.000 177.428 999.000   8.144 999.000 118.767 999.000   4.138 999.000
     633     TRP  60.215 999.000  28.936 999.000 177.778 999.000   7.922 999.000 121.092 999.000   4.286 999.000
     634     ALA  55.002 999.000  18.144 999.000 179.167 999.000   7.860 999.000 120.965 999.000   3.734 999.000
     635     ARG  59.344 999.000  29.734 999.000 178.544 999.000   8.048 999.000 118.076 999.000   3.946 999.000
     636     GLU  59.011 999.000  29.392 999.000 179.033 999.000   7.681 999.000 119.543 999.000   4.074 999.000
     637     ILE  63.933 999.000  36.779 999.000 178.024 999.000   7.875 999.000 119.574 999.000   3.601 999.000
     638     GLY  47.619 999.000-999.000-999.000 176.030 999.000   8.363 999.000 107.679 999.000   3.752 999.000
     639     ALA  54.849 999.000  18.179 999.000 178.940 999.000   7.975 999.000 124.265 999.000   4.040 999.000
     640     GLN  58.867 999.000  28.274 999.000 178.397 999.000   7.897 999.000 118.454 999.000   3.912 999.000
     641     LEU  58.177 999.000  41.327 999.000 178.714 999.000   8.570 999.000 120.309 999.000   3.947 999.000
     642     ARG  59.373 999.000  29.915 999.000 178.565 999.000   7.983 999.000 118.552 999.000   3.905 999.000
     643     ARG  58.178 999.000  29.987 999.000 178.156 999.000   7.779 999.000 118.715 999.000   4.157 999.000
     644     MET  58.175 999.000  32.896 999.000 176.881 999.000   8.341 999.000 118.652 999.000   4.009 999.000
     645     ALA  52.299 999.000  19.197 999.000 176.588 999.000   7.531 999.000 119.596 999.000   4.332 999.000
     646     ASP  53.871 999.000  41.450 999.000 175.942 999.000   7.580 999.000 117.588 999.000   4.502 999.000
     647     ASP  54.251 999.000  41.001 999.000 176.658 999.000   8.393 999.000 122.176 999.000   4.460 999.000
     648     LEU  55.916 999.000  41.925 999.000 177.115 999.000   7.836 999.000 119.942 999.000   4.087 999.000
     649     ASN  53.431 999.000  38.690 999.000 175.403 999.000   8.152 999.000 116.814 999.000   4.552 999.000
     650     ALA  52.424 999.000  19.390 999.000 177.244 999.000   7.885 999.000 121.728 999.000   4.246 999.000
     651     GLN  56.088 999.000  29.204 999.000 175.939 999.000   8.030 999.000 118.063 999.000   4.132 999.000
     652     TYR  58.334 999.000  38.638 999.000 175.430 999.000   8.321 999.000 118.937 999.000   4.495 999.000
     653     GLU  56.954 999.000  30.288 999.000 176.439 999.000   8.230 999.000 119.957 999.000   4.251 999.000
     654     ARG 999.000 999.000 999.000 999.000 999.000 999.000 999.000 999.000 999.000 999.000 999.000 999.000
