   index residue  pre_ca  exp_ca  pre_cb  exp_cb   pre_c   exp_c   pre_h   exp_h   pre_n   exp_n  pre_ha  exp_ha
       1     MET 999.000 999.000 999.000 999.000 999.000 999.000-999.000-999.000 999.000 999.000 999.000 999.000
       2     SER 999.000 999.000 999.000 999.000 999.000 999.000 999.000 999.000 999.000 999.000 999.000 999.000
       3     GLN  57.155 999.000  28.166 999.000 177.425 999.000   8.740 999.000 121.642 999.000   4.306 999.000
       4     SER  61.226 999.000  62.902 999.000 175.866 999.000   8.745 999.000 115.034 999.000   4.163 999.000
       5     ASN  55.209 999.000  38.575 999.000 176.460 999.000   8.050 999.000 119.669 999.000   4.704 999.000
       6     ARG  59.442 999.000  29.789 999.000 177.929 999.000   7.861 999.000 121.425 999.000   4.114 999.000
       7     GLU  59.131 999.000  29.097 999.000 178.867 999.000   8.088 999.000 118.659 999.000   3.986 999.000
       8     LEU  57.566 999.000  41.619 999.000 178.609 999.000   7.351 999.000 119.366 999.000   4.009 999.000
       9     VAL  66.459 999.000  31.411 999.000 177.571 999.000   7.710 999.000 119.302 999.000   3.646 999.000
      10     VAL  67.090 999.000  31.235 999.000 176.387 999.000   8.455 999.000 119.254 999.000   3.104 999.000
      11     ASP  57.609 999.000  41.046 999.000 177.667 999.000   7.612 999.000 119.888 999.000   4.217 999.000
      12     PHE  61.434 999.000  39.631 999.000 176.988 999.000   7.642 999.000 120.629 999.000   4.163 999.000
      13     LEU  58.125 999.000  41.033 999.000 178.567 999.000   8.526 999.000 118.152 999.000   3.924 999.000
      14     SER  62.089 999.000  62.583 999.000 176.429 999.000   8.134 999.000 115.026 999.000   4.121 999.000
      15     TYR  61.140 999.000  37.940 999.000 176.984 999.000   7.954 999.000 124.030 999.000   4.256 999.000
      16     LYS  58.526 999.000  31.368 999.000 178.933 999.000   7.906 999.000 118.073 999.000   3.713 999.000
      17     LEU  57.609 999.000  41.690 999.000 178.827 999.000   8.387 999.000 118.935 999.000   4.225 999.000
      18     SER  61.569 999.000  62.932 999.000 177.096 999.000   8.445 999.000 115.870 999.000   4.230 999.000
      19     GLN  57.911 999.000  28.488 999.000 177.166 999.000   7.969 999.000 119.824 999.000   4.052 999.000
      20     LYS  55.615 999.000  32.402 999.000 176.556 999.000   7.330 999.000 116.779 999.000   4.269 999.000
      21     GLY  45.422 999.000-999.000-999.000 174.017 999.000   7.575 999.000 107.576 999.000   3.831 999.000
      22     TYR  56.658 999.000  39.441 999.000 175.551 999.000   7.915 999.000 120.145 999.000   4.808 999.000
      23     SER  57.175 999.000  64.277 999.000 174.943 999.000   8.286 999.000 117.210 999.000   4.617 999.000
      24     TRP  59.583 999.000  29.905 999.000 177.525 999.000   9.113 999.000 126.700 999.000   4.575 999.000
      25     SER  61.212 999.000  62.445 999.000 176.130 999.000   8.436 999.000 114.658 999.000   4.075 999.000
      26     GLN  57.461 999.000  28.724 999.000 176.300 999.000   7.324 999.000 120.751 999.000   3.927 999.000
      27     PHE  57.607 999.000  40.298 999.000 176.145 999.000   7.262 999.000 115.974 999.000   4.369 999.000
      28     SER  57.642 999.000  64.770 999.000 174.157 999.000   7.127 999.000 114.570 999.000   4.231 999.000
      29     ASP  53.462 999.000  40.470 999.000 177.000 999.000   8.448 999.000 122.643 999.000   4.630 999.000
      30     VAL  64.234 999.000  31.685 999.000 177.388 999.000   8.175 999.000 120.649 999.000   3.863 999.000
      31     GLU  58.020 999.000  29.212 999.000 177.478 999.000   8.362 999.000 119.702 999.000   4.156 999.000
      32     GLU  57.108 999.000  30.296 999.000 177.109 999.000   7.801 999.000 117.690 999.000   4.231 999.000
      33     ASN  53.172 999.000  38.777 999.000 175.580 999.000   7.689 999.000 117.594 999.000   4.705 999.000
      34     ARG  56.260 999.000  30.544 999.000 176.682 999.000   8.304 999.000 121.328 999.000   4.380 999.000
      35     THR  62.128 999.000  69.788 999.000 174.764 999.000   7.935 999.000 113.248 999.000   4.330 999.000
      36     GLU  56.338 999.000  30.490 999.000 175.735 999.000   8.498 999.000 122.129 999.000   4.310 999.000
      37     ALA  50.841 999.000  18.341 999.000 175.595 999.000   8.205 999.000 123.566 999.000   4.505 999.000
      38     PRO  63.173 999.000  32.324 999.000 176.646 999.000-999.000-999.000 999.000 999.000   4.532 999.000
      39     GLU  56.159 999.000  30.530 999.000 176.804 999.000   8.452 999.000 119.451 999.000   4.282 999.000
      40     GLY  45.235 999.000-999.000-999.000 174.688 999.000   8.524 999.000 109.307 999.000   4.058 999.000
      41     THR  61.542 999.000  70.512 999.000 174.952 999.000   8.120 999.000 112.850 999.000   4.447 999.000
      42     GLU  57.794 999.000  29.431 999.000 177.186 999.000   8.869 999.000 121.784 999.000   4.236 999.000
      43     SER  59.808 999.000  63.360 999.000 175.594 999.000   8.324 999.000 114.682 999.000   4.285 999.000
      44     GLU  59.388 999.000  29.020 999.000 178.371 999.000   8.033 999.000 123.262 999.000   3.943 999.000
      45     ALA  54.868 999.000  18.316 999.000 179.635 999.000   7.987 999.000 120.419 999.000   4.181 999.000
      46     VAL  65.829 999.000  31.379 999.000 177.832 999.000   7.435 999.000 119.325 999.000   3.652 999.000
      47     LYS  60.152 999.000  32.016 999.000 178.902 999.000   8.204 999.000 119.734 999.000   3.742 999.000
      48     GLN  58.749 999.000  28.259 999.000 178.195 999.000   8.136 999.000 118.656 999.000   3.967 999.000
      49     ALA  55.105 999.000  18.147 999.000 179.568 999.000   7.858 999.000 122.407 999.000   4.066 999.000
      50     LEU  58.120 999.000  41.535 999.000 178.813 999.000   8.503 999.000 118.898 999.000   4.088 999.000
      51     ARG  59.792 999.000  29.794 999.000 178.445 999.000   8.004 999.000 118.984 999.000   3.927 999.000
      52     GLU  59.056 999.000  29.204 999.000 178.901 999.000   8.166 999.000 118.866 999.000   4.136 999.000
      53     ALA  54.864 999.000  18.189 999.000 179.446 999.000   8.481 999.000 121.721 999.000   4.218 999.000
      54     GLY  47.303 999.000-999.000-999.000 175.495 999.000   8.574 999.000 106.623 999.000   4.116 999.000
      55     ASP  56.803 999.000  40.416 999.000 178.014 999.000   8.350 999.000 122.085 999.000   4.597 999.000
      56     GLU  58.945 999.000  29.647 999.000 178.261 999.000   7.847 999.000 120.287 999.000   4.197 999.000
      57     PHE  61.885 999.000  39.003 999.000 178.009 999.000   8.688 999.000 119.685 999.000   4.255 999.000
      58     GLU  58.888 999.000  29.387 999.000 178.339 999.000   8.287 999.000 118.432 999.000   4.236 999.000
      59     LEU  56.980 999.000  42.520 999.000 177.874 999.000   7.533 999.000 120.070 999.000   4.250 999.000
      60     ARG  57.343 999.000  31.288 999.000 176.672 999.000   8.093 999.000 115.428 999.000   4.014 999.000
      61     TYR  56.283 999.000  38.088 999.000 175.621 999.000   7.920 999.000 117.579 999.000   4.780 999.000
      62     ARG  58.889 999.000  30.044 999.000 177.474 999.000   7.959 999.000 120.988 999.000   3.805 999.000
      63     ARG  57.294 999.000  29.569 999.000 177.446 999.000   8.271 999.000 117.514 999.000   4.209 999.000
      64     ALA  54.128 999.000  18.656 999.000 177.840 999.000   7.700 999.000 120.979 999.000   4.169 999.000
      65     PHE  57.630 999.000  39.908 999.000 176.272 999.000   7.547 999.000 112.870 999.000   4.795 999.000
      66     SER  61.289 999.000  62.558 999.000 176.205 999.000   8.207 999.000 116.754 999.000   4.193 999.000
      67     ASP  56.070 999.000  39.992 999.000 178.108 999.000   7.859 999.000 121.969 999.000   4.503 999.000
      68     LEU  57.474 999.000  41.631 999.000 178.699 999.000   7.597 999.000 120.023 999.000   4.018 999.000
      69     THR  65.238 999.000  68.624 999.000 176.710 999.000   8.247 999.000 112.328 999.000   4.242 999.000
      70     SER  60.377 999.000  63.467 999.000 175.673 999.000   7.767 999.000 116.760 999.000   4.360 999.000
      71     GLN  57.313 999.000  28.950 999.000 177.078 999.000   7.575 999.000 121.084 999.000   4.225 999.000
      72     LEU  54.719 999.000  42.157 999.000 176.270 999.000   7.267 999.000 120.754 999.000   4.279 999.000
      73     HIS  55.815 999.000  29.857 999.000 175.394 999.000   8.582 999.000 125.527 999.000   4.635 999.000
      74     ILE  60.979 999.000  38.633 999.000 175.231 999.000   8.078 999.000 124.112 999.000   4.415 999.000
      75     THR  58.461 999.000  69.967 999.000 173.725 999.000   8.005 999.000 117.120 999.000   4.793 999.000
      76     PRO  64.666 999.000  31.648 999.000 177.549 999.000-999.000-999.000 999.000 999.000   4.416 999.000
      77     GLY  45.069 999.000-999.000-999.000 175.050 999.000   8.344 999.000 107.472 999.000   4.134 999.000
      78     THR  63.610 999.000  69.491 999.000 174.183 999.000   7.694 999.000 117.711 999.000   4.229 999.000
      79     ALA  50.882 999.000  21.107 999.000 176.798 999.000   8.615 999.000 128.760 999.000   4.694 999.000
      80     TYR  61.056 999.000  38.035 999.000 177.288 999.000   8.890 999.000 120.782 999.000   3.100 999.000
      81     GLN  58.757 999.000  27.722 999.000 178.182 999.000   8.446 999.000 118.190 999.000   3.836 999.000
      82     SER  60.808 999.000  62.916 999.000 176.010 999.000   7.581 999.000 114.636 999.000   4.259 999.000
      83     PHE  60.880 999.000  39.381 999.000 176.605 999.000   7.155 999.000 123.591 999.000   4.177 999.000
      84     GLU  59.899 999.000  29.345 999.000 178.351 999.000   8.532 999.000 119.220 999.000   3.591 999.000
      85     GLN  58.532 999.000  28.314 999.000 178.350 999.000   7.579 999.000 117.330 999.000   3.972 999.000
      86     VAL  65.039 999.000  31.951 999.000 177.733 999.000   7.070 999.000 119.285 999.000   3.697 999.000
      87     VAL  65.623 999.000  31.133 999.000 177.748 999.000   7.719 999.000 118.888 999.000   3.307 999.000
      88     ASN  55.939 999.000  37.807 999.000 177.341 999.000   8.439 999.000 118.164 999.000   4.304 999.000
      89     GLU  58.388 999.000  29.609 999.000 178.014 999.000   7.326 999.000 119.567 999.000   4.071 999.000
      90     LEU  56.993 999.000  41.929 999.000 177.169 999.000   7.328 999.000 119.484 999.000   3.938 999.000
      91     PHE  58.522 999.000  38.871 999.000 176.168 999.000   7.658 999.000 114.941 999.000   4.469 999.000
      92     ARG  58.653 999.000  29.829 999.000 176.790 999.000   7.524 999.000 120.449 999.000   3.956 999.000
      93     ASP  53.801 999.000  40.698 999.000 176.269 999.000   8.115 999.000 116.928 999.000   4.624 999.000
      94     GLY  44.647 999.000-999.000-999.000 173.356 999.000   7.555 999.000 107.935 999.000   4.074 999.000
      95     VAL  62.142 999.000  32.482 999.000 175.247 999.000   7.989 999.000 119.694 999.000   3.878 999.000
      96     ASN  51.990 999.000  41.153 999.000 174.595 999.000   7.680 999.000 122.218 999.000   4.290 999.000
      97     TRP  60.102 999.000  30.419 999.000 178.148 999.000   8.910 999.000 120.680 999.000   4.534 999.000
      98     GLY  47.114 999.000-999.000-999.000 175.963 999.000   8.898 999.000 106.941 999.000   4.142 999.000
      99     ARG  58.752 999.000  29.816 999.000 178.297 999.000   8.015 999.000 121.433 999.000   4.163 999.000
     100     ILE  65.331 999.000  37.696 999.000 177.590 999.000   8.008 999.000 120.710 999.000   4.034 999.000
     101     VAL  66.958 999.000  31.287 999.000 176.750 999.000   8.360 999.000 119.492 999.000   3.442 999.000
     102     ALA  55.517 999.000  18.047 999.000 178.715 999.000   8.225 999.000 122.650 999.000   3.896 999.000
     103     PHE  60.749 999.000  38.505 999.000 176.909 999.000   8.293 999.000 119.659 999.000   4.242 999.000
     104     PHE  62.677 999.000  38.770 999.000 177.643 999.000   8.684 999.000 118.484 999.000   3.602 999.000
     105     SER  61.964 999.000  62.650 999.000 176.456 999.000   8.380 999.000 115.337 999.000   4.152 999.000
     106     PHE  60.104 999.000  38.318 999.000 176.822 999.000   8.781 999.000 123.717 999.000   4.252 999.000
     107     GLY  47.548 999.000-999.000-999.000 176.202 999.000   8.215 999.000 106.681 999.000   3.620 999.000
     108     GLY  47.312 999.000-999.000-999.000 175.496 999.000   8.434 999.000 109.667 999.000   3.942 999.000
     109     ALA  54.871 999.000  18.338 999.000 178.960 999.000   8.206 999.000 124.595 999.000   4.170 999.000
     110     LEU  58.009 999.000  41.632 999.000 177.616 999.000   8.561 999.000 119.741 999.000   4.112 999.000
     111     CYS 999.000 999.000 999.000 999.000 999.000 999.000 999.000 999.000 999.000 999.000   3.935 999.000
     112     VAL  66.417 999.000  31.275 999.000 177.566 999.000   8.066 999.000 120.203 999.000   3.490 999.000
     113     GLU  59.535 999.000  29.050 999.000 178.494 999.000   8.399 999.000 120.408 999.000   4.013 999.000
     114     SER  62.079 999.000  63.030 999.000 176.308 999.000   8.137 999.000 115.652 999.000   4.106 999.000
     115     VAL  65.223 999.000  31.239 999.000 177.616 999.000   7.603 999.000 120.743 999.000   3.596 999.000
     116     ASP  56.370 999.000  41.168 999.000 177.692 999.000   7.907 999.000 119.942 999.000   4.437 999.000
     117     LYS  56.465 999.000  32.143 999.000 176.010 999.000   7.811 999.000 116.606 999.000   4.217 999.000
     118     GLU  57.421 999.000  27.219 999.000 175.578 999.000   7.918 999.000 115.495 999.000   4.015 999.000
     119     MET  54.749 999.000  31.947 999.000 176.119 999.000   8.398 999.000 118.961 999.000   4.729 999.000
     120     GLN  58.785 999.000  27.907 999.000 177.605 999.000   7.973 999.000 119.761 999.000   3.882 999.000
     121     VAL  64.102 999.000  31.539 999.000 177.251 999.000   7.654 999.000 118.028 999.000   3.864 999.000
     122     LEU  56.880 999.000  41.333 999.000 178.135 999.000   7.786 999.000 119.832 999.000   3.949 999.000
     123     VAL  66.643 999.000  31.271 999.000 177.781 999.000   7.442 999.000 118.822 999.000   3.273 999.000
     124     SER  61.437 999.000  62.784 999.000 176.338 999.000   8.286 999.000 114.508 999.000   4.117 999.000
     125     ARG  58.524 999.000  30.010 999.000 178.100 999.000   6.839 999.000 122.573 999.000   3.770 999.000
     126     ILE  65.639 999.000  37.765 999.000 177.409 999.000   8.233 999.000 120.860 999.000   2.932 999.000
     127     ALA  55.482 999.000  18.120 999.000 179.175 999.000   7.852 999.000 120.635 999.000   3.912 999.000
     128     ALA  54.961 999.000  18.440 999.000 178.813 999.000   7.243 999.000 121.277 999.000   4.164 999.000
     129     TRP  58.625 999.000  28.556 999.000 178.820 999.000   8.717 999.000 119.919 999.000   4.350 999.000
     130     MET  59.756 999.000  32.767 999.000 177.766 999.000   8.737 999.000 117.329 999.000   4.515 999.000
     131     ALA  55.161 999.000  18.275 999.000 178.636 999.000   8.033 999.000 121.574 999.000   4.191 999.000
     132     THR  66.790 999.000  67.960 999.000 175.568 999.000   8.439 999.000 116.189 999.000   4.007 999.000
     133     TYR  62.213 999.000  38.798 999.000 176.872 999.000   8.720 999.000 122.985 999.000   4.199 999.000
     134     LEU  58.559 999.000  41.424 999.000 177.774 999.000   8.690 999.000 119.206 999.000   4.061 999.000
     135     ASN  56.208 999.000  38.931 999.000 177.193 999.000   8.105 999.000 116.601 999.000   4.378 999.000
     136     ASP  55.957 999.000  40.893 999.000 176.936 999.000   8.154 999.000 118.174 999.000   4.398 999.000
     137     HIS  57.281 999.000  31.883 999.000 175.874 999.000   7.781 999.000 114.142 999.000   4.412 999.000
     138     LEU  56.194 999.000  42.457 999.000 177.632 999.000   7.913 999.000 116.614 999.000   4.156 999.000
     139     GLU  61.676 999.000  28.150 999.000 176.132 999.000   8.794 999.000 119.736 999.000   4.020 999.000
     140     PRO  65.429 999.000  31.449 999.000 178.053 999.000-999.000-999.000 999.000 999.000   4.203 999.000
     141     TRP  60.542 999.000  29.483 999.000 177.770 999.000   7.118 999.000 118.559 999.000   4.179 999.000
     142     ILE  65.629 999.000  37.900 999.000 177.203 999.000   8.435 999.000 119.942 999.000   3.140 999.000
     143     GLN  59.016 999.000  28.061 999.000 178.592 999.000   8.348 999.000 118.027 999.000   3.975 999.000
     144     GLU  58.241 999.000  29.681 999.000 177.826 999.000   7.485 999.000 119.146 999.000   3.995 999.000
     145     ASN  54.510 999.000  39.679 999.000 175.674 999.000   7.690 999.000 115.338 999.000   4.261 999.000
     146     GLY  45.157 999.000-999.000-999.000 174.662 999.000   7.549 999.000 107.327 999.000   4.103 999.000
     147     GLY  44.274 999.000-999.000-999.000 173.631 999.000   8.305 999.000 107.543 999.000   4.139 999.000
     148     TRP  59.925 999.000  29.727 999.000 177.615 999.000   8.903 999.000 120.033 999.000   4.606 999.000
     149     ASP  56.856 999.000  39.720 999.000 178.167 999.000   8.439 999.000 119.675 999.000   4.431 999.000
     150     THR  64.460 999.000  68.625 999.000 175.995 999.000   7.613 999.000 113.334 999.000   4.127 999.000
     151     PHE  60.530 999.000  39.537 999.000 176.536 999.000   7.607 999.000 123.560 999.000   3.800 999.000
     152     VAL  65.019 999.000  31.193 999.000 177.618 999.000   7.804 999.000 116.366 999.000   3.745 999.000
     153     GLU  57.831 999.000  29.720 999.000 176.843 999.000   7.476 999.000 118.641 999.000   4.104 999.000
     154     LEU  55.999 999.000  43.666 999.000 176.772 999.000   7.126 999.000 117.988 999.000   4.094 999.000
     155     TYR  57.743 999.000  40.802 999.000 175.631 999.000   8.016 999.000 114.848 999.000   4.492 999.000
     156     GLY  44.601 999.000-999.000-999.000 174.208 999.000   8.117 999.000 106.620 999.000   4.081 999.000
     157     ASN  55.780 999.000  38.489 999.000 176.915 999.000   8.806 999.000 118.946 999.000   4.341 999.000
     158     ASN  55.217 999.000  38.141 999.000 176.694 999.000   8.430 999.000 117.050 999.000   4.531 999.000
     159     ALA  54.539 999.000  18.322 999.000 179.308 999.000   7.705 999.000 123.121 999.000   4.072 999.000
     160     ALA  54.461 999.000  17.990 999.000 179.667 999.000   7.983 999.000 120.336 999.000   4.107 999.000
     161     ALA  54.579 999.000  18.001 999.000 179.919 999.000   7.699 999.000 120.543 999.000   4.163 999.000
     162     GLU  58.910 999.000  29.075 999.000 179.229 999.000   7.915 999.000 117.936 999.000   4.127 999.000
     163     SER  60.989 999.000  63.015 999.000 176.682 999.000   7.986 999.000 115.318 999.000   4.267 999.000
     164     ARG  58.208 999.000  29.625 999.000 178.399 999.000   7.817 999.000 122.043 999.000   4.175 999.000
     165     LYS  57.986 999.000  31.977 999.000 178.720 999.000   7.900 999.000 119.001 999.000   4.192 999.000
     166     GLY  45.880 999.000-999.000-999.000 175.183 999.000   7.844 999.000 107.222 999.000   3.974 999.000
     167     GLN  57.096 999.000  28.929 999.000 177.157 999.000   7.783 999.000 120.032 999.000   4.253 999.000
     168     GLU  57.194 999.000  29.866 999.000 177.035 999.000   7.665 999.000 118.619 999.000   4.283 999.000
     169     ARG 999.000 999.000 999.000 999.000 999.000 999.000 999.000 999.000 999.000 999.000 999.000 999.000
