   index residue  pre_ca  exp_ca  pre_cb  exp_cb   pre_c   exp_c   pre_h   exp_h   pre_n   exp_n  pre_ha  exp_ha
       1     MET 999.000 999.000 999.000 999.000 999.000 999.000-999.000-999.000 999.000 999.000 999.000 999.000
       2     SER 999.000 999.000 999.000 999.000 999.000 999.000 999.000 999.000 999.000 999.000 999.000 999.000
       3     GLN  57.731 999.000  28.086 999.000 177.627 999.000   8.873 999.000 122.722 999.000   4.239 999.000
       4     SER  61.218 999.000  62.851 999.000 175.933 999.000   8.745 999.000 114.607 999.000   4.169 999.000
       5     ASN  55.255 999.000  38.614 999.000 176.561 999.000   8.008 999.000 119.821 999.000   4.701 999.000
       6     ARG  59.439 999.000  29.846 999.000 177.918 999.000   7.970 999.000 121.449 999.000   4.120 999.000
       7     GLU  59.148 999.000  29.113 999.000 178.879 999.000   8.194 999.000 118.785 999.000   3.981 999.000
       8     LEU  57.611 999.000  41.602 999.000 178.591 999.000   7.346 999.000 119.292 999.000   3.997 999.000
       9     VAL  66.469 999.000  31.403 999.000 177.576 999.000   7.642 999.000 119.364 999.000   3.652 999.000
      10     VAL  67.019 999.000  31.192 999.000 176.502 999.000   8.485 999.000 118.875 999.000   3.106 999.000
      11     ASP  57.580 999.000  41.096 999.000 177.597 999.000   7.594 999.000 120.087 999.000   4.216 999.000
      12     PHE  61.405 999.000  39.607 999.000 177.022 999.000   7.692 999.000 120.505 999.000   4.160 999.000
      13     LEU  58.210 999.000  41.058 999.000 178.533 999.000   8.538 999.000 118.236 999.000   3.933 999.000
      14     SER  62.067 999.000  62.599 999.000 176.475 999.000   8.079 999.000 114.990 999.000   4.122 999.000
      15     TYR  61.115 999.000  37.918 999.000 176.965 999.000   7.960 999.000 124.034 999.000   4.253 999.000
      16     LYS  58.571 999.000  31.371 999.000 178.971 999.000   7.912 999.000 118.236 999.000   3.702 999.000
      17     LEU  57.643 999.000  41.669 999.000 178.838 999.000   8.424 999.000 118.954 999.000   4.219 999.000
      18     SER  61.556 999.000  62.933 999.000 177.083 999.000   8.455 999.000 115.864 999.000   4.230 999.000
      19     GLN  57.916 999.000  28.506 999.000 177.173 999.000   7.969 999.000 119.909 999.000   4.055 999.000
      20     LYS  55.630 999.000  32.429 999.000 176.545 999.000   7.331 999.000 116.821 999.000   4.263 999.000
      21     GLY  45.416 999.000-999.000-999.000 174.041 999.000   7.582 999.000 107.660 999.000   3.829 999.000
      22     TYR  56.642 999.000  39.503 999.000 175.538 999.000   7.881 999.000 120.297 999.000   4.811 999.000
      23     SER  57.137 999.000  64.336 999.000 174.940 999.000   8.262 999.000 117.003 999.000   4.623 999.000
      24     TRP  59.554 999.000  29.910 999.000 177.545 999.000   9.115 999.000 126.665 999.000   4.590 999.000
      25     SER  61.215 999.000  62.449 999.000 176.140 999.000   8.429 999.000 114.694 999.000   4.067 999.000
      26     GLN  57.483 999.000  28.707 999.000 176.296 999.000   7.325 999.000 120.739 999.000   3.923 999.000
      27     PHE  57.568 999.000  40.262 999.000 176.093 999.000   7.245 999.000 115.986 999.000   4.374 999.000
      28     SER  57.599 999.000  64.818 999.000 174.130 999.000   7.078 999.000 114.595 999.000   4.247 999.000
      29     ASP  53.485 999.000  40.631 999.000 177.024 999.000   8.416 999.000 122.397 999.000   4.624 999.000
      30     VAL  64.333 999.000  31.708 999.000 177.412 999.000   8.238 999.000 121.059 999.000   3.849 999.000
      31     GLU  58.067 999.000  29.181 999.000 177.607 999.000   8.367 999.000 119.657 999.000   4.156 999.000
      32     GLU  57.242 999.000  30.165 999.000 177.323 999.000   7.830 999.000 117.943 999.000   4.218 999.000
      33     ASN  53.411 999.000  38.725 999.000 175.789 999.000   7.726 999.000 117.434 999.000   4.698 999.000
      34     ARG  56.352 999.000  30.576 999.000 176.679 999.000   8.088 999.000 119.747 999.000   4.377 999.000
      35     THR  62.033 999.000  69.851 999.000 174.796 999.000   7.894 999.000 113.383 999.000   4.348 999.000
      36     GLU  56.459 999.000  30.319 999.000 175.813 999.000   8.548 999.000 122.322 999.000   4.295 999.000
      37     ALA  50.854 999.000  18.308 999.000 175.604 999.000   8.193 999.000 123.567 999.000   4.497 999.000
      38     PRO  63.136 999.000  32.303 999.000 176.641 999.000-999.000-999.000 999.000 999.000   4.532 999.000
      39     GLU  56.212 999.000  30.474 999.000 176.799 999.000   8.476 999.000 119.784 999.000   4.277 999.000
      40     GLY  45.166 999.000-999.000-999.000 174.636 999.000   8.497 999.000 109.224 999.000   4.069 999.000
      41     THR  61.662 999.000  70.392 999.000 175.052 999.000   8.136 999.000 112.761 999.000   4.426 999.000
      42     GLU  57.817 999.000  29.410 999.000 177.167 999.000   8.855 999.000 121.729 999.000   4.233 999.000
      43     SER  59.758 999.000  63.418 999.000 175.574 999.000   8.317 999.000 114.500 999.000   4.290 999.000
      44     GLU  59.384 999.000  29.005 999.000 178.374 999.000   8.036 999.000 123.234 999.000   3.946 999.000
      45     ALA  54.847 999.000  18.316 999.000 179.640 999.000   7.969 999.000 120.373 999.000   4.177 999.000
      46     VAL  65.821 999.000  31.383 999.000 177.827 999.000   7.414 999.000 119.273 999.000   3.644 999.000
      47     LYS  60.156 999.000  32.022 999.000 178.903 999.000   8.179 999.000 119.674 999.000   3.732 999.000
      48     GLN  58.753 999.000  28.222 999.000 178.210 999.000   8.104 999.000 118.640 999.000   3.951 999.000
      49     ALA  55.092 999.000  18.164 999.000 179.543 999.000   7.803 999.000 122.367 999.000   3.985 999.000
      50     LEU  58.109 999.000  41.532 999.000 178.785 999.000   8.481 999.000 118.892 999.000   4.082 999.000
      51     ARG  59.747 999.000  29.742 999.000 178.420 999.000   8.013 999.000 118.922 999.000   3.914 999.000
      52     GLU  59.068 999.000  29.205 999.000 178.903 999.000   8.112 999.000 118.872 999.000   4.128 999.000
      53     ALA  54.844 999.000  18.203 999.000 179.439 999.000   8.451 999.000 121.650 999.000   4.218 999.000
      54     GLY  47.316 999.000-999.000-999.000 175.531 999.000   8.598 999.000 106.571 999.000   4.126 999.000
      55     ASP  56.826 999.000  40.366 999.000 178.022 999.000   8.350 999.000 121.939 999.000   4.615 999.000
      56     GLU  58.901 999.000  29.649 999.000 178.295 999.000   7.804 999.000 120.611 999.000   4.208 999.000
      57     PHE  61.853 999.000  39.030 999.000 177.916 999.000   8.718 999.000 119.604 999.000   4.262 999.000
      58     GLU  58.927 999.000  29.422 999.000 178.337 999.000   8.296 999.000 118.627 999.000   4.247 999.000
      59     LEU  56.952 999.000  42.478 999.000 177.911 999.000   7.525 999.000 120.027 999.000   4.249 999.000
      60     ARG  57.391 999.000  31.193 999.000 176.744 999.000   8.082 999.000 115.665 999.000   4.005 999.000
      61     TYR  56.366 999.000  38.032 999.000 175.628 999.000   7.979 999.000 117.623 999.000   4.775 999.000
      62     ARG  58.820 999.000  30.039 999.000 177.417 999.000   7.955 999.000 120.941 999.000   3.816 999.000
      63     ARG  57.349 999.000  29.674 999.000 177.545 999.000   8.267 999.000 117.508 999.000   4.206 999.000
      64     ALA  54.209 999.000  18.527 999.000 178.030 999.000   7.707 999.000 121.024 999.000   4.173 999.000
      65     PHE  57.799 999.000  39.751 999.000 176.424 999.000   7.516 999.000 113.077 999.000   4.780 999.000
      66     SER  61.280 999.000  62.548 999.000 176.268 999.000   8.133 999.000 116.838 999.000   4.200 999.000
      67     ASP  56.212 999.000  39.926 999.000 178.177 999.000   7.879 999.000 122.056 999.000   4.497 999.000
      68     LEU  57.479 999.000  41.615 999.000 178.721 999.000   7.526 999.000 119.977 999.000   4.010 999.000
      69     THR  65.286 999.000  68.633 999.000 176.768 999.000   8.230 999.000 112.519 999.000   4.237 999.000
      70     SER  60.461 999.000  63.414 999.000 175.714 999.000   7.832 999.000 116.807 999.000   4.344 999.000
      71     GLN  57.259 999.000  28.937 999.000 177.075 999.000   7.561 999.000 120.992 999.000   4.223 999.000
      72     LEU  54.746 999.000  42.138 999.000 176.280 999.000   7.253 999.000 120.802 999.000   4.278 999.000
      73     HIS  55.858 999.000  29.909 999.000 175.375 999.000   8.595 999.000 125.522 999.000   4.631 999.000
      74     ILE  60.870 999.000  38.877 999.000 175.159 999.000   8.055 999.000 123.669 999.000   4.450 999.000
      75     THR  58.469 999.000  69.985 999.000 173.752 999.000   8.003 999.000 116.739 999.000   4.791 999.000
      76     PRO  64.690 999.000  31.635 999.000 177.499 999.000-999.000-999.000 999.000 999.000   4.412 999.000
      77     GLY  45.070 999.000-999.000-999.000 175.043 999.000   8.322 999.000 107.560 999.000   4.137 999.000
      78     THR  63.637 999.000  69.483 999.000 174.194 999.000   7.704 999.000 117.748 999.000   4.231 999.000
      79     ALA  50.874 999.000  21.089 999.000 176.814 999.000   8.631 999.000 128.846 999.000   4.700 999.000
      80     TYR  61.040 999.000  38.033 999.000 177.292 999.000   8.889 999.000 120.770 999.000   3.086 999.000
      81     GLN  58.798 999.000  27.706 999.000 178.229 999.000   8.437 999.000 118.147 999.000   3.826 999.000
      82     SER  60.822 999.000  62.923 999.000 176.065 999.000   7.589 999.000 114.589 999.000   4.263 999.000
      83     PHE  60.897 999.000  39.358 999.000 176.615 999.000   7.152 999.000 123.622 999.000   4.182 999.000
      84     GLU  59.933 999.000  29.352 999.000 178.340 999.000   8.554 999.000 119.201 999.000   3.587 999.000
      85     GLN  58.565 999.000  28.263 999.000 178.401 999.000   7.588 999.000 117.370 999.000   3.968 999.000
      86     VAL  65.102 999.000  31.903 999.000 177.759 999.000   7.073 999.000 119.394 999.000   3.691 999.000
      87     VAL  65.761 999.000  31.162 999.000 177.742 999.000   7.729 999.000 119.166 999.000   3.302 999.000
      88     ASN  55.910 999.000  37.736 999.000 177.417 999.000   8.479 999.000 117.994 999.000   4.307 999.000
      89     GLU  58.375 999.000  29.631 999.000 178.055 999.000   7.308 999.000 119.670 999.000   4.063 999.000
      90     LEU  57.223 999.000  42.009 999.000 177.348 999.000   7.381 999.000 119.805 999.000   3.896 999.000
      91     PHE  58.477 999.000  38.636 999.000 176.118 999.000   7.693 999.000 114.338 999.000   4.488 999.000
      92     ARG  58.643 999.000  29.811 999.000 176.757 999.000   7.517 999.000 120.378 999.000   3.961 999.000
      93     ASP  53.824 999.000  40.730 999.000 176.280 999.000   8.116 999.000 116.843 999.000   4.633 999.000
      94     GLY  44.647 999.000-999.000-999.000 173.329 999.000   7.564 999.000 107.913 999.000   4.087 999.000
      95     VAL  62.222 999.000  32.421 999.000 175.290 999.000   8.010 999.000 119.752 999.000   3.891 999.000
      96     ASN  51.982 999.000  41.142 999.000 174.586 999.000   7.702 999.000 122.256 999.000   4.296 999.000
      97     TRP  60.101 999.000  30.394 999.000 178.161 999.000   8.899 999.000 120.652 999.000   4.535 999.000
      98     GLY  47.125 999.000-999.000-999.000 175.978 999.000   8.887 999.000 107.006 999.000   4.141 999.000
      99     ARG  58.814 999.000  29.845 999.000 178.293 999.000   8.081 999.000 121.473 999.000   4.143 999.000
     100     ILE  65.368 999.000  37.712 999.000 177.574 999.000   7.999 999.000 120.726 999.000   4.052 999.000
     101     VAL  66.936 999.000  31.290 999.000 176.745 999.000   8.353 999.000 119.456 999.000   3.450 999.000
     102     ALA  55.517 999.000  18.049 999.000 178.708 999.000   8.225 999.000 122.682 999.000   3.879 999.000
     103     PHE  60.742 999.000  38.487 999.000 176.911 999.000   8.297 999.000 119.634 999.000   4.242 999.000
     104     PHE  62.702 999.000  38.778 999.000 177.652 999.000   8.691 999.000 118.510 999.000   3.601 999.000
     105     SER  61.939 999.000  62.630 999.000 176.427 999.000   8.348 999.000 115.357 999.000   4.144 999.000
     106     PHE  60.053 999.000  38.421 999.000 176.802 999.000   8.772 999.000 123.578 999.000   4.295 999.000
     107     GLY  47.548 999.000-999.000-999.000 176.216 999.000   8.206 999.000 106.583 999.000   3.609 999.000
     108     GLY  47.321 999.000-999.000-999.000 175.492 999.000   8.450 999.000 109.681 999.000   3.939 999.000
     109     ALA  54.862 999.000  18.343 999.000 178.951 999.000   8.202 999.000 124.571 999.000   4.169 999.000
     110     LEU  57.989 999.000  41.653 999.000 177.601 999.000   8.566 999.000 119.761 999.000   4.125 999.000
     111     CYS 999.000 999.000 999.000 999.000 999.000 999.000 999.000 999.000 999.000 999.000   3.937 999.000
     112     VAL  66.448 999.000  31.290 999.000 177.534 999.000   8.021 999.000 120.264 999.000   3.492 999.000
     113     GLU  59.514 999.000  29.080 999.000 178.450 999.000   8.386 999.000 120.460 999.000   4.011 999.000
     114     SER  62.082 999.000  63.025 999.000 176.303 999.000   8.166 999.000 115.629 999.000   4.103 999.000
     115     VAL  65.272 999.000  31.254 999.000 177.639 999.000   7.596 999.000 120.888 999.000   3.598 999.000
     116     ASP  56.399 999.000  41.150 999.000 177.704 999.000   7.912 999.000 119.949 999.000   4.430 999.000
     117     LYS  56.485 999.000  32.143 999.000 176.017 999.000   7.849 999.000 116.588 999.000   4.215 999.000
     118     GLU  57.417 999.000  27.207 999.000 175.550 999.000   7.925 999.000 115.612 999.000   4.017 999.000
     119     MET  54.743 999.000  32.042 999.000 176.123 999.000   8.446 999.000 118.904 999.000   4.737 999.000
     120     GLN  58.827 999.000  27.871 999.000 177.637 999.000   7.972 999.000 119.782 999.000   3.877 999.000
     121     VAL  64.132 999.000  31.517 999.000 177.286 999.000   7.641 999.000 118.128 999.000   3.858 999.000
     122     LEU  56.896 999.000  41.317 999.000 178.156 999.000   7.830 999.000 119.802 999.000   3.943 999.000
     123     VAL  66.643 999.000  31.270 999.000 177.769 999.000   7.450 999.000 118.800 999.000   3.278 999.000
     124     SER  61.410 999.000  62.788 999.000 176.334 999.000   8.302 999.000 114.460 999.000   4.128 999.000
     125     ARG  58.512 999.000  29.997 999.000 178.107 999.000   6.845 999.000 122.599 999.000   3.775 999.000
     126     ILE  65.673 999.000  37.783 999.000 177.410 999.000   8.236 999.000 120.864 999.000   2.931 999.000
     127     ALA  55.488 999.000  18.118 999.000 179.191 999.000   7.839 999.000 120.574 999.000   3.908 999.000
     128     ALA  54.970 999.000  18.445 999.000 178.779 999.000   7.228 999.000 121.293 999.000   4.164 999.000
     129     TRP  58.632 999.000  28.551 999.000 178.819 999.000   8.739 999.000 119.972 999.000   4.339 999.000
     130     MET  59.797 999.000  32.788 999.000 177.766 999.000   8.739 999.000 117.269 999.000   4.520 999.000
     131     ALA  55.143 999.000  18.267 999.000 178.657 999.000   8.012 999.000 121.543 999.000   4.199 999.000
     132     THR  66.783 999.000  67.967 999.000 175.572 999.000   8.451 999.000 116.206 999.000   4.015 999.000
     133     TYR  62.210 999.000  38.802 999.000 176.882 999.000   8.730 999.000 123.007 999.000   4.190 999.000
     134     LEU  58.553 999.000  41.455 999.000 177.788 999.000   8.717 999.000 119.172 999.000   4.062 999.000
     135     ASN  56.199 999.000  38.939 999.000 177.170 999.000   8.063 999.000 116.564 999.000   4.386 999.000
     136     ASP  55.988 999.000  40.924 999.000 176.931 999.000   8.116 999.000 118.118 999.000   4.405 999.000
     137     HIS  57.321 999.000  31.875 999.000 175.865 999.000   7.767 999.000 114.132 999.000   4.407 999.000
     138     LEU  56.167 999.000  42.491 999.000 177.624 999.000   7.923 999.000 116.586 999.000   4.136 999.000
     139     GLU  61.687 999.000  28.143 999.000 176.132 999.000   8.776 999.000 119.701 999.000   4.018 999.000
     140     PRO  65.396 999.000  31.448 999.000 178.025 999.000-999.000-999.000 999.000 999.000   4.207 999.000
     141     TRP  60.528 999.000  29.500 999.000 177.760 999.000   7.107 999.000 118.569 999.000   4.180 999.000
     142     ILE  65.630 999.000  37.905 999.000 177.231 999.000   8.492 999.000 119.987 999.000   3.139 999.000
     143     GLN  58.995 999.000  28.067 999.000 178.572 999.000   8.350 999.000 118.058 999.000   3.972 999.000
     144     GLU  58.243 999.000  29.677 999.000 177.811 999.000   7.483 999.000 119.154 999.000   3.995 999.000
     145     ASN  54.462 999.000  39.640 999.000 175.604 999.000   7.680 999.000 115.263 999.000   4.282 999.000
     146     GLY  45.146 999.000-999.000-999.000 174.682 999.000   7.557 999.000 107.471 999.000   4.109 999.000
     147     GLY  44.254 999.000-999.000-999.000 173.656 999.000   8.295 999.000 107.590 999.000   4.139 999.000
     148     TRP  60.006 999.000  29.753 999.000 177.644 999.000   8.895 999.000 120.061 999.000   4.600 999.000
     149     ASP  56.944 999.000  39.745 999.000 178.232 999.000   8.436 999.000 119.630 999.000   4.426 999.000
     150     THR  64.763 999.000  68.566 999.000 176.141 999.000   7.643 999.000 113.797 999.000   4.106 999.000
     151     PHE  60.642 999.000  39.487 999.000 176.598 999.000   7.584 999.000 123.493 999.000   3.792 999.000
     152     VAL  65.438 999.000  31.236 999.000 177.850 999.000   7.909 999.000 117.258 999.000   3.674 999.000
     153     GLU  58.108 999.000  29.550 999.000 177.337 999.000   7.580 999.000 118.876 999.000   4.083 999.000
     154     LEU  56.337 999.000  43.311 999.000 177.049 999.000   7.122 999.000 118.422 999.000   4.065 999.000
     155     TYR  58.195 999.000  40.250 999.000 176.306 999.000   8.102 999.000 115.063 999.000   4.449 999.000
     156     GLY  44.904 999.000-999.000-999.000 174.351 999.000   7.903 999.000 106.001 999.000   4.037 999.000
     157     ASN  55.370 999.000  38.483 999.000 176.811 999.000   8.547 999.000 118.476 999.000   4.387 999.000
     158     ASN  54.993 999.000  38.210 999.000 176.514 999.000   8.225 999.000 117.075 999.000   4.521 999.000
     159     ALA  54.023 999.000  18.491 999.000 179.002 999.000   7.629 999.000 122.767 999.000   4.131 999.000
     160     ALA  53.837 999.000  18.247 999.000 179.236 999.000   7.791 999.000 120.167 999.000   4.164 999.000
     161     ALA  54.385 999.000  18.121 999.000 179.848 999.000   7.658 999.000 120.082 999.000   4.166 999.000
     162     GLU  58.568 999.000  29.215 999.000 178.777 999.000   7.779 999.000 117.502 999.000   4.139 999.000
     163     SER  60.626 999.000  63.254 999.000 176.199 999.000   7.785 999.000 114.838 999.000   4.298 999.000
     164     ARG  57.315 999.000  29.916 999.000 177.520 999.000   7.731 999.000 121.976 999.000   4.261 999.000
     165     LYS  57.192 999.000  32.340 999.000 178.011 999.000   7.759 999.000 119.076 999.000   4.236 999.000
     166     GLY  45.470 999.000-999.000-999.000 174.554 999.000   7.897 999.000 107.111 999.000   3.962 999.000
     167     GLN  56.436 999.000  29.254 999.000 176.488 999.000   7.909 999.000 119.551 999.000   4.306 999.000
     168     GLU  57.006 999.000  30.053 999.000 176.654 999.000   7.842 999.000 118.836 999.000   4.280 999.000
     169     ARG 999.000 999.000 999.000 999.000 999.000 999.000 999.000 999.000 999.000 999.000 999.000 999.000
