134 LEU 26.143 26.156999999999996
8 LEU 24.285999999999998 23.524
9 VAL 24.136 22.941
10 VAL 20.182000000000002 22.816
138 LEU 22.017 24.862
13 LEU 21.851999999999997 25.766
142 ILE 13.94 
17 LEU 23.988000000000003 26.397
152 VAL 21.72 24.656999999999996
154 LEU 23.239 25.699
30 VAL 21.092 20.497
46 VAL 22.453000000000003 22.91
50 LEU 23.328000000000003 23.491999999999997
59 LEU 24.549 24.549
68 LEU 24.476 24.56
72 LEU 23.863000000000003 27.151999999999997
74 ILE 14.402000000000001 
86 VAL 22.115 23.381
87 VAL 22.678 23.088
90 LEU 23.928 24.31
95 VAL 22.971999999999998 21.1
100 ILE 14.253 
101 VAL 21.412 23.771
110 LEU 25.624000000000002 23.774
112 VAL 23.087 22.31
115 VAL 21.357 22.839000000000002
121 VAL 20.067 20.054000000000002
122 LEU 22.811 26.405
123 VAL 21.783 23.287
126 ILE 14.732000000000001 
