   index residue  pre_ca  exp_ca  pre_cb  exp_cb   pre_c   exp_c   pre_h   exp_h   pre_n   exp_n  pre_ha  exp_ha
       1     MET 999.000 999.000 999.000 999.000 999.000 999.000-999.000-999.000 999.000 999.000 999.000 999.000
       2     SER 999.000 999.000 999.000 999.000 999.000 999.000 999.000 999.000 999.000 999.000 999.000 999.000
       3     GLN  57.240 999.000  28.994 999.000 177.092 999.000   8.137 999.000 119.552 999.000   4.239 999.000
       4     SER  60.436 999.000  63.201 999.000 175.977 999.000   7.820 999.000 115.236 999.000   4.122 999.000
       5     ASN  55.676 999.000  37.948 999.000 176.583 999.000   8.091 999.000 120.663 999.000   4.475 999.000
       6     ARG  58.868 999.000  30.060 999.000 177.671 999.000   7.713 999.000 119.991 999.000   4.102 999.000
       7     GLU  58.944 999.000  29.250 999.000 178.811 999.000   7.652 999.000 118.887 999.000   4.004 999.000
       8     LEU  57.703 999.000  41.420 999.000 178.612 999.000   7.617 999.000 118.864 999.000   4.098 999.000
       9     VAL  66.080 999.000  31.291 999.000 177.554 999.000   7.261 999.000 119.042 999.000   2.954 999.000
      10     VAL  66.960 999.000  31.191 999.000 176.334 999.000   7.801 999.000 119.478 999.000   3.688 999.000
      11     ASP  57.536 999.000  41.288 999.000 177.460 999.000   7.880 999.000 119.976 999.000   4.382 999.000
      12     PHE  61.521 999.000  39.686 999.000 177.299 999.000   8.028 999.000 120.551 999.000   4.219 999.000
      13     LEU  58.311 999.000  41.147 999.000 178.610 999.000   8.742 999.000 118.591 999.000   4.099 999.000
      14     SER  62.306 999.000  62.574 999.000 176.511 999.000   8.524 999.000 115.122 999.000   4.351 999.000
      15     TYR  60.894 999.000  37.866 999.000 177.015 999.000   8.578 999.000 124.410 999.000   4.346 999.000
      16     LYS  58.526 999.000  31.388 999.000 179.127 999.000   8.151 999.000 118.416 999.000   3.794 999.000
      17     LEU  58.089 999.000  41.541 999.000 178.719 999.000   8.538 999.000 119.894 999.000   4.040 999.000
      18     SER  61.821 999.000  62.796 999.000 177.153 999.000   8.457 999.000 115.928 999.000   4.266 999.000
      19     GLN  57.828 999.000  28.558 999.000 177.522 999.000   8.031 999.000 120.464 999.000   4.045 999.000
      20     LYS  56.414 999.000  32.663 999.000 177.156 999.000   7.311 999.000 117.782 999.000   4.065 999.000
      21     GLY  45.548 999.000-999.000-999.000 174.033 999.000   7.489 999.000 107.637 999.000   3.972 999.000
      22     TYR  54.546 999.000  40.074 999.000 175.245 999.000   8.298 999.000 119.505 999.000   4.785 999.000
      23     SER  56.350 999.000  66.059 999.000 174.542 999.000   8.656 999.000 113.284 999.000   4.770 999.000
      24     TRP  59.746 999.000  29.684 999.000 176.477 999.000   8.425 999.000 120.957 999.000   4.234 999.000
      25     SER  58.690 999.000  64.466 999.000 173.777 999.000   7.925 999.000 111.114 999.000   4.390 999.000
      26     GLN  54.526 999.000  31.985 999.000 175.018 999.000   7.541 999.000 119.724 999.000   4.357 999.000
      27     PHE  58.292 999.000  37.968 999.000 175.669 999.000   8.379 999.000 120.812 999.000   4.090 999.000
      28     SER  57.080 999.000  64.988 999.000 174.203 999.000   7.425 999.000 113.729 999.000   4.746 999.000
      29     ASP  55.165 999.000  39.657 999.000 177.239 999.000   8.682 999.000 125.039 999.000   4.408 999.000
      30     VAL  63.536 999.000  31.737 999.000 176.730 999.000   7.880 999.000 117.343 999.000   3.976 999.000
      31     GLU  56.462 999.000  29.728 999.000 176.562 999.000   8.031 999.000 120.184 999.000   4.269 999.000
      32     GLU  57.092 999.000  30.059 999.000 176.787 999.000   7.941 999.000 119.617 999.000   4.192 999.000
      33     ASN  53.449 999.000  38.271 999.000 175.312 999.000   8.571 999.000 117.027 999.000   4.613 999.000
      34     ARG  55.918 999.000  30.631 999.000 176.399 999.000   8.017 999.000 119.780 999.000   4.323 999.000
      35     THR  61.655 999.000  70.060 999.000 174.939 999.000   8.211 999.000 115.503 999.000   4.350 999.000
      36     GLU  56.543 999.000  30.055 999.000 175.916 999.000   8.608 999.000 122.949 999.000   4.211 999.000
      37     ALA  50.941 999.000  18.176 999.000 175.649 999.000   8.264 999.000 124.801 999.000   4.412 999.000
      38     PRO  62.870 999.000  32.384 999.000 176.922 999.000-999.000-999.000 999.000 999.000   4.523 999.000
      39     GLU  56.897 999.000  29.942 999.000 176.978 999.000   8.600 999.000 121.744 999.000   4.184 999.000
      40     GLY  45.568 999.000-999.000-999.000 174.945 999.000   8.648 999.000 111.075 999.000   4.075 999.000
      41     THR  61.970 999.000  70.100 999.000 175.088 999.000   7.493 999.000 114.991 999.000   4.346 999.000
      42     GLU  59.051 999.000  29.297 999.000 177.654 999.000   9.094 999.000 125.101 999.000   4.030 999.000
      43     SER  60.920 999.000  63.127 999.000 175.891 999.000   8.461 999.000 114.232 999.000   4.371 999.000
      44     GLU  58.862 999.000  29.176 999.000 178.156 999.000   7.994 999.000 122.702 999.000   4.042 999.000
      45     ALA  55.000 999.000  18.306 999.000 179.430 999.000   7.546 999.000 120.986 999.000   3.860 999.000
      46     VAL  66.117 999.000  31.240 999.000 177.851 999.000   7.340 999.000 118.816 999.000   3.535 999.000
      47     LYS  60.204 999.000  31.987 999.000 178.822 999.000   7.963 999.000 119.588 999.000   3.894 999.000
      48     GLN  58.720 999.000  28.108 999.000 178.227 999.000   8.186 999.000 118.770 999.000   3.950 999.000
      49     ALA  54.966 999.000  18.138 999.000 179.609 999.000   7.862 999.000 122.150 999.000   4.101 999.000
      50     LEU  57.608 999.000  41.527 999.000 178.879 999.000   8.157 999.000 118.613 999.000   4.158 999.000
      51     ARG  59.578 999.000  29.705 999.000 178.641 999.000   7.964 999.000 119.386 999.000   3.900 999.000
      52     GLU  59.012 999.000  29.319 999.000 178.831 999.000   8.120 999.000 119.082 999.000   4.084 999.000
      53     ALA  54.661 999.000  18.188 999.000 179.633 999.000   8.129 999.000 121.671 999.000   4.167 999.000
      54     GLY  47.094 999.000-999.000-999.000 175.507 999.000   8.431 999.000 106.719 999.000   4.193 999.000
      55     ASP  56.376 999.000  40.515 999.000 177.733 999.000   8.142 999.000 121.750 999.000   4.573 999.000
      56     GLU  58.406 999.000  29.777 999.000 178.059 999.000   7.794 999.000 119.909 999.000   4.175 999.000
      57     PHE  60.817 999.000  39.405 999.000 176.793 999.000   8.370 999.000 119.569 999.000   4.250 999.000
      58     GLU  56.887 999.000  29.849 999.000 177.698 999.000   7.763 999.000 116.190 999.000   4.142 999.000
      59     LEU  56.138 999.000  41.477 999.000 176.523 999.000   7.566 999.000 122.248 999.000   4.051 999.000
      60     ARG  57.415 999.000  27.882 999.000 175.476 999.000   8.896 999.000 122.933 999.000   3.815 999.000
      61     TYR  58.519 999.000  35.414 999.000 175.518 999.000   7.511 999.000 115.162 999.000   4.135 999.000
      62     ARG  57.981 999.000  30.203 999.000 176.944 999.000   7.561 999.000 119.336 999.000   4.075 999.000
      63     ARG  56.314 999.000  30.925 999.000 176.074 999.000   7.729 999.000 116.037 999.000   4.180 999.000
      64     ALA  51.942 999.000  18.438 999.000 176.749 999.000   7.534 999.000 122.637 999.000   4.224 999.000
      65     PHE  56.948 999.000  40.105 999.000 176.721 999.000   8.356 999.000 120.239 999.000   4.678 999.000
      66     SER  61.366 999.000  62.679 999.000 175.833 999.000   9.144 999.000 119.391 999.000   4.153 999.000
      67     ASP  56.120 999.000  39.952 999.000 177.026 999.000   8.382 999.000 120.992 999.000   4.432 999.000
      68     LEU  55.361 999.000  42.852 999.000 177.295 999.000   7.568 999.000 117.454 999.000   4.507 999.000
      69     THR  62.672 999.000  70.233 999.000 175.265 999.000   7.657 999.000 109.178 999.000   4.357 999.000
      70     SER  59.514 999.000  64.127 999.000 174.692 999.000   8.369 999.000 115.762 999.000   4.516 999.000
      71     GLN  55.145 999.000  28.127 999.000 175.764 999.000   8.077 999.000 121.374 999.000   4.389 999.000
      72     LEU  55.008 999.000  41.558 999.000 176.570 999.000   7.855 999.000 122.362 999.000   4.227 999.000
      73     HIS  55.597 999.000  30.330 999.000 175.151 999.000   8.474 999.000 123.191 999.000   4.644 999.000
      74     ILE  60.514 999.000  38.430 999.000 176.185 999.000   8.221 999.000 123.592 999.000   4.280 999.000
      75     THR  60.573 999.000  68.840 999.000 174.144 999.000   8.289 999.000 121.290 999.000   4.137 999.000
      76     PRO  63.467 999.000  32.331 999.000 176.973 999.000-999.000-999.000 999.000 999.000   4.326 999.000
      77     GLY  44.836 999.000-999.000-999.000 174.416 999.000   8.246 999.000 108.613 999.000   4.079 999.000
      78     THR  62.381 999.000  69.832 999.000 175.123 999.000   8.028 999.000 113.126 999.000   4.133 999.000
      79     ALA  53.321 999.000  19.160 999.000 177.740 999.000   8.237 999.000 123.970 999.000   4.037 999.000
      80     TYR  58.695 999.000  38.259 999.000 177.324 999.000   7.897 999.000 114.871 999.000   4.267 999.000
      81     GLN  57.840 999.000  28.142 999.000 177.416 999.000   7.869 999.000 119.498 999.000   4.002 999.000
      82     SER  60.843 999.000  63.069 999.000 175.912 999.000   7.614 999.000 115.718 999.000   4.202 999.000
      83     PHE  60.313 999.000  38.199 999.000 177.473 999.000   7.832 999.000 122.870 999.000   4.347 999.000
      84     GLU  59.847 999.000  29.357 999.000 178.301 999.000   7.531 999.000 119.978 999.000   3.503 999.000
      85     GLN  57.769 999.000  28.215 999.000 177.602 999.000   7.477 999.000 116.469 999.000   3.984 999.000
      86     VAL  65.466 999.000  31.993 999.000 177.147 999.000   7.301 999.000 119.521 999.000   3.712 999.000
      87     VAL  63.105 999.000  31.844 999.000 176.898 999.000   7.681 999.000 114.297 999.000   3.746 999.000
      88     ASN  55.669 999.000  38.219 999.000 175.942 999.000   7.835 999.000 118.760 999.000   3.923 999.000
      89     GLU  56.758 999.000  30.864 999.000 176.953 999.000   7.610 999.000 116.217 999.000   4.282 999.000
      90     LEU  57.331 999.000  41.778 999.000 177.204 999.000   7.391 999.000 119.695 999.000   3.757 999.000
      91     PHE  57.984 999.000  39.002 999.000 176.333 999.000   7.422 999.000 113.390 999.000   4.459 999.000
      92     ARG  58.222 999.000  29.924 999.000 176.930 999.000   7.525 999.000 119.801 999.000   3.421 999.000
      93     ASP  54.165 999.000  41.064 999.000 176.144 999.000   7.585 999.000 116.226 999.000   4.521 999.000
      94     GLY  45.210 999.000-999.000-999.000 173.195 999.000   7.231 999.000 108.155 999.000   3.973 999.000
      95     VAL  60.845 999.000  30.314 999.000 175.735 999.000   7.778 999.000 116.510 999.000   4.367 999.000
      96     ASN  53.550 999.000  39.548 999.000 175.797 999.000   7.624 999.000 119.984 999.000   4.465 999.000
      97     TRP  59.676 999.000  28.925 999.000 177.155 999.000   8.527 999.000 122.976 999.000   4.247 999.000
      98     GLY  47.662 999.000-999.000-999.000 175.360 999.000   7.589 999.000 107.987 999.000   3.636 999.000
      99     ARG  59.073 999.000  30.020 999.000 178.011 999.000   7.861 999.000 120.610 999.000   4.073 999.000
     100     ILE  64.794 999.000  37.368 999.000 177.457 999.000   7.430 999.000 119.807 999.000   3.681 999.000
     101     VAL  66.942 999.000  31.193 999.000 176.781 999.000   8.462 999.000 119.121 999.000   3.114 999.000
     102     ALA  55.420 999.000  18.035 999.000 178.239 999.000   8.107 999.000 122.337 999.000   3.921 999.000
     103     PHE  60.635 999.000  39.103 999.000 176.893 999.000   7.900 999.000 119.315 999.000   4.416 999.000
     104     PHE  58.421 999.000  37.708 999.000 177.791 999.000   8.860 999.000 118.141 999.000   4.278 999.000
     105     SER  61.764 999.000  62.696 999.000 176.296 999.000   8.582 999.000 115.955 999.000   4.488 999.000
     106     PHE  60.506 999.000  38.856 999.000 176.845 999.000   8.589 999.000 122.940 999.000   4.350 999.000
     107     GLY  47.616 999.000-999.000-999.000 176.191 999.000   8.404 999.000 106.514 999.000   3.702 999.000
     108     GLY  47.276 999.000-999.000-999.000 175.472 999.000   8.649 999.000 109.860 999.000   3.979 999.000
     109     ALA  54.783 999.000  18.400 999.000 178.901 999.000   8.146 999.000 124.567 999.000   4.137 999.000
     110     LEU  58.124 999.000  41.540 999.000 178.085 999.000   8.307 999.000 119.436 999.000   3.943 999.000
     111     CYS 999.000 999.000 999.000 999.000 999.000 999.000 999.000 999.000 999.000 999.000   4.082 999.000
     112     VAL  64.771 999.000  32.077 999.000 177.109 999.000   7.914 999.000 118.750 999.000   3.895 999.000
     113     GLU  57.358 999.000  29.352 999.000 177.290 999.000   8.293 999.000 117.546 999.000   4.235 999.000
     114     SER  58.283 999.000  63.190 999.000 174.923 999.000   7.675 999.000 115.034 999.000   4.526 999.000
     115     VAL  63.695 999.000  31.605 999.000 175.960 999.000   7.874 999.000 119.383 999.000   3.910 999.000
     116     ASP  54.512 999.000  40.280 999.000 176.606 999.000   8.190 999.000 118.862 999.000   4.583 999.000
     117     LYS  55.873 999.000  33.078 999.000 176.348 999.000   7.554 999.000 120.617 999.000   4.355 999.000
     118     GLU  55.991 999.000  29.874 999.000 176.709 999.000   8.665 999.000 120.920 999.000   4.312 999.000
     119     MET  57.736 999.000  31.250 999.000 177.756 999.000   8.752 999.000 123.784 999.000   4.067 999.000
     120     GLN  57.809 999.000  28.504 999.000 176.835 999.000   8.233 999.000 117.755 999.000   4.169 999.000
     121     VAL  62.062 999.000  33.743 999.000 176.928 999.000   7.600 999.000 113.859 999.000   4.331 999.000
     122     LEU  58.547 999.000  41.605 999.000 177.878 999.000   8.071 999.000 121.961 999.000   3.957 999.000
     123     VAL  66.278 999.000  31.304 999.000 178.065 999.000   7.921 999.000 117.703 999.000   3.412 999.000
     124     SER  61.746 999.000  62.903 999.000 176.574 999.000   7.776 999.000 116.162 999.000   4.329 999.000
     125     ARG  58.916 999.000  30.007 999.000 178.514 999.000   7.947 999.000 122.384 999.000   4.045 999.000
     126     ILE  65.020 999.000  37.528 999.000 177.464 999.000   8.480 999.000 120.582 999.000   3.861 999.000
     127     ALA  55.465 999.000  18.105 999.000 179.259 999.000   8.525 999.000 121.107 999.000   3.984 999.000
     128     ALA  55.319 999.000  18.162 999.000 178.940 999.000   7.854 999.000 121.140 999.000   4.007 999.000
     129     TRP  60.505 999.000  29.736 999.000 178.669 999.000   8.280 999.000 119.228 999.000   4.210 999.000
     130     MET  59.825 999.000  32.781 999.000 177.629 999.000   8.876 999.000 117.945 999.000   4.313 999.000
     131     ALA  55.303 999.000  18.231 999.000 178.528 999.000   8.417 999.000 121.476 999.000   4.135 999.000
     132     THR  66.654 999.000  67.983 999.000 176.145 999.000   8.092 999.000 115.634 999.000   3.928 999.000
     133     TYR  59.553 999.000  38.104 999.000 177.762 999.000   8.302 999.000 120.189 999.000   4.645 999.000
     134     LEU  58.206 999.000  41.414 999.000 177.647 999.000   8.927 999.000 119.813 999.000   4.085 999.000
     135     ASN  56.281 999.000  38.933 999.000 177.017 999.000   8.120 999.000 116.284 999.000   4.421 999.000
     136     ASP  55.759 999.000  41.043 999.000 176.865 999.000   7.706 999.000 118.099 999.000   4.514 999.000
     137     HIS  56.530 999.000  31.467 999.000 175.015 999.000   8.063 999.000 113.794 999.000   4.702 999.000
     138     LEU  56.287 999.000  43.645 999.000 176.954 999.000   8.141 999.000 119.643 999.000   4.502 999.000
     139     GLU  61.673 999.000  27.933 999.000 176.258 999.000   8.624 999.000 118.667 999.000   4.020 999.000
     140     PRO  65.398 999.000  31.372 999.000 178.189 999.000-999.000-999.000 999.000 999.000   4.182 999.000
     141     TRP  58.462 999.000  30.024 999.000 178.408 999.000   7.130 999.000 116.713 999.000   4.613 999.000
     142     ILE  64.510 999.000  37.106 999.000 177.398 999.000   8.203 999.000 119.992 999.000   3.804 999.000
     143     GLN  59.052 999.000  27.725 999.000 178.698 999.000   8.437 999.000 118.976 999.000   4.113 999.000
     144     GLU  58.401 999.000  29.529 999.000 177.853 999.000   7.800 999.000 118.827 999.000   4.104 999.000
     145     ASN  54.452 999.000  39.772 999.000 175.589 999.000   7.847 999.000 115.133 999.000   4.545 999.000
     146     GLY  45.478 999.000-999.000-999.000 174.097 999.000   7.765 999.000 106.469 999.000   4.113 999.000
     147     GLY  45.184 999.000-999.000-999.000 173.646 999.000   8.347 999.000 107.995 999.000   4.090 999.000
     148     TRP  60.366 999.000  29.563 999.000 177.705 999.000   8.954 999.000 123.931 999.000   4.621 999.000
     149     ASP  57.312 999.000  39.702 999.000 177.858 999.000   8.288 999.000 119.159 999.000   4.249 999.000
     150     THR  65.371 999.000  68.329 999.000 176.309 999.000   7.638 999.000 114.209 999.000   3.923 999.000
     151     PHE  60.094 999.000  39.313 999.000 177.674 999.000   7.732 999.000 120.265 999.000   4.314 999.000
     152     VAL  65.801 999.000  31.202 999.000 177.802 999.000   7.568 999.000 118.692 999.000   3.506 999.000
     153     GLU  58.969 999.000  29.096 999.000 178.436 999.000   7.698 999.000 120.165 999.000   3.845 999.000
     154     LEU  57.190 999.000  41.699 999.000 177.882 999.000   7.266 999.000 119.368 999.000   3.821 999.000
     155     TYR  58.429 999.000  39.015 999.000 176.988 999.000   7.560 999.000 116.944 999.000   4.470 999.000
     156     GLY  45.094 999.000-999.000-999.000 174.455 999.000   7.884 999.000 106.413 999.000   3.862 999.000
     157     ASN  52.986 999.000  38.916 999.000 175.673 999.000   8.025 999.000 117.891 999.000   4.566 999.000
     158     ASN  55.782 999.000  38.475 999.000 176.541 999.000   8.407 999.000 121.479 999.000   4.348 999.000
     159     ALA  54.701 999.000  18.393 999.000 179.214 999.000   8.036 999.000 122.103 999.000   4.144 999.000
     160     ALA  54.182 999.000  18.143 999.000 179.714 999.000   7.510 999.000 120.603 999.000   4.213 999.000
     161     ALA  54.392 999.000  18.093 999.000 179.936 999.000   7.696 999.000 120.460 999.000   4.141 999.000
     162     GLU  58.762 999.000  29.164 999.000 178.999 999.000   8.029 999.000 117.999 999.000   4.123 999.000
     163     SER  60.941 999.000  63.150 999.000 176.298 999.000   7.847 999.000 114.976 999.000   4.278 999.000
     164     ARG  57.556 999.000  29.901 999.000 177.830 999.000   7.657 999.000 121.790 999.000   4.246 999.000
     165     LYS  57.132 999.000  32.289 999.000 178.034 999.000   7.713 999.000 119.030 999.000   4.236 999.000
     166     GLY  45.326 999.000-999.000-999.000 174.408 999.000   7.842 999.000 106.929 999.000   3.951 999.000
     167     GLN  56.412 999.000  29.320 999.000 176.383 999.000   7.945 999.000 119.334 999.000   4.290 999.000
     168     GLU  56.850 999.000  29.954 999.000 176.589 999.000   7.931 999.000 119.338 999.000   4.297 999.000
     169     ARG 999.000 999.000 999.000 999.000 999.000 999.000 999.000 999.000 999.000 999.000 999.000 999.000
     630     GLU 999.000 999.000 999.000 999.000 999.000 999.000-999.000-999.000 999.000 999.000 999.000 999.000
     631     GLU 999.000 999.000 999.000 999.000 999.000 999.000 999.000 999.000 999.000 999.000 999.000 999.000
     632     GLN  56.487 999.000  28.085 999.000 176.949 999.000   8.008 999.000 119.237 999.000   4.177 999.000
     633     TRP  59.599 999.000  29.233 999.000 177.810 999.000   7.831 999.000 121.057 999.000   4.331 999.000
     634     ALA  54.896 999.000  18.149 999.000 179.091 999.000   7.958 999.000 121.111 999.000   3.944 999.000
     635     ARG  59.266 999.000  29.704 999.000 178.497 999.000   7.947 999.000 118.020 999.000   3.980 999.000
     636     GLU  58.966 999.000  29.353 999.000 179.009 999.000   7.647 999.000 119.311 999.000   4.112 999.000
     637     ILE  63.920 999.000  36.764 999.000 178.033 999.000   7.871 999.000 119.540 999.000   3.678 999.000
     638     GLY  47.620 999.000-999.000-999.000 176.034 999.000   8.414 999.000 107.744 999.000   3.777 999.000
     639     ALA  54.934 999.000  18.142 999.000 178.971 999.000   8.047 999.000 124.314 999.000   4.049 999.000
     640     GLN  58.859 999.000  28.340 999.000 178.456 999.000   7.882 999.000 118.348 999.000   3.878 999.000
     641     LEU  58.187 999.000  41.305 999.000 178.657 999.000   8.603 999.000 120.772 999.000   3.984 999.000
     642     ARG  59.650 999.000  29.896 999.000 178.654 999.000   8.210 999.000 118.980 999.000   3.882 999.000
     643     ARG  58.459 999.000  29.824 999.000 178.383 999.000   7.880 999.000 119.012 999.000   4.131 999.000
     644     MET  58.239 999.000  32.861 999.000 176.905 999.000   8.343 999.000 119.051 999.000   4.091 999.000
     645     ALA  52.872 999.000  18.822 999.000 176.838 999.000   7.717 999.000 119.385 999.000   4.258 999.000
     646     ASP  53.926 999.000  41.339 999.000 175.870 999.000   7.365 999.000 117.955 999.000   4.468 999.000
     647     ASP  54.459 999.000  40.846 999.000 176.782 999.000   8.413 999.000 122.886 999.000   4.446 999.000
     648     LEU  56.210 999.000  42.112 999.000 177.325 999.000   7.529 999.000 120.138 999.000   4.058 999.000
     649     ASN  53.638 999.000  38.586 999.000 175.568 999.000   8.109 999.000 116.069 999.000   4.544 999.000
     650     ALA  52.644 999.000  19.179 999.000 177.510 999.000   7.756 999.000 121.715 999.000   4.261 999.000
     651     GLN  56.228 999.000  29.064 999.000 176.050 999.000   7.821 999.000 117.929 999.000   4.101 999.000
     652     TYR  58.786 999.000  37.932 999.000 175.452 999.000   8.284 999.000 117.938 999.000   4.393 999.000
     653     GLU  56.876 999.000  30.411 999.000 176.423 999.000   7.980 999.000 119.399 999.000   4.302 999.000
     654     ARG 999.000 999.000 999.000 999.000 999.000 999.000 999.000 999.000 999.000 999.000 999.000 999.000
