   index residue  pre_ca  exp_ca  pre_cb  exp_cb   pre_c   exp_c   pre_h   exp_h   pre_n   exp_n  pre_ha  exp_ha
       1     MET 999.000 999.000 999.000 999.000 999.000 999.000-999.000-999.000 999.000 999.000 999.000 999.000
       2     SER 999.000 999.000 999.000 999.000 999.000 999.000 999.000 999.000 999.000 999.000 999.000 999.000
       3     GLN  57.792 999.000  28.511 999.000 177.666 999.000   8.225 999.000 120.183 999.000   4.163 999.000
       4     SER  60.745 999.000  62.990 999.000 176.140 999.000   7.733 999.000 115.598 999.000   4.080 999.000
       5     ASN  55.744 999.000  38.386 999.000 176.710 999.000   8.107 999.000 120.689 999.000   4.519 999.000
       6     ARG  59.245 999.000  29.952 999.000 177.869 999.000   7.846 999.000 120.203 999.000   4.063 999.000
       7     GLU  59.057 999.000  29.219 999.000 178.872 999.000   7.794 999.000 118.888 999.000   4.006 999.000
       8     LEU  57.733 999.000  41.449 999.000 178.597 999.000   7.594 999.000 119.375 999.000   4.152 999.000
       9     VAL  66.236 999.000  31.289 999.000 177.630 999.000   7.476 999.000 119.259 999.000   3.012 999.000
      10     VAL  67.085 999.000  31.231 999.000 176.302 999.000   8.052 999.000 119.535 999.000   3.715 999.000
      11     ASP  57.575 999.000  41.237 999.000 177.436 999.000   7.884 999.000 120.070 999.000   4.408 999.000
      12     PHE  61.518 999.000  39.643 999.000 177.327 999.000   8.137 999.000 120.500 999.000   4.230 999.000
      13     LEU  58.301 999.000  41.204 999.000 178.614 999.000   8.731 999.000 118.578 999.000   4.095 999.000
      14     SER  62.317 999.000  62.556 999.000 176.504 999.000   8.539 999.000 115.106 999.000   4.359 999.000
      15     TYR  60.997 999.000  37.869 999.000 177.011 999.000   8.564 999.000 124.326 999.000   4.332 999.000
      16     LYS  58.527 999.000  31.388 999.000 179.139 999.000   8.139 999.000 118.405 999.000   3.783 999.000
      17     LEU  58.069 999.000  41.530 999.000 178.661 999.000   8.515 999.000 119.844 999.000   4.039 999.000
      18     SER  61.773 999.000  62.802 999.000 177.163 999.000   8.448 999.000 115.925 999.000   4.264 999.000
      19     GLN  57.822 999.000  28.534 999.000 177.494 999.000   8.038 999.000 120.448 999.000   4.045 999.000
      20     LYS  56.384 999.000  32.677 999.000 177.162 999.000   7.297 999.000 117.794 999.000   4.067 999.000
      21     GLY  45.546 999.000-999.000-999.000 174.034 999.000   7.508 999.000 107.732 999.000   3.983 999.000
      22     TYR  54.493 999.000  40.163 999.000 175.193 999.000   8.325 999.000 119.539 999.000   4.799 999.000
      23     SER  56.357 999.000  66.104 999.000 174.523 999.000   8.673 999.000 113.118 999.000   4.759 999.000
      24     TRP  59.868 999.000  29.723 999.000 176.481 999.000   8.534 999.000 121.004 999.000   4.205 999.000
      25     SER  58.673 999.000  64.442 999.000 173.736 999.000   8.005 999.000 111.097 999.000   4.425 999.000
      26     GLN  54.535 999.000  31.982 999.000 174.945 999.000   7.545 999.000 119.690 999.000   4.348 999.000
      27     PHE  58.073 999.000  37.764 999.000 175.634 999.000   8.353 999.000 120.724 999.000   4.042 999.000
      28     SER  57.087 999.000  65.123 999.000 174.058 999.000   7.407 999.000 113.625 999.000   4.756 999.000
      29     ASP  54.713 999.000  39.617 999.000 176.918 999.000   8.633 999.000 124.078 999.000   4.442 999.000
      30     VAL  63.159 999.000  32.074 999.000 176.465 999.000   7.822 999.000 117.719 999.000   4.014 999.000
      31     GLU  56.267 999.000  30.236 999.000 176.214 999.000   8.111 999.000 120.730 999.000   4.306 999.000
      32     GLU  56.673 999.000  30.376 999.000 176.507 999.000   8.179 999.000 119.878 999.000   4.247 999.000
      33     ASN  53.382 999.000  38.360 999.000 175.492 999.000   8.624 999.000 118.697 999.000   4.636 999.000
      34     ARG  55.873 999.000  30.702 999.000 176.319 999.000   8.080 999.000 119.842 999.000   4.347 999.000
      35     THR  61.621 999.000  70.087 999.000 174.955 999.000   8.209 999.000 115.201 999.000   4.353 999.000
      36     GLU  56.618 999.000  30.026 999.000 175.936 999.000   8.618 999.000 123.004 999.000   4.206 999.000
      37     ALA  50.900 999.000  18.227 999.000 175.632 999.000   8.256 999.000 124.790 999.000   4.420 999.000
      38     PRO  62.877 999.000  32.370 999.000 176.860 999.000-999.000-999.000 999.000 999.000   4.522 999.000
      39     GLU  56.751 999.000  29.990 999.000 177.024 999.000   8.581 999.000 121.640 999.000   4.192 999.000
      40     GLY  45.402 999.000-999.000-999.000 174.909 999.000   8.615 999.000 110.392 999.000   4.080 999.000
      41     THR  62.231 999.000  70.028 999.000 175.225 999.000   7.705 999.000 114.362 999.000   4.336 999.000
      42     GLU  58.935 999.000  29.344 999.000 177.585 999.000   8.985 999.000 122.821 999.000   4.047 999.000
      43     SER  60.782 999.000  63.221 999.000 175.975 999.000   8.427 999.000 114.140 999.000   4.373 999.000
      44     GLU  59.084 999.000  29.072 999.000 178.289 999.000   7.967 999.000 122.735 999.000   4.013 999.000
      45     ALA  54.982 999.000  18.316 999.000 179.423 999.000   7.536 999.000 120.876 999.000   3.876 999.000
      46     VAL  66.090 999.000  31.242 999.000 177.850 999.000   7.358 999.000 118.965 999.000   3.548 999.000
      47     LYS  60.258 999.000  31.994 999.000 178.798 999.000   8.072 999.000 119.618 999.000   3.906 999.000
      48     GLN  58.747 999.000  28.104 999.000 178.202 999.000   8.180 999.000 118.878 999.000   3.945 999.000
      49     ALA  54.993 999.000  18.133 999.000 179.619 999.000   7.871 999.000 122.181 999.000   4.078 999.000
      50     LEU  57.675 999.000  41.557 999.000 178.805 999.000   8.165 999.000 118.915 999.000   4.140 999.000
      51     ARG  59.566 999.000  29.722 999.000 178.703 999.000   8.027 999.000 119.265 999.000   3.940 999.000
      52     GLU  58.973 999.000  29.330 999.000 178.764 999.000   8.245 999.000 119.099 999.000   4.085 999.000
      53     ALA  54.515 999.000  18.202 999.000 179.611 999.000   8.062 999.000 121.582 999.000   4.190 999.000
      54     GLY  47.044 999.000-999.000-999.000 175.430 999.000   8.380 999.000 106.655 999.000   4.200 999.000
      55     ASP  56.318 999.000  40.450 999.000 177.698 999.000   8.134 999.000 121.505 999.000   4.590 999.000
      56     GLU  58.273 999.000  29.770 999.000 177.833 999.000   7.703 999.000 119.783 999.000   4.166 999.000
      57     PHE  60.537 999.000  39.392 999.000 176.734 999.000   8.147 999.000 119.060 999.000   4.314 999.000
      58     GLU  56.472 999.000  29.897 999.000 177.231 999.000   7.776 999.000 117.105 999.000   4.191 999.000
      59     LEU  55.424 999.000  41.868 999.000 177.011 999.000   7.784 999.000 121.585 999.000   4.182 999.000
      60     ARG  56.916 999.000  28.951 999.000 175.750 999.000   8.780 999.000 123.669 999.000   3.900 999.000
      61     TYR  58.595 999.000  35.876 999.000 175.348 999.000   7.833 999.000 115.857 999.000   4.181 999.000
      62     ARG  56.926 999.000  30.823 999.000 176.388 999.000   7.495 999.000 119.328 999.000   4.249 999.000
      63     ARG  56.446 999.000  30.723 999.000 175.817 999.000   8.043 999.000 117.305 999.000   4.206 999.000
      64     ALA  51.773 999.000  19.105 999.000 176.981 999.000   7.737 999.000 121.966 999.000   4.223 999.000
      65     PHE  57.061 999.000  39.062 999.000 176.616 999.000   8.357 999.000 119.222 999.000   4.641 999.000
      66     SER  61.464 999.000  62.622 999.000 175.806 999.000   8.882 999.000 118.859 999.000   4.173 999.000
      67     ASP  56.070 999.000  39.975 999.000 176.854 999.000   8.404 999.000 121.032 999.000   4.435 999.000
      68     LEU  55.369 999.000  43.113 999.000 177.284 999.000   7.577 999.000 117.594 999.000   4.544 999.000
      69     THR  62.606 999.000  70.273 999.000 175.167 999.000   7.706 999.000 108.831 999.000   4.391 999.000
      70     SER  59.645 999.000  64.062 999.000 174.711 999.000   8.457 999.000 115.374 999.000   4.528 999.000
      71     GLN  55.139 999.000  27.954 999.000 175.827 999.000   8.131 999.000 121.539 999.000   4.435 999.000
      72     LEU  55.019 999.000  41.831 999.000 176.684 999.000   7.716 999.000 121.253 999.000   4.291 999.000
      73     HIS  55.746 999.000  30.307 999.000 175.354 999.000   8.603 999.000 122.530 999.000   4.652 999.000
      74     ILE  60.731 999.000  38.148 999.000 176.214 999.000   8.228 999.000 123.961 999.000   4.194 999.000
      75     THR  60.376 999.000  68.904 999.000 173.998 999.000   8.095 999.000 121.755 999.000   4.043 999.000
      76     PRO  63.411 999.000  32.292 999.000 176.978 999.000-999.000-999.000 999.000 999.000   4.333 999.000
      77     GLY  44.812 999.000-999.000-999.000 174.155 999.000   8.268 999.000 108.177 999.000   4.067 999.000
      78     THR  62.384 999.000  69.835 999.000 175.044 999.000   8.109 999.000 111.745 999.000   4.141 999.000
      79     ALA  52.455 999.000  19.534 999.000 177.089 999.000   7.984 999.000 124.007 999.000   4.205 999.000
      80     TYR  58.456 999.000  38.505 999.000 176.548 999.000   8.184 999.000 115.495 999.000   4.360 999.000
      81     GLN  58.128 999.000  28.147 999.000 177.393 999.000   7.955 999.000 119.916 999.000   3.976 999.000
      82     SER  60.598 999.000  63.144 999.000 175.813 999.000   7.903 999.000 115.027 999.000   4.252 999.000
      83     PHE  60.337 999.000  38.340 999.000 177.383 999.000   7.825 999.000 123.513 999.000   4.329 999.000
      84     GLU  59.803 999.000  29.401 999.000 178.193 999.000   7.495 999.000 120.279 999.000   3.477 999.000
      85     GLN  57.496 999.000  28.017 999.000 177.460 999.000   7.581 999.000 116.145 999.000   3.967 999.000
      86     VAL  65.476 999.000  32.067 999.000 176.950 999.000   7.157 999.000 119.629 999.000   3.670 999.000
      87     VAL  62.565 999.000  32.090 999.000 176.843 999.000   7.281 999.000 113.568 999.000   3.753 999.000
      88     ASN  55.686 999.000  38.199 999.000 175.762 999.000   7.923 999.000 118.833 999.000   3.761 999.000
      89     GLU  56.411 999.000  31.050 999.000 176.725 999.000   7.687 999.000 115.824 999.000   4.314 999.000
      90     LEU  57.272 999.000  41.897 999.000 176.857 999.000   7.447 999.000 119.858 999.000   3.669 999.000
      91     PHE  57.477 999.000  39.358 999.000 176.163 999.000   7.568 999.000 112.981 999.000   4.561 999.000
      92     ARG  58.351 999.000  29.986 999.000 176.853 999.000   7.597 999.000 119.856 999.000   3.297 999.000
      93     ASP  54.020 999.000  40.870 999.000 176.136 999.000   7.731 999.000 115.913 999.000   4.492 999.000
      94     GLY  45.304 999.000-999.000-999.000 173.193 999.000   7.282 999.000 108.323 999.000   3.971 999.000
      95     VAL  61.168 999.000  30.044 999.000 175.592 999.000   7.986 999.000 117.416 999.000   4.264 999.000
      96     ASN  53.137 999.000  39.451 999.000 175.881 999.000   7.784 999.000 120.298 999.000   4.431 999.000
      97     TRP  59.693 999.000  29.112 999.000 177.401 999.000   8.453 999.000 124.875 999.000   4.284 999.000
      98     GLY  47.739 999.000-999.000-999.000 175.433 999.000   7.840 999.000 107.897 999.000   3.731 999.000
      99     ARG  59.210 999.000  30.092 999.000 178.078 999.000   7.878 999.000 120.589 999.000   4.061 999.000
     100     ILE  64.994 999.000  37.470 999.000 177.412 999.000   7.528 999.000 119.917 999.000   3.715 999.000
     101     VAL  66.821 999.000  31.156 999.000 176.785 999.000   8.488 999.000 118.967 999.000   3.104 999.000
     102     ALA  55.422 999.000  18.054 999.000 178.196 999.000   8.155 999.000 122.426 999.000   3.803 999.000
     103     PHE  60.523 999.000  39.064 999.000 176.854 999.000   7.972 999.000 119.420 999.000   4.427 999.000
     104     PHE  58.590 999.000  37.775 999.000 177.724 999.000   8.932 999.000 118.210 999.000   4.244 999.000
     105     SER  61.790 999.000  62.683 999.000 176.312 999.000   8.534 999.000 115.999 999.000   4.493 999.000
     106     PHE  60.550 999.000  38.819 999.000 176.826 999.000   8.617 999.000 122.968 999.000   4.361 999.000
     107     GLY  47.620 999.000-999.000-999.000 176.221 999.000   8.467 999.000 106.611 999.000   3.679 999.000
     108     GLY  47.286 999.000-999.000-999.000 175.454 999.000   8.632 999.000 109.785 999.000   3.966 999.000
     109     ALA  54.832 999.000  18.362 999.000 178.939 999.000   8.127 999.000 124.673 999.000   4.130 999.000
     110     LEU  58.068 999.000  41.537 999.000 178.317 999.000   8.329 999.000 119.407 999.000   3.940 999.000
     111     CYS 999.000 999.000 999.000 999.000 999.000 999.000 999.000 999.000 999.000 999.000   4.098 999.000
     112     VAL  65.019 999.000  31.994 999.000 177.219 999.000   8.036 999.000 119.239 999.000   3.868 999.000
     113     GLU  56.775 999.000  29.092 999.000 177.011 999.000   8.383 999.000 117.039 999.000   4.298 999.000
     114     SER  58.407 999.000  63.463 999.000 174.629 999.000   7.526 999.000 115.390 999.000   4.481 999.000
     115     VAL  63.413 999.000  32.304 999.000 175.712 999.000   8.165 999.000 119.799 999.000   3.943 999.000
     116     ASP  54.292 999.000  40.502 999.000 176.508 999.000   8.292 999.000 117.999 999.000   4.633 999.000
     117     LYS  55.916 999.000  33.114 999.000 176.293 999.000   7.589 999.000 120.863 999.000   4.346 999.000
     118     GLU  56.156 999.000  29.878 999.000 176.728 999.000   8.716 999.000 121.482 999.000   4.280 999.000
     119     MET  57.630 999.000  31.203 999.000 177.792 999.000   8.797 999.000 124.623 999.000   4.063 999.000
     120     GLN  57.867 999.000  28.410 999.000 176.835 999.000   8.244 999.000 117.780 999.000   4.156 999.000
     121     VAL  61.928 999.000  33.713 999.000 176.916 999.000   7.514 999.000 113.698 999.000   4.340 999.000
     122     LEU  58.581 999.000  41.655 999.000 177.793 999.000   7.972 999.000 122.091 999.000   3.940 999.000
     123     VAL  66.295 999.000  31.315 999.000 178.052 999.000   7.846 999.000 117.768 999.000   3.353 999.000
     124     SER  61.796 999.000  62.890 999.000 176.629 999.000   7.763 999.000 116.205 999.000   4.341 999.000
     125     ARG  58.977 999.000  29.946 999.000 178.501 999.000   7.955 999.000 122.407 999.000   3.999 999.000
     126     ILE  64.996 999.000  37.483 999.000 177.518 999.000   8.424 999.000 120.568 999.000   3.748 999.000
     127     ALA  55.499 999.000  18.103 999.000 179.245 999.000   8.588 999.000 121.224 999.000   3.970 999.000
     128     ALA  55.341 999.000  18.167 999.000 178.890 999.000   7.809 999.000 121.204 999.000   3.997 999.000
     129     TRP  60.320 999.000  29.763 999.000 178.696 999.000   8.320 999.000 119.312 999.000   4.233 999.000
     130     MET  59.811 999.000  32.781 999.000 177.581 999.000   8.879 999.000 118.018 999.000   4.354 999.000
     131     ALA  55.272 999.000  18.235 999.000 178.535 999.000   8.411 999.000 121.448 999.000   4.124 999.000
     132     THR  66.600 999.000  68.036 999.000 176.213 999.000   8.189 999.000 115.308 999.000   3.934 999.000
     133     TYR  59.428 999.000  38.122 999.000 177.773 999.000   8.313 999.000 120.040 999.000   4.665 999.000
     134     LEU  58.022 999.000  41.349 999.000 177.634 999.000   8.931 999.000 119.499 999.000   4.130 999.000
     135     ASN  56.329 999.000  39.027 999.000 176.893 999.000   8.113 999.000 116.418 999.000   4.442 999.000
     136     ASP  55.625 999.000  41.109 999.000 176.800 999.000   7.604 999.000 118.015 999.000   4.528 999.000
     137     HIS  56.276 999.000  31.428 999.000 174.770 999.000   8.073 999.000 113.717 999.000   4.762 999.000
     138     LEU  56.265 999.000  43.964 999.000 176.824 999.000   8.176 999.000 120.161 999.000   4.525 999.000
     139     GLU  61.723 999.000  27.889 999.000 176.322 999.000   8.594 999.000 118.243 999.000   4.003 999.000
     140     PRO  65.368 999.000  31.361 999.000 178.159 999.000-999.000-999.000 999.000 999.000   4.178 999.000
     141     TRP  58.249 999.000  30.070 999.000 178.428 999.000   7.080 999.000 116.704 999.000   4.643 999.000
     142     ILE  64.796 999.000  37.251 999.000 177.293 999.000   8.189 999.000 120.074 999.000   3.746 999.000
     143     GLN  59.045 999.000  27.767 999.000 178.728 999.000   8.355 999.000 118.962 999.000   4.103 999.000
     144     GLU  58.445 999.000  29.487 999.000 177.922 999.000   7.853 999.000 118.820 999.000   4.104 999.000
     145     ASN  54.517 999.000  39.699 999.000 175.692 999.000   7.878 999.000 115.319 999.000   4.536 999.000
     146     GLY  45.523 999.000-999.000-999.000 173.930 999.000   7.793 999.000 106.221 999.000   4.126 999.000
     147     GLY  44.753 999.000-999.000-999.000 173.449 999.000   8.320 999.000 107.662 999.000   4.144 999.000
     148     TRP  60.386 999.000  29.566 999.000 177.655 999.000   9.016 999.000 123.355 999.000   4.557 999.000
     149     ASP  57.229 999.000  39.830 999.000 177.777 999.000   8.334 999.000 119.200 999.000   4.296 999.000
     150     THR  65.070 999.000  68.434 999.000 176.081 999.000   7.724 999.000 113.777 999.000   3.982 999.000
     151     PHE  60.154 999.000  39.566 999.000 177.528 999.000   7.679 999.000 121.092 999.000   4.332 999.000
     152     VAL  65.565 999.000  31.034 999.000 177.691 999.000   7.685 999.000 117.570 999.000   3.514 999.000
     153     GLU  58.861 999.000  28.891 999.000 178.401 999.000   7.501 999.000 120.582 999.000   3.847 999.000
     154     LEU  57.323 999.000  41.649 999.000 177.892 999.000   7.139 999.000 120.066 999.000   3.612 999.000
     155     TYR  58.056 999.000  38.942 999.000 176.843 999.000   7.615 999.000 117.629 999.000   4.475 999.000
     156     GLY  45.241 999.000-999.000-999.000 174.452 999.000   7.850 999.000 106.582 999.000   3.788 999.000
     157     ASN  53.249 999.000  39.046 999.000 175.674 999.000   7.987 999.000 117.751 999.000   4.566 999.000
     158     ASN  54.248 999.000  38.913 999.000 176.157 999.000   8.196 999.000 118.834 999.000   4.513 999.000
     159     ALA  54.884 999.000  18.502 999.000 179.155 999.000   8.369 999.000 122.490 999.000   4.070 999.000
     160     ALA  54.076 999.000  18.117 999.000 179.632 999.000   7.631 999.000 120.191 999.000   4.226 999.000
     161     ALA  54.186 999.000  18.193 999.000 179.716 999.000   7.528 999.000 120.531 999.000   4.197 999.000
     162     GLU  58.762 999.000  29.188 999.000 178.971 999.000   7.983 999.000 118.042 999.000   4.084 999.000
     163     SER  60.958 999.000  63.131 999.000 176.290 999.000   7.842 999.000 114.826 999.000   4.264 999.000
     164     ARG  57.604 999.000  29.897 999.000 177.897 999.000   7.580 999.000 121.726 999.000   4.256 999.000
     165     LYS  57.178 999.000  32.278 999.000 178.135 999.000   7.746 999.000 119.086 999.000   4.235 999.000
     166     GLY  45.411 999.000-999.000-999.000 174.499 999.000   7.834 999.000 106.902 999.000   3.955 999.000
     167     GLN  56.291 999.000  29.305 999.000 176.387 999.000   7.870 999.000 119.541 999.000   4.300 999.000
     168     GLU  56.937 999.000  29.768 999.000 176.511 999.000   7.998 999.000 118.948 999.000   4.286 999.000
     169     ARG 999.000 999.000 999.000 999.000 999.000 999.000 999.000 999.000 999.000 999.000 999.000 999.000
     630     GLU 999.000 999.000 999.000 999.000 999.000 999.000-999.000-999.000 999.000 999.000 999.000 999.000
     631     GLU 999.000 999.000 999.000 999.000 999.000 999.000 999.000 999.000 999.000 999.000 999.000 999.000
     632     GLN  57.434 999.000  28.085 999.000 177.504 999.000   8.153 999.000 118.667 999.000   4.141 999.000
     633     TRP  60.313 999.000  28.894 999.000 177.781 999.000   7.938 999.000 121.134 999.000   4.286 999.000
     634     ALA  55.053 999.000  18.144 999.000 179.176 999.000   7.925 999.000 120.969 999.000   3.714 999.000
     635     ARG  59.332 999.000  29.740 999.000 178.549 999.000   8.043 999.000 118.071 999.000   3.946 999.000
     636     GLU  59.014 999.000  29.406 999.000 179.035 999.000   7.675 999.000 119.585 999.000   4.072 999.000
     637     ILE  63.871 999.000  36.731 999.000 178.026 999.000   7.907 999.000 119.603 999.000   3.590 999.000
     638     GLY  47.617 999.000-999.000-999.000 176.020 999.000   8.360 999.000 107.634 999.000   3.750 999.000
     639     ALA  54.811 999.000  18.197 999.000 178.935 999.000   7.936 999.000 124.225 999.000   4.045 999.000
     640     GLN  58.863 999.000  28.312 999.000 178.411 999.000   7.903 999.000 118.466 999.000   3.918 999.000
     641     LEU  58.164 999.000  41.324 999.000 178.702 999.000   8.569 999.000 120.255 999.000   3.939 999.000
     642     ARG  59.317 999.000  29.912 999.000 178.529 999.000   7.931 999.000 118.457 999.000   3.911 999.000
     643     ARG  58.084 999.000  30.008 999.000 178.084 999.000   7.728 999.000 118.534 999.000   4.167 999.000
     644     MET  58.189 999.000  32.904 999.000 176.889 999.000   8.303 999.000 118.771 999.000   3.973 999.000
     645     ALA  52.205 999.000  19.267 999.000 176.534 999.000   7.491 999.000 119.582 999.000   4.344 999.000
     646     ASP  53.878 999.000  41.452 999.000 175.933 999.000   7.651 999.000 117.605 999.000   4.501 999.000
     647     ASP  54.162 999.000  41.006 999.000 176.615 999.000   8.393 999.000 121.958 999.000   4.468 999.000
     648     LEU  55.743 999.000  42.018 999.000 177.038 999.000   7.864 999.000 119.991 999.000   4.107 999.000
     649     ASN  53.332 999.000  38.764 999.000 175.377 999.000   8.169 999.000 116.992 999.000   4.552 999.000
     650     ALA  52.416 999.000  19.365 999.000 177.297 999.000   7.932 999.000 121.824 999.000   4.228 999.000
     651     GLN  56.266 999.000  29.121 999.000 176.046 999.000   8.107 999.000 118.166 999.000   4.111 999.000
     652     TYR  58.296 999.000  38.566 999.000 175.500 999.000   8.249 999.000 118.281 999.000   4.504 999.000
     653     GLU  56.994 999.000  30.238 999.000 176.506 999.000   8.146 999.000 119.720 999.000   4.249 999.000
     654     ARG 999.000 999.000 999.000 999.000 999.000 999.000 999.000 999.000 999.000 999.000 999.000 999.000
