   index residue  pre_ca  exp_ca  pre_cb  exp_cb   pre_c   exp_c   pre_h   exp_h   pre_n   exp_n  pre_ha  exp_ha
       1     MET 999.000 999.000 999.000 999.000 999.000 999.000-999.000-999.000 999.000 999.000 999.000 999.000
       2     SER 999.000 999.000 999.000 999.000 999.000 999.000 999.000 999.000 999.000 999.000 999.000 999.000
       3     GLN  57.288 999.000  28.679 999.000 177.030 999.000   8.124 999.000 120.044 999.000   4.225 999.000
       4     SER  60.151 999.000  63.447 999.000 175.879 999.000   7.724 999.000 115.284 999.000   4.220 999.000
       5     ASN  55.732 999.000  37.755 999.000 176.687 999.000   8.384 999.000 121.129 999.000   4.476 999.000
       6     ARG  59.151 999.000  30.052 999.000 177.521 999.000   7.852 999.000 120.058 999.000   4.118 999.000
       7     GLU  59.081 999.000  29.228 999.000 179.059 999.000   7.620 999.000 119.003 999.000   4.009 999.000
       8     LEU  57.638 999.000  41.526 999.000 178.663 999.000   7.823 999.000 119.053 999.000   4.144 999.000
       9     VAL  66.318 999.000  31.322 999.000 177.615 999.000   7.368 999.000 119.300 999.000   3.110 999.000
      10     VAL  66.940 999.000  31.133 999.000 176.446 999.000   8.291 999.000 118.420 999.000   3.674 999.000
      11     ASP  57.480 999.000  41.260 999.000 177.475 999.000   7.706 999.000 119.911 999.000   4.377 999.000
      12     PHE  61.525 999.000  39.699 999.000 177.244 999.000   7.983 999.000 120.663 999.000   4.227 999.000
      13     LEU  58.232 999.000  41.183 999.000 178.542 999.000   8.796 999.000 118.524 999.000   4.081 999.000
      14     SER  62.207 999.000  62.574 999.000 176.542 999.000   8.532 999.000 115.118 999.000   4.327 999.000
      15     TYR  60.966 999.000  37.925 999.000 176.972 999.000   8.476 999.000 124.298 999.000   4.327 999.000
      16     LYS  58.462 999.000  31.392 999.000 179.106 999.000   8.142 999.000 118.418 999.000   3.801 999.000
      17     LEU  58.041 999.000  41.566 999.000 178.779 999.000   8.543 999.000 119.862 999.000   4.049 999.000
      18     SER  61.752 999.000  62.850 999.000 177.139 999.000   8.431 999.000 115.842 999.000   4.246 999.000
      19     GLN  57.813 999.000  28.584 999.000 177.470 999.000   8.026 999.000 120.445 999.000   4.048 999.000
      20     LYS  56.252 999.000  32.624 999.000 177.031 999.000   7.301 999.000 117.504 999.000   4.077 999.000
      21     GLY  45.572 999.000-999.000-999.000 174.062 999.000   7.436 999.000 107.630 999.000   3.931 999.000
      22     TYR  54.825 999.000  39.979 999.000 175.293 999.000   8.198 999.000 119.439 999.000   4.762 999.000
      23     SER  56.457 999.000  65.912 999.000 174.585 999.000   8.580 999.000 113.728 999.000   4.766 999.000
      24     TRP  59.553 999.000  29.509 999.000 176.445 999.000   8.343 999.000 120.998 999.000   4.281 999.000
      25     SER  58.765 999.000  64.453 999.000 173.809 999.000   7.828 999.000 110.942 999.000   4.349 999.000
      26     GLN  54.499 999.000  31.905 999.000 175.038 999.000   7.554 999.000 119.821 999.000   4.418 999.000
      27     PHE  58.833 999.000  38.288 999.000 175.793 999.000   8.509 999.000 121.085 999.000   4.137 999.000
      28     SER  57.168 999.000  64.907 999.000 174.052 999.000   7.487 999.000 113.781 999.000   4.681 999.000
      29     ASP  54.577 999.000  39.709 999.000 177.042 999.000   8.594 999.000 123.999 999.000   4.489 999.000
      30     VAL  63.536 999.000  31.786 999.000 176.663 999.000   7.875 999.000 117.435 999.000   3.939 999.000
      31     GLU  56.429 999.000  30.437 999.000 176.345 999.000   8.147 999.000 120.282 999.000   4.317 999.000
      32     GLU  57.082 999.000  30.603 999.000 176.666 999.000   8.194 999.000 118.830 999.000   4.170 999.000
      33     ASN  53.432 999.000  37.474 999.000 174.890 999.000   8.329 999.000 116.314 999.000   4.521 999.000
      34     ARG  55.797 999.000  30.731 999.000 176.323 999.000   8.000 999.000 119.246 999.000   4.323 999.000
      35     THR  61.701 999.000  70.024 999.000 174.948 999.000   8.195 999.000 115.726 999.000   4.351 999.000
      36     GLU  56.540 999.000  30.038 999.000 175.827 999.000   8.619 999.000 122.630 999.000   4.220 999.000
      37     ALA  50.855 999.000  18.364 999.000 175.553 999.000   8.216 999.000 124.476 999.000   4.447 999.000
      38     PRO  62.853 999.000  32.409 999.000 176.966 999.000-999.000-999.000 999.000 999.000   4.536 999.000
      39     GLU  56.946 999.000  29.907 999.000 177.020 999.000   8.630 999.000 121.774 999.000   4.181 999.000
      40     GLY  45.581 999.000-999.000-999.000 174.908 999.000   8.637 999.000 111.120 999.000   4.083 999.000
      41     THR  62.133 999.000  70.023 999.000 175.036 999.000   7.473 999.000 115.561 999.000   4.329 999.000
      42     GLU  59.124 999.000  29.296 999.000 177.714 999.000   9.095 999.000 125.786 999.000   3.993 999.000
      43     SER  61.001 999.000  63.074 999.000 175.899 999.000   8.488 999.000 114.092 999.000   4.328 999.000
      44     GLU  58.483 999.000  29.284 999.000 178.035 999.000   7.946 999.000 122.503 999.000   4.110 999.000
      45     ALA  55.014 999.000  18.284 999.000 179.386 999.000   7.508 999.000 121.382 999.000   3.811 999.000
      46     VAL  66.134 999.000  31.230 999.000 177.895 999.000   7.337 999.000 118.446 999.000   3.471 999.000
      47     LYS  60.159 999.000  31.958 999.000 178.835 999.000   7.802 999.000 119.766 999.000   3.895 999.000
      48     GLN  58.673 999.000  28.246 999.000 178.240 999.000   8.137 999.000 118.713 999.000   3.959 999.000
      49     ALA  54.947 999.000  18.155 999.000 179.553 999.000   7.901 999.000 122.162 999.000   4.100 999.000
      50     LEU  57.562 999.000  41.476 999.000 178.870 999.000   8.108 999.000 118.622 999.000   4.122 999.000
      51     ARG  59.457 999.000  29.624 999.000 178.639 999.000   7.810 999.000 119.146 999.000   3.914 999.000
      52     GLU  58.959 999.000  29.331 999.000 178.810 999.000   8.023 999.000 118.965 999.000   4.086 999.000
      53     ALA  54.647 999.000  18.171 999.000 179.587 999.000   8.170 999.000 121.600 999.000   4.140 999.000
      54     GLY  47.102 999.000-999.000-999.000 175.473 999.000   8.366 999.000 106.654 999.000   4.206 999.000
      55     ASP  56.334 999.000  40.521 999.000 177.680 999.000   8.070 999.000 121.646 999.000   4.586 999.000
      56     GLU  58.400 999.000  29.886 999.000 177.967 999.000   7.765 999.000 120.267 999.000   4.174 999.000
      57     PHE  60.719 999.000  39.607 999.000 176.717 999.000   8.470 999.000 119.862 999.000   4.296 999.000
      58     GLU  56.565 999.000  29.867 999.000 177.371 999.000   7.775 999.000 115.902 999.000   4.159 999.000
      59     LEU  56.119 999.000  41.404 999.000 176.560 999.000   7.617 999.000 122.263 999.000   4.058 999.000
      60     ARG  57.423 999.000  27.881 999.000 175.478 999.000   8.824 999.000 122.578 999.000   3.804 999.000
      61     TYR  58.495 999.000  35.433 999.000 175.498 999.000   7.535 999.000 115.305 999.000   4.142 999.000
      62     ARG  57.848 999.000  30.175 999.000 176.942 999.000   7.580 999.000 119.094 999.000   4.081 999.000
      63     ARG  56.231 999.000  30.615 999.000 175.973 999.000   7.831 999.000 116.516 999.000   4.229 999.000
      64     ALA  52.081 999.000  18.996 999.000 176.672 999.000   7.456 999.000 122.316 999.000   4.201 999.000
      65     PHE  57.073 999.000  40.784 999.000 176.481 999.000   8.461 999.000 119.438 999.000   4.697 999.000
      66     SER  61.320 999.000  62.674 999.000 175.775 999.000   9.146 999.000 118.901 999.000   4.146 999.000
      67     ASP  56.059 999.000  39.912 999.000 177.417 999.000   8.333 999.000 121.073 999.000   4.464 999.000
      68     LEU  55.836 999.000  42.311 999.000 177.818 999.000   7.628 999.000 118.192 999.000   4.367 999.000
      69     THR  63.203 999.000  69.835 999.000 175.566 999.000   7.720 999.000 110.111 999.000   4.223 999.000
      70     SER  59.120 999.000  64.263 999.000 174.667 999.000   8.131 999.000 116.372 999.000   4.485 999.000
      71     GLN  55.433 999.000  28.392 999.000 175.744 999.000   8.032 999.000 120.590 999.000   4.299 999.000
      72     LEU  54.865 999.000  41.278 999.000 176.220 999.000   8.021 999.000 123.587 999.000   4.200 999.000
      73     HIS  55.358 999.000  30.168 999.000 174.787 999.000   8.363 999.000 123.929 999.000   4.631 999.000
      74     ILE  60.020 999.000  39.535 999.000 175.865 999.000   7.955 999.000 122.539 999.000   4.418 999.000
      75     THR  61.006 999.000  68.781 999.000 174.349 999.000   8.322 999.000 120.641 999.000   4.368 999.000
      76     PRO  63.512 999.000  32.328 999.000 176.782 999.000-999.000-999.000 999.000 999.000   4.390 999.000
      77     GLY  44.878 999.000-999.000-999.000 174.463 999.000   8.315 999.000 109.351 999.000   4.098 999.000
      78     THR  61.984 999.000  69.988 999.000 175.166 999.000   7.904 999.000 114.035 999.000   4.214 999.000
      79     ALA  54.552 999.000  18.615 999.000 178.281 999.000   8.494 999.000 126.756 999.000   3.910 999.000
      80     TYR  58.921 999.000  38.252 999.000 177.753 999.000   7.643 999.000 114.968 999.000   4.370 999.000
      81     GLN  57.514 999.000  28.251 999.000 177.440 999.000   7.882 999.000 118.700 999.000   4.043 999.000
      82     SER  61.131 999.000  63.032 999.000 175.990 999.000   7.584 999.000 116.148 999.000   4.152 999.000
      83     PHE  60.704 999.000  38.231 999.000 177.390 999.000   7.807 999.000 122.167 999.000   4.275 999.000
      84     GLU  59.804 999.000  29.306 999.000 178.402 999.000   7.618 999.000 119.856 999.000   3.505 999.000
      85     GLN  57.970 999.000  28.538 999.000 177.638 999.000   7.375 999.000 116.628 999.000   3.997 999.000
      86     VAL  65.316 999.000  31.949 999.000 177.261 999.000   7.409 999.000 119.281 999.000   3.734 999.000
      87     VAL  63.707 999.000  31.647 999.000 176.948 999.000   8.005 999.000 115.397 999.000   3.685 999.000
      88     ASN  55.787 999.000  38.425 999.000 176.235 999.000   7.747 999.000 118.664 999.000   4.069 999.000
      89     GLU  57.103 999.000  30.486 999.000 177.137 999.000   7.506 999.000 116.630 999.000   4.226 999.000
      90     LEU  57.181 999.000  41.654 999.000 177.632 999.000   7.358 999.000 119.564 999.000   3.907 999.000
      91     PHE  58.663 999.000  38.365 999.000 176.625 999.000   7.387 999.000 114.709 999.000   4.301 999.000
      92     ARG  58.022 999.000  29.769 999.000 177.072 999.000   7.387 999.000 119.711 999.000   3.652 999.000
      93     ASP  54.648 999.000  41.201 999.000 176.263 999.000   7.559 999.000 116.479 999.000   4.554 999.000
      94     GLY  44.843 999.000-999.000-999.000 173.221 999.000   7.150 999.000 107.597 999.000   3.923 999.000
      95     VAL  61.060 999.000  30.704 999.000 175.702 999.000   7.213 999.000 117.213 999.000   4.208 999.000
      96     ASN  53.170 999.000  39.749 999.000 175.641 999.000   7.678 999.000 119.456 999.000   4.531 999.000
      97     TRP  59.899 999.000  28.977 999.000 177.261 999.000   8.474 999.000 121.272 999.000   4.192 999.000
      98     GLY  47.595 999.000-999.000-999.000 175.368 999.000   7.676 999.000 107.722 999.000   3.604 999.000
      99     ARG  58.833 999.000  29.946 999.000 177.945 999.000   7.802 999.000 120.702 999.000   4.099 999.000
     100     ILE  64.464 999.000  37.214 999.000 177.489 999.000   7.454 999.000 119.802 999.000   3.718 999.000
     101     VAL  66.843 999.000  31.158 999.000 176.778 999.000   8.444 999.000 118.982 999.000   3.160 999.000
     102     ALA  55.426 999.000  18.021 999.000 178.285 999.000   8.018 999.000 122.411 999.000   3.881 999.000
     103     PHE  60.683 999.000  39.059 999.000 176.888 999.000   7.784 999.000 119.429 999.000   4.381 999.000
     104     PHE  58.948 999.000  38.004 999.000 177.609 999.000   8.747 999.000 117.873 999.000   4.176 999.000
     105     SER  61.765 999.000  62.681 999.000 176.319 999.000   8.635 999.000 115.914 999.000   4.452 999.000
     106     PHE  60.736 999.000  38.866 999.000 176.906 999.000   8.592 999.000 122.924 999.000   4.275 999.000
     107     GLY  47.641 999.000-999.000-999.000 176.211 999.000   8.342 999.000 106.514 999.000   3.751 999.000
     108     GLY  47.337 999.000-999.000-999.000 175.452 999.000   8.628 999.000 109.853 999.000   3.977 999.000
     109     ALA  54.832 999.000  18.332 999.000 179.002 999.000   8.127 999.000 124.539 999.000   4.109 999.000
     110     LEU  58.015 999.000  41.564 999.000 177.775 999.000   8.282 999.000 119.561 999.000   3.941 999.000
     111     CYS 999.000 999.000 999.000 999.000 999.000 999.000 999.000 999.000 999.000 999.000   4.079 999.000
     112     VAL  65.068 999.000  31.841 999.000 177.223 999.000   8.009 999.000 118.860 999.000   3.803 999.000
     113     GLU  57.899 999.000  29.467 999.000 177.404 999.000   8.058 999.000 118.342 999.000   4.180 999.000
     114     SER  58.570 999.000  63.520 999.000 175.117 999.000   7.801 999.000 113.994 999.000   4.529 999.000
     115     VAL  63.740 999.000  31.161 999.000 175.969 999.000   7.498 999.000 119.482 999.000   3.827 999.000
     116     ASP  54.538 999.000  40.273 999.000 176.708 999.000   8.072 999.000 119.376 999.000   4.568 999.000
     117     LYS  56.171 999.000  32.887 999.000 176.435 999.000   7.622 999.000 120.434 999.000   4.333 999.000
     118     GLU  55.753 999.000  29.685 999.000 176.557 999.000   8.584 999.000 120.676 999.000   4.368 999.000
     119     MET  57.786 999.000  31.350 999.000 177.680 999.000   8.607 999.000 122.027 999.000   4.074 999.000
     120     GLN  57.815 999.000  28.578 999.000 176.890 999.000   8.212 999.000 117.889 999.000   4.203 999.000
     121     VAL  62.282 999.000  33.711 999.000 176.882 999.000   7.765 999.000 114.272 999.000   4.331 999.000
     122     LEU  58.464 999.000  41.482 999.000 178.080 999.000   8.185 999.000 121.842 999.000   4.001 999.000
     123     VAL  66.240 999.000  31.290 999.000 178.131 999.000   7.926 999.000 117.567 999.000   3.505 999.000
     124     SER  61.696 999.000  62.933 999.000 176.485 999.000   7.795 999.000 116.064 999.000   4.364 999.000
     125     ARG  58.755 999.000  30.057 999.000 178.514 999.000   7.925 999.000 122.287 999.000   4.111 999.000
     126     ILE  65.063 999.000  37.595 999.000 177.404 999.000   8.654 999.000 120.704 999.000   3.948 999.000
     127     ALA  55.496 999.000  18.090 999.000 179.256 999.000   8.453 999.000 121.090 999.000   3.973 999.000
     128     ALA  55.268 999.000  18.150 999.000 179.054 999.000   7.814 999.000 120.921 999.000   3.998 999.000
     129     TRP  60.767 999.000  29.690 999.000 178.603 999.000   8.226 999.000 119.141 999.000   4.115 999.000
     130     MET  59.823 999.000  32.774 999.000 177.696 999.000   8.932 999.000 118.202 999.000   4.226 999.000
     131     ALA  55.288 999.000  18.282 999.000 178.461 999.000   8.400 999.000 121.482 999.000   4.144 999.000
     132     THR  66.725 999.000  67.945 999.000 176.049 999.000   8.015 999.000 115.918 999.000   3.916 999.000
     133     TYR  59.911 999.000  37.894 999.000 177.853 999.000   8.402 999.000 120.639 999.000   4.573 999.000
     134     LEU  58.450 999.000  41.563 999.000 177.623 999.000   8.766 999.000 120.176 999.000   4.030 999.000
     135     ASN  56.173 999.000  38.841 999.000 177.202 999.000   8.163 999.000 116.530 999.000   4.408 999.000
     136     ASP  55.976 999.000  40.892 999.000 176.969 999.000   8.002 999.000 118.389 999.000   4.502 999.000
     137     HIS  56.994 999.000  31.606 999.000 175.545 999.000   8.006 999.000 114.040 999.000   4.582 999.000
     138     LEU  56.374 999.000  43.158 999.000 177.254 999.000   8.155 999.000 118.527 999.000   4.476 999.000
     139     GLU  61.628 999.000  27.960 999.000 176.188 999.000   8.682 999.000 119.286 999.000   4.061 999.000
     140     PRO  65.413 999.000  31.382 999.000 178.195 999.000-999.000-999.000 999.000 999.000   4.186 999.000
     141     TRP  59.141 999.000  29.896 999.000 178.292 999.000   7.236 999.000 117.024 999.000   4.518 999.000
     142     ILE  64.764 999.000  37.328 999.000 177.441 999.000   8.152 999.000 119.853 999.000   3.815 999.000
     143     GLN  59.043 999.000  27.752 999.000 178.614 999.000   8.550 999.000 118.822 999.000   4.111 999.000
     144     GLU  58.381 999.000  29.561 999.000 177.852 999.000   7.713 999.000 118.888 999.000   4.081 999.000
     145     ASN  54.353 999.000  39.544 999.000 175.603 999.000   7.895 999.000 115.005 999.000   4.519 999.000
     146     GLY  45.503 999.000-999.000-999.000 174.221 999.000   7.780 999.000 106.727 999.000   4.126 999.000
     147     GLY  45.312 999.000-999.000-999.000 173.617 999.000   8.374 999.000 107.831 999.000   4.090 999.000
     148     TRP  60.600 999.000  29.500 999.000 177.775 999.000   8.933 999.000 123.686 999.000   4.590 999.000
     149     ASP  57.325 999.000  39.682 999.000 177.933 999.000   8.315 999.000 119.063 999.000   4.307 999.000
     150     THR  65.072 999.000  68.279 999.000 176.425 999.000   7.640 999.000 113.040 999.000   3.993 999.000
     151     PHE  60.263 999.000  39.126 999.000 177.716 999.000   7.740 999.000 120.879 999.000   4.341 999.000
     152     VAL  66.101 999.000  31.228 999.000 177.830 999.000   7.583 999.000 119.231 999.000   3.524 999.000
     153     GLU  59.235 999.000  29.100 999.000 178.623 999.000   7.883 999.000 120.187 999.000   3.874 999.000
     154     LEU  57.453 999.000  41.671 999.000 178.342 999.000   7.267 999.000 119.852 999.000   3.821 999.000
     155     TYR  59.740 999.000  38.873 999.000 177.571 999.000   7.902 999.000 117.694 999.000   4.363 999.000
     156     GLY  45.254 999.000-999.000-999.000 174.582 999.000   8.120 999.000 106.132 999.000   3.862 999.000
     157     ASN  53.292 999.000  38.454 999.000 175.607 999.000   7.849 999.000 117.891 999.000   4.492 999.000
     158     ASN  55.756 999.000  38.613 999.000 176.540 999.000   8.060 999.000 120.303 999.000   4.366 999.000
     159     ALA  54.767 999.000  18.378 999.000 179.233 999.000   8.192 999.000 121.890 999.000   4.142 999.000
     160     ALA  54.324 999.000  18.076 999.000 179.783 999.000   7.560 999.000 120.766 999.000   4.209 999.000
     161     ALA  54.655 999.000  18.071 999.000 179.985 999.000   7.672 999.000 120.627 999.000   4.151 999.000
     162     GLU  58.947 999.000  29.131 999.000 179.250 999.000   8.124 999.000 118.156 999.000   4.127 999.000
     163     SER  61.262 999.000  63.058 999.000 176.825 999.000   8.023 999.000 115.513 999.000   4.259 999.000
     164     ARG  58.377 999.000  29.643 999.000 178.640 999.000   7.874 999.000 121.915 999.000   4.149 999.000
     165     LYS  58.037 999.000  31.828 999.000 178.852 999.000   7.952 999.000 119.082 999.000   4.195 999.000
     166     GLY  45.998 999.000-999.000-999.000 175.364 999.000   7.905 999.000 107.323 999.000   3.939 999.000
     167     GLN  56.942 999.000  28.927 999.000 176.938 999.000   7.740 999.000 120.262 999.000   4.252 999.000
     168     GLU  57.116 999.000  29.853 999.000 176.918 999.000   7.694 999.000 118.862 999.000   4.298 999.000
     169     ARG 999.000 999.000 999.000 999.000 999.000 999.000 999.000 999.000 999.000 999.000 999.000 999.000
     630     GLU 999.000 999.000 999.000 999.000 999.000 999.000-999.000-999.000 999.000 999.000 999.000 999.000
     631     GLU 999.000 999.000 999.000 999.000 999.000 999.000 999.000 999.000 999.000 999.000 999.000 999.000
     632     GLN  54.878 999.000  28.043 999.000 176.369 999.000   7.785 999.000 119.851 999.000   4.271 999.000
     633     TRP  58.776 999.000  29.703 999.000 177.705 999.000   7.640 999.000 120.591 999.000   4.381 999.000
     634     ALA  54.769 999.000  18.143 999.000 178.924 999.000   8.369 999.000 121.403 999.000   4.129 999.000
     635     ARG  59.162 999.000  29.696 999.000 178.413 999.000   7.887 999.000 117.992 999.000   3.995 999.000
     636     GLU  58.924 999.000  29.327 999.000 178.973 999.000   7.639 999.000 119.079 999.000   4.157 999.000
     637     ILE  63.929 999.000  36.775 999.000 178.068 999.000   7.918 999.000 119.512 999.000   3.779 999.000
     638     GLY  47.634 999.000-999.000-999.000 176.014 999.000   8.441 999.000 107.859 999.000   3.791 999.000
     639     ALA  55.007 999.000  18.089 999.000 179.048 999.000   8.119 999.000 124.369 999.000   4.053 999.000
     640     GLN  58.847 999.000  28.384 999.000 178.379 999.000   7.879 999.000 118.233 999.000   3.833 999.000
     641     LEU  58.188 999.000  41.344 999.000 178.444 999.000   8.606 999.000 121.332 999.000   4.032 999.000
     642     ARG  59.679 999.000  29.799 999.000 178.696 999.000   8.474 999.000 119.033 999.000   3.888 999.000
     643     ARG  58.390 999.000  29.920 999.000 178.259 999.000   7.833 999.000 118.690 999.000   4.151 999.000
     644     MET  58.180 999.000  32.795 999.000 177.019 999.000   8.370 999.000 119.485 999.000   4.185 999.000
     645     ALA  52.694 999.000  18.732 999.000 176.602 999.000   7.945 999.000 119.114 999.000   4.316 999.000
     646     ASP  53.949 999.000  41.238 999.000 175.813 999.000   7.331 999.000 118.191 999.000   4.495 999.000
     647     ASP  54.577 999.000  41.186 999.000 176.845 999.000   8.427 999.000 124.337 999.000   4.489 999.000
     648     LEU  56.890 999.000  41.754 999.000 177.853 999.000   7.557 999.000 120.203 999.000   4.013 999.000
     649     ASN  54.168 999.000  38.161 999.000 175.930 999.000   7.976 999.000 115.736 999.000   4.495 999.000
     650     ALA  52.632 999.000  18.835 999.000 177.612 999.000   7.552 999.000 122.222 999.000   4.311 999.000
     651     GLN  56.518 999.000  29.193 999.000 175.732 999.000   7.607 999.000 118.338 999.000   4.062 999.000
     652     TYR  58.947 999.000  37.025 999.000 175.099 999.000   8.376 999.000 117.297 999.000   4.283 999.000
     653     GLU  57.312 999.000  30.296 999.000 176.532 999.000   7.983 999.000 119.763 999.000   4.283 999.000
     654     ARG 999.000 999.000 999.000 999.000 999.000 999.000 999.000 999.000 999.000 999.000 999.000 999.000
