   index residue  pre_ca  exp_ca  pre_cb  exp_cb   pre_c   exp_c   pre_h   exp_h   pre_n   exp_n  pre_ha  exp_ha
       1     MET 999.000 999.000 999.000 999.000 999.000 999.000-999.000-999.000 999.000 999.000 999.000 999.000
       2     SER 999.000 999.000 999.000 999.000 999.000 999.000 999.000 999.000 999.000 999.000 999.000 999.000
       3     GLN  57.512 999.000  28.749 999.000 177.385 999.000   8.204 999.000 119.881 999.000   4.205 999.000
       4     SER  60.592 999.000  63.095 999.000 176.069 999.000   7.796 999.000 115.444 999.000   4.094 999.000
       5     ASN  55.708 999.000  38.184 999.000 176.675 999.000   8.165 999.000 120.691 999.000   4.503 999.000
       6     ARG  59.060 999.000  29.997 999.000 177.779 999.000   7.767 999.000 120.139 999.000   4.087 999.000
       7     GLU  58.992 999.000  29.223 999.000 178.843 999.000   7.704 999.000 118.858 999.000   4.007 999.000
       8     LEU  57.652 999.000  41.420 999.000 178.621 999.000   7.580 999.000 118.966 999.000   4.114 999.000
       9     VAL  66.147 999.000  31.292 999.000 177.599 999.000   7.307 999.000 119.133 999.000   2.962 999.000
      10     VAL  67.011 999.000  31.206 999.000 176.298 999.000   7.928 999.000 119.400 999.000   3.700 999.000
      11     ASP  57.575 999.000  41.276 999.000 177.439 999.000   7.855 999.000 120.055 999.000   4.391 999.000
      12     PHE  61.531 999.000  39.665 999.000 177.319 999.000   8.083 999.000 120.483 999.000   4.215 999.000
      13     LEU  58.310 999.000  41.159 999.000 178.615 999.000   8.707 999.000 118.554 999.000   4.100 999.000
      14     SER  62.332 999.000  62.563 999.000 176.491 999.000   8.521 999.000 115.117 999.000   4.358 999.000
      15     TYR  60.911 999.000  37.867 999.000 177.033 999.000   8.592 999.000 124.385 999.000   4.342 999.000
      16     LYS  58.542 999.000  31.391 999.000 179.140 999.000   8.134 999.000 118.380 999.000   3.794 999.000
      17     LEU  58.085 999.000  41.542 999.000 178.682 999.000   8.523 999.000 119.874 999.000   4.038 999.000
      18     SER  61.802 999.000  62.793 999.000 177.160 999.000   8.460 999.000 115.925 999.000   4.266 999.000
      19     GLN  57.835 999.000  28.537 999.000 177.522 999.000   8.026 999.000 120.478 999.000   4.042 999.000
      20     LYS  56.434 999.000  32.671 999.000 177.183 999.000   7.306 999.000 117.845 999.000   4.065 999.000
      21     GLY  45.536 999.000-999.000-999.000 174.040 999.000   7.509 999.000 107.678 999.000   3.983 999.000
      22     TYR  54.497 999.000  40.106 999.000 175.233 999.000   8.320 999.000 119.530 999.000   4.796 999.000
      23     SER  56.346 999.000  66.076 999.000 174.542 999.000   8.656 999.000 113.286 999.000   4.767 999.000
      24     TRP  59.780 999.000  29.714 999.000 176.461 999.000   8.460 999.000 120.949 999.000   4.227 999.000
      25     SER  58.682 999.000  64.458 999.000 173.763 999.000   7.954 999.000 111.068 999.000   4.398 999.000
      26     GLN  54.523 999.000  31.987 999.000 174.994 999.000   7.544 999.000 119.734 999.000   4.339 999.000
      27     PHE  58.162 999.000  37.879 999.000 175.635 999.000   8.343 999.000 120.651 999.000   4.063 999.000
      28     SER  57.089 999.000  65.005 999.000 174.221 999.000   7.408 999.000 113.655 999.000   4.762 999.000
      29     ASP  55.151 999.000  39.629 999.000 177.199 999.000   8.646 999.000 125.132 999.000   4.401 999.000
      30     VAL  63.540 999.000  31.818 999.000 176.683 999.000   7.848 999.000 117.490 999.000   3.976 999.000
      31     GLU  56.349 999.000  29.930 999.000 176.424 999.000   8.012 999.000 120.129 999.000   4.287 999.000
      32     GLU  56.894 999.000  30.187 999.000 176.674 999.000   7.979 999.000 119.703 999.000   4.231 999.000
      33     ASN  53.513 999.000  38.332 999.000 175.473 999.000   8.628 999.000 118.140 999.000   4.623 999.000
      34     ARG  55.920 999.000  30.633 999.000 176.372 999.000   8.009 999.000 120.014 999.000   4.327 999.000
      35     THR  61.626 999.000  70.073 999.000 174.982 999.000   8.211 999.000 115.253 999.000   4.349 999.000
      36     GLU  56.589 999.000  30.028 999.000 175.949 999.000   8.600 999.000 122.948 999.000   4.198 999.000
      37     ALA  50.939 999.000  18.172 999.000 175.659 999.000   8.281 999.000 124.976 999.000   4.407 999.000
      38     PRO  62.879 999.000  32.384 999.000 176.850 999.000-999.000-999.000 999.000 999.000   4.520 999.000
      39     GLU  56.808 999.000  29.991 999.000 176.942 999.000   8.567 999.000 121.635 999.000   4.192 999.000
      40     GLY  45.501 999.000-999.000-999.000 174.911 999.000   8.636 999.000 110.778 999.000   4.076 999.000
      41     THR  61.910 999.000  70.181 999.000 175.112 999.000   7.574 999.000 114.361 999.000   4.358 999.000
      42     GLU  58.900 999.000  29.360 999.000 177.569 999.000   9.055 999.000 123.766 999.000   4.062 999.000
      43     SER  60.749 999.000  63.193 999.000 175.838 999.000   8.430 999.000 114.148 999.000   4.394 999.000
      44     GLU  59.050 999.000  29.142 999.000 178.190 999.000   8.014 999.000 122.822 999.000   4.008 999.000
      45     ALA  55.003 999.000  18.332 999.000 179.432 999.000   7.609 999.000 120.743 999.000   3.870 999.000
      46     VAL  66.066 999.000  31.258 999.000 177.821 999.000   7.323 999.000 118.942 999.000   3.553 999.000
      47     LYS  60.245 999.000  31.989 999.000 178.808 999.000   8.069 999.000 119.619 999.000   3.892 999.000
      48     GLN  58.745 999.000  28.116 999.000 178.226 999.000   8.189 999.000 118.765 999.000   3.946 999.000
      49     ALA  54.974 999.000  18.140 999.000 179.613 999.000   7.825 999.000 122.139 999.000   4.095 999.000
      50     LEU  57.651 999.000  41.537 999.000 178.836 999.000   8.200 999.000 118.694 999.000   4.158 999.000
      51     ARG  59.577 999.000  29.680 999.000 178.627 999.000   8.016 999.000 119.465 999.000   3.916 999.000
      52     GLU  59.020 999.000  29.323 999.000 178.823 999.000   8.157 999.000 119.084 999.000   4.084 999.000
      53     ALA  54.655 999.000  18.208 999.000 179.637 999.000   8.118 999.000 121.712 999.000   4.176 999.000
      54     GLY  47.110 999.000-999.000-999.000 175.537 999.000   8.479 999.000 106.791 999.000   4.197 999.000
      55     ASP  56.421 999.000  40.481 999.000 177.761 999.000   8.203 999.000 121.749 999.000   4.569 999.000
      56     GLU  58.433 999.000  29.737 999.000 178.063 999.000   7.794 999.000 119.877 999.000   4.172 999.000
      57     PHE  60.865 999.000  39.369 999.000 176.850 999.000   8.327 999.000 119.278 999.000   4.241 999.000
      58     GLU  56.954 999.000  29.761 999.000 177.676 999.000   7.779 999.000 116.693 999.000   4.138 999.000
      59     LEU  55.891 999.000  41.505 999.000 176.714 999.000   7.585 999.000 121.964 999.000   4.097 999.000
      60     ARG  57.195 999.000  28.346 999.000 175.578 999.000   8.854 999.000 123.329 999.000   3.859 999.000
      61     TYR  58.554 999.000  35.609 999.000 175.458 999.000   7.614 999.000 115.385 999.000   4.148 999.000
      62     ARG  57.700 999.000  30.363 999.000 176.788 999.000   7.526 999.000 119.435 999.000   4.127 999.000
      63     ARG  56.448 999.000  30.929 999.000 176.074 999.000   7.831 999.000 116.068 999.000   4.182 999.000
      64     ALA  51.917 999.000  18.610 999.000 176.829 999.000   7.581 999.000 122.324 999.000   4.226 999.000
      65     PHE  56.795 999.000  39.881 999.000 176.714 999.000   8.318 999.000 119.979 999.000   4.680 999.000
      66     SER  61.377 999.000  62.668 999.000 175.841 999.000   9.115 999.000 119.351 999.000   4.175 999.000
      67     ASP  56.110 999.000  39.935 999.000 176.932 999.000   8.419 999.000 121.059 999.000   4.432 999.000
      68     LEU  55.228 999.000  42.950 999.000 177.147 999.000   7.549 999.000 117.294 999.000   4.543 999.000
      69     THR  62.613 999.000  70.305 999.000 175.177 999.000   7.662 999.000 109.319 999.000   4.388 999.000
      70     SER  59.561 999.000  64.064 999.000 174.674 999.000   8.454 999.000 115.412 999.000   4.525 999.000
      71     GLN  55.088 999.000  28.005 999.000 175.781 999.000   8.101 999.000 121.626 999.000   4.420 999.000
      72     LEU  55.071 999.000  41.680 999.000 176.697 999.000   7.813 999.000 121.827 999.000   4.252 999.000
      73     HIS  55.724 999.000  30.347 999.000 175.322 999.000   8.529 999.000 122.549 999.000   4.647 999.000
      74     ILE  60.689 999.000  38.175 999.000 176.186 999.000   8.282 999.000 123.495 999.000   4.259 999.000
      75     THR  60.389 999.000  68.900 999.000 174.007 999.000   8.245 999.000 121.531 999.000   4.082 999.000
      76     PRO  63.435 999.000  32.304 999.000 177.001 999.000-999.000-999.000 999.000 999.000   4.335 999.000
      77     GLY  44.816 999.000-999.000-999.000 174.275 999.000   8.201 999.000 108.095 999.000   4.069 999.000
      78     THR  62.400 999.000  69.836 999.000 175.041 999.000   8.066 999.000 112.354 999.000   4.131 999.000
      79     ALA  52.777 999.000  19.375 999.000 177.392 999.000   8.091 999.000 123.666 999.000   4.129 999.000
      80     TYR  58.481 999.000  38.263 999.000 176.893 999.000   8.044 999.000 115.131 999.000   4.320 999.000
      81     GLN  58.008 999.000  28.174 999.000 177.362 999.000   7.900 999.000 119.877 999.000   3.968 999.000
      82     SER  60.591 999.000  63.145 999.000 175.801 999.000   7.762 999.000 115.171 999.000   4.240 999.000
      83     PHE  60.364 999.000  38.299 999.000 177.421 999.000   7.817 999.000 123.221 999.000   4.314 999.000
      84     GLU  59.849 999.000  29.374 999.000 178.250 999.000   7.492 999.000 120.264 999.000   3.485 999.000
      85     GLN  57.601 999.000  28.075 999.000 177.510 999.000   7.551 999.000 116.234 999.000   3.975 999.000
      86     VAL  65.472 999.000  32.029 999.000 177.054 999.000   7.202 999.000 119.648 999.000   3.686 999.000
      87     VAL  62.801 999.000  31.957 999.000 176.888 999.000   7.481 999.000 113.787 999.000   3.766 999.000
      88     ASN  55.714 999.000  38.265 999.000 175.879 999.000   7.886 999.000 118.828 999.000   3.840 999.000
      89     GLU  56.588 999.000  30.963 999.000 176.850 999.000   7.657 999.000 115.952 999.000   4.299 999.000
      90     LEU  57.316 999.000  41.837 999.000 177.017 999.000   7.423 999.000 119.788 999.000   3.709 999.000
      91     PHE  57.748 999.000  39.190 999.000 176.233 999.000   7.493 999.000 113.121 999.000   4.512 999.000
      92     ARG  58.300 999.000  29.968 999.000 176.891 999.000   7.556 999.000 119.811 999.000   3.344 999.000
      93     ASP  54.078 999.000  40.979 999.000 176.132 999.000   7.654 999.000 116.091 999.000   4.500 999.000
      94     GLY  45.290 999.000-999.000-999.000 173.182 999.000   7.261 999.000 108.234 999.000   3.984 999.000
      95     VAL  60.916 999.000  30.147 999.000 175.685 999.000   7.927 999.000 116.598 999.000   4.360 999.000
      96     ASN  53.451 999.000  39.484 999.000 175.862 999.000   7.686 999.000 120.171 999.000   4.467 999.000
      97     TRP  59.608 999.000  28.920 999.000 177.148 999.000   8.524 999.000 123.758 999.000   4.258 999.000
      98     GLY  47.685 999.000-999.000-999.000 175.360 999.000   7.516 999.000 108.050 999.000   3.620 999.000
      99     ARG  59.152 999.000  30.054 999.000 178.053 999.000   7.835 999.000 120.596 999.000   4.053 999.000
     100     ILE  64.931 999.000  37.458 999.000 177.426 999.000   7.451 999.000 119.830 999.000   3.684 999.000
     101     VAL  66.912 999.000  31.180 999.000 176.780 999.000   8.457 999.000 119.013 999.000   3.100 999.000
     102     ALA  55.438 999.000  18.035 999.000 178.209 999.000   8.138 999.000 122.402 999.000   3.907 999.000
     103     PHE  60.540 999.000  39.085 999.000 176.880 999.000   7.905 999.000 119.290 999.000   4.426 999.000
     104     PHE  58.498 999.000  37.705 999.000 177.787 999.000   8.888 999.000 118.238 999.000   4.260 999.000
     105     SER  61.777 999.000  62.695 999.000 176.289 999.000   8.573 999.000 115.955 999.000   4.488 999.000
     106     PHE  60.485 999.000  38.850 999.000 176.833 999.000   8.599 999.000 122.976 999.000   4.368 999.000
     107     GLY  47.609 999.000-999.000-999.000 176.220 999.000   8.416 999.000 106.526 999.000   3.686 999.000
     108     GLY  47.297 999.000-999.000-999.000 175.460 999.000   8.637 999.000 109.836 999.000   3.973 999.000
     109     ALA  54.830 999.000  18.348 999.000 178.967 999.000   8.168 999.000 124.673 999.000   4.126 999.000
     110     LEU  58.085 999.000  41.568 999.000 178.276 999.000   8.293 999.000 119.311 999.000   3.937 999.000
     111     CYS 999.000 999.000 999.000 999.000 999.000 999.000 999.000 999.000 999.000 999.000   4.094 999.000
     112     VAL  64.970 999.000  32.004 999.000 177.182 999.000   8.026 999.000 119.195 999.000   3.860 999.000
     113     GLU  57.011 999.000  29.174 999.000 177.053 999.000   8.324 999.000 117.315 999.000   4.266 999.000
     114     SER  58.375 999.000  63.511 999.000 174.624 999.000   7.580 999.000 115.158 999.000   4.511 999.000
     115     VAL  63.423 999.000  32.259 999.000 175.711 999.000   8.100 999.000 119.819 999.000   3.950 999.000
     116     ASP  54.326 999.000  40.401 999.000 176.501 999.000   8.281 999.000 118.204 999.000   4.624 999.000
     117     LYS  55.877 999.000  33.122 999.000 176.273 999.000   7.587 999.000 120.754 999.000   4.358 999.000
     118     GLU  56.068 999.000  29.793 999.000 176.695 999.000   8.692 999.000 121.154 999.000   4.298 999.000
     119     MET  57.638 999.000  31.238 999.000 177.753 999.000   8.755 999.000 124.091 999.000   4.066 999.000
     120     GLN  57.862 999.000  28.437 999.000 176.856 999.000   8.225 999.000 117.780 999.000   4.155 999.000
     121     VAL  62.006 999.000  33.707 999.000 176.936 999.000   7.538 999.000 113.746 999.000   4.330 999.000
     122     LEU  58.581 999.000  41.624 999.000 177.856 999.000   7.992 999.000 122.013 999.000   3.940 999.000
     123     VAL  66.291 999.000  31.311 999.000 178.054 999.000   7.866 999.000 117.731 999.000   3.371 999.000
     124     SER  61.774 999.000  62.894 999.000 176.604 999.000   7.753 999.000 116.195 999.000   4.325 999.000
     125     ARG  58.963 999.000  29.984 999.000 178.497 999.000   7.959 999.000 122.416 999.000   4.009 999.000
     126     ILE  64.998 999.000  37.493 999.000 177.499 999.000   8.436 999.000 120.577 999.000   3.793 999.000
     127     ALA  55.479 999.000  18.107 999.000 179.247 999.000   8.560 999.000 121.170 999.000   3.972 999.000
     128     ALA  55.343 999.000  18.160 999.000 178.913 999.000   7.827 999.000 121.206 999.000   4.009 999.000
     129     TRP  60.351 999.000  29.747 999.000 178.697 999.000   8.305 999.000 119.303 999.000   4.243 999.000
     130     MET  59.804 999.000  32.789 999.000 177.603 999.000   8.867 999.000 117.931 999.000   4.352 999.000
     131     ALA  55.288 999.000  18.240 999.000 178.542 999.000   8.434 999.000 121.493 999.000   4.139 999.000
     132     THR  66.573 999.000  68.007 999.000 176.200 999.000   8.167 999.000 115.199 999.000   3.937 999.000
     133     TYR  59.482 999.000  38.107 999.000 177.770 999.000   8.274 999.000 120.109 999.000   4.667 999.000
     134     LEU  58.101 999.000  41.380 999.000 177.635 999.000   8.927 999.000 119.676 999.000   4.115 999.000
     135     ASN  56.309 999.000  38.974 999.000 176.970 999.000   8.132 999.000 116.374 999.000   4.439 999.000
     136     ASP  55.705 999.000  41.059 999.000 176.842 999.000   7.657 999.000 118.081 999.000   4.520 999.000
     137     HIS  56.379 999.000  31.467 999.000 174.879 999.000   8.077 999.000 113.747 999.000   4.741 999.000
     138     LEU  56.260 999.000  43.801 999.000 176.883 999.000   8.174 999.000 119.934 999.000   4.513 999.000
     139     GLU  61.683 999.000  27.923 999.000 176.281 999.000   8.623 999.000 118.522 999.000   4.014 999.000
     140     PRO  65.406 999.000  31.369 999.000 178.187 999.000-999.000-999.000 999.000 999.000   4.174 999.000
     141     TRP  58.310 999.000  30.063 999.000 178.432 999.000   7.106 999.000 116.587 999.000   4.634 999.000
     142     ILE  64.481 999.000  37.052 999.000 177.362 999.000   8.222 999.000 120.053 999.000   3.787 999.000
     143     GLN  59.055 999.000  27.753 999.000 178.736 999.000   8.400 999.000 119.053 999.000   4.111 999.000
     144     GLU  58.432 999.000  29.512 999.000 177.871 999.000   7.832 999.000 118.810 999.000   4.107 999.000
     145     ASN  54.498 999.000  39.817 999.000 175.604 999.000   7.852 999.000 115.176 999.000   4.544 999.000
     146     GLY  45.498 999.000-999.000-999.000 174.034 999.000   7.760 999.000 106.381 999.000   4.112 999.000
     147     GLY  45.041 999.000-999.000-999.000 173.604 999.000   8.331 999.000 107.902 999.000   4.108 999.000
     148     TRP  60.363 999.000  29.551 999.000 177.719 999.000   8.969 999.000 123.836 999.000   4.595 999.000
     149     ASP  57.269 999.000  39.730 999.000 177.824 999.000   8.268 999.000 119.306 999.000   4.254 999.000
     150     THR  65.548 999.000  68.318 999.000 176.259 999.000   7.672 999.000 114.895 999.000   3.902 999.000
     151     PHE  60.008 999.000  39.307 999.000 177.648 999.000   7.712 999.000 119.988 999.000   4.313 999.000
     152     VAL  65.873 999.000  31.224 999.000 177.757 999.000   7.564 999.000 118.850 999.000   3.482 999.000
     153     GLU  58.991 999.000  29.049 999.000 178.422 999.000   7.688 999.000 120.074 999.000   3.838 999.000
     154     LEU  57.149 999.000  41.729 999.000 177.753 999.000   7.244 999.000 119.347 999.000   3.824 999.000
     155     TYR  58.287 999.000  39.066 999.000 176.956 999.000   7.598 999.000 116.752 999.000   4.490 999.000
     156     GLY  45.145 999.000-999.000-999.000 174.384 999.000   7.902 999.000 106.531 999.000   3.848 999.000
     157     ASN  52.907 999.000  39.035 999.000 175.620 999.000   8.043 999.000 117.776 999.000   4.586 999.000
     158     ASN  55.066 999.000  38.628 999.000 176.394 999.000   8.405 999.000 120.924 999.000   4.421 999.000
     159     ALA  54.769 999.000  18.447 999.000 179.167 999.000   8.183 999.000 122.075 999.000   4.115 999.000
     160     ALA  54.076 999.000  18.129 999.000 179.660 999.000   7.566 999.000 120.413 999.000   4.221 999.000
     161     ALA  54.189 999.000  18.167 999.000 179.776 999.000   7.614 999.000 120.382 999.000   4.171 999.000
     162     GLU  58.645 999.000  29.231 999.000 178.885 999.000   7.976 999.000 117.827 999.000   4.127 999.000
     163     SER  60.876 999.000  63.190 999.000 176.144 999.000   7.826 999.000 114.808 999.000   4.273 999.000
     164     ARG  57.383 999.000  29.925 999.000 177.642 999.000   7.598 999.000 121.652 999.000   4.263 999.000
     165     LYS  56.968 999.000  32.369 999.000 177.860 999.000   7.671 999.000 119.160 999.000   4.250 999.000
     166     GLY  45.214 999.000-999.000-999.000 174.272 999.000   7.880 999.000 107.033 999.000   3.953 999.000
     167     GLN  56.208 999.000  29.361 999.000 176.259 999.000   8.017 999.000 119.318 999.000   4.297 999.000
     168     GLU  56.882 999.000  29.702 999.000 176.407 999.000   8.139 999.000 119.051 999.000   4.277 999.000
     169     ARG 999.000 999.000 999.000 999.000 999.000 999.000 999.000 999.000 999.000 999.000 999.000 999.000
     630     GLU 999.000 999.000 999.000 999.000 999.000 999.000-999.000-999.000 999.000 999.000 999.000 999.000
     631     GLU 999.000 999.000 999.000 999.000 999.000 999.000 999.000 999.000 999.000 999.000 999.000 999.000
     632     GLN  57.014 999.000  28.064 999.000 177.239 999.000   8.099 999.000 118.969 999.000   4.152 999.000
     633     TRP  59.988 999.000  29.037 999.000 177.805 999.000   7.893 999.000 121.116 999.000   4.297 999.000
     634     ALA  54.968 999.000  18.138 999.000 179.135 999.000   7.878 999.000 121.027 999.000   3.814 999.000
     635     ARG  59.330 999.000  29.728 999.000 178.528 999.000   8.001 999.000 118.102 999.000   3.958 999.000
     636     GLU  59.013 999.000  29.370 999.000 179.037 999.000   7.678 999.000 119.463 999.000   4.084 999.000
     637     ILE  63.942 999.000  36.783 999.000 178.027 999.000   7.875 999.000 119.584 999.000   3.622 999.000
     638     GLY  47.606 999.000-999.000-999.000 176.038 999.000   8.379 999.000 107.735 999.000   3.763 999.000
     639     ALA  54.889 999.000  18.168 999.000 178.953 999.000   8.018 999.000 124.292 999.000   4.045 999.000
     640     GLN  58.841 999.000  28.266 999.000 178.434 999.000   7.907 999.000 118.394 999.000   3.903 999.000
     641     LEU  58.181 999.000  41.321 999.000 178.672 999.000   8.588 999.000 120.549 999.000   3.966 999.000
     642     ARG  59.502 999.000  29.898 999.000 178.640 999.000   8.060 999.000 118.794 999.000   3.896 999.000
     643     ARG  58.285 999.000  29.892 999.000 178.239 999.000   7.811 999.000 118.782 999.000   4.146 999.000
     644     MET  58.218 999.000  32.888 999.000 176.865 999.000   8.302 999.000 119.080 999.000   4.018 999.000
     645     ALA  52.474 999.000  19.060 999.000 176.653 999.000   7.602 999.000 119.422 999.000   4.298 999.000
     646     ASP  53.902 999.000  41.490 999.000 175.955 999.000   7.430 999.000 117.670 999.000   4.483 999.000
     647     ASP  54.433 999.000  40.873 999.000 176.709 999.000   8.406 999.000 122.352 999.000   4.442 999.000
     648     LEU  56.066 999.000  41.941 999.000 177.200 999.000   7.715 999.000 119.890 999.000   4.076 999.000
     649     ASN  53.574 999.000  38.645 999.000 175.493 999.000   8.099 999.000 116.327 999.000   4.549 999.000
     650     ALA  52.471 999.000  19.341 999.000 177.314 999.000   7.776 999.000 121.671 999.000   4.251 999.000
     651     GLN  56.095 999.000  29.166 999.000 175.956 999.000   7.935 999.000 117.973 999.000   4.117 999.000
     652     TYR  58.418 999.000  38.469 999.000 175.443 999.000   8.299 999.000 118.385 999.000   4.474 999.000
     653     GLU  56.992 999.000  30.321 999.000 176.479 999.000   8.209 999.000 119.534 999.000   4.277 999.000
     654     ARG 999.000 999.000 999.000 999.000 999.000 999.000 999.000 999.000 999.000 999.000 999.000 999.000
