   index residue  pre_ca  exp_ca  pre_cb  exp_cb   pre_c   exp_c   pre_h   exp_h   pre_n   exp_n  pre_ha  exp_ha
       1     MET 999.000 999.000 999.000 999.000 999.000 999.000-999.000-999.000 999.000 999.000 999.000 999.000
       2     SER 999.000 999.000 999.000 999.000 999.000 999.000 999.000 999.000 999.000 999.000 999.000 999.000
       3     GLN  57.702 999.000  28.091 999.000 177.618 999.000   8.867 999.000 122.679 999.000   4.242 999.000
       4     SER  61.222 999.000  62.853 999.000 175.938 999.000   8.745 999.000 114.629 999.000   4.168 999.000
       5     ASN  55.253 999.000  38.588 999.000 176.564 999.000   8.014 999.000 119.830 999.000   4.698 999.000
       6     ARG  59.436 999.000  29.844 999.000 177.922 999.000   7.963 999.000 121.440 999.000   4.119 999.000
       7     GLU  59.148 999.000  29.117 999.000 178.884 999.000   8.188 999.000 118.799 999.000   3.982 999.000
       8     LEU  57.623 999.000  41.602 999.000 178.595 999.000   7.353 999.000 119.315 999.000   3.997 999.000
       9     VAL  66.473 999.000  31.404 999.000 177.574 999.000   7.655 999.000 119.380 999.000   3.651 999.000
      10     VAL  67.041 999.000  31.203 999.000 176.476 999.000   8.486 999.000 119.011 999.000   3.104 999.000
      11     ASP  57.578 999.000  41.091 999.000 177.603 999.000   7.612 999.000 120.058 999.000   4.215 999.000
      12     PHE  61.404 999.000  39.609 999.000 177.016 999.000   7.689 999.000 120.521 999.000   4.161 999.000
      13     LEU  58.194 999.000  41.059 999.000 178.539 999.000   8.537 999.000 118.220 999.000   3.932 999.000
      14     SER  62.072 999.000  62.596 999.000 176.470 999.000   8.088 999.000 114.992 999.000   4.121 999.000
      15     TYR  61.121 999.000  37.915 999.000 176.968 999.000   7.956 999.000 124.016 999.000   4.252 999.000
      16     LYS  58.581 999.000  31.374 999.000 178.964 999.000   7.910 999.000 118.238 999.000   3.700 999.000
      17     LEU  57.632 999.000  41.673 999.000 178.834 999.000   8.416 999.000 118.937 999.000   4.220 999.000
      18     SER  61.555 999.000  62.936 999.000 177.085 999.000   8.452 999.000 115.863 999.000   4.230 999.000
      19     GLN  57.918 999.000  28.500 999.000 177.175 999.000   7.972 999.000 119.906 999.000   4.054 999.000
      20     LYS  55.632 999.000  32.423 999.000 176.543 999.000   7.331 999.000 116.822 999.000   4.264 999.000
      21     GLY  45.413 999.000-999.000-999.000 174.046 999.000   7.584 999.000 107.657 999.000   3.830 999.000
      22     TYR  56.654 999.000  39.490 999.000 175.542 999.000   7.886 999.000 120.329 999.000   4.808 999.000
      23     SER  57.139 999.000  64.340 999.000 174.936 999.000   8.263 999.000 116.997 999.000   4.623 999.000
      24     TRP  59.555 999.000  29.910 999.000 177.550 999.000   9.116 999.000 126.642 999.000   4.588 999.000
      25     SER  61.223 999.000  62.448 999.000 176.143 999.000   8.429 999.000 114.709 999.000   4.067 999.000
      26     GLN  57.486 999.000  28.704 999.000 176.296 999.000   7.326 999.000 120.747 999.000   3.922 999.000
      27     PHE  57.566 999.000  40.262 999.000 176.098 999.000   7.247 999.000 115.994 999.000   4.374 999.000
      28     SER  57.609 999.000  64.820 999.000 174.127 999.000   7.079 999.000 114.594 999.000   4.247 999.000
      29     ASP  53.482 999.000  40.614 999.000 177.026 999.000   8.420 999.000 122.381 999.000   4.626 999.000
      30     VAL  64.327 999.000  31.710 999.000 177.408 999.000   8.229 999.000 121.029 999.000   3.851 999.000
      31     GLU  58.055 999.000  29.188 999.000 177.595 999.000   8.362 999.000 119.642 999.000   4.156 999.000
      32     GLU  57.239 999.000  30.172 999.000 177.321 999.000   7.829 999.000 117.936 999.000   4.218 999.000
      33     ASN  53.389 999.000  38.732 999.000 175.767 999.000   7.721 999.000 117.446 999.000   4.698 999.000
      34     ARG  56.346 999.000  30.586 999.000 176.688 999.000   8.109 999.000 119.870 999.000   4.377 999.000
      35     THR  62.066 999.000  69.828 999.000 174.813 999.000   7.889 999.000 113.362 999.000   4.344 999.000
      36     GLU  56.445 999.000  30.329 999.000 175.802 999.000   8.538 999.000 122.316 999.000   4.296 999.000
      37     ALA  50.853 999.000  18.311 999.000 175.605 999.000   8.203 999.000 123.629 999.000   4.497 999.000
      38     PRO  63.150 999.000  32.295 999.000 176.644 999.000-999.000-999.000 999.000 999.000   4.530 999.000
      39     GLU  56.203 999.000  30.485 999.000 176.791 999.000   8.478 999.000 119.765 999.000   4.278 999.000
      40     GLY  45.159 999.000-999.000-999.000 174.614 999.000   8.488 999.000 109.198 999.000   4.068 999.000
      41     THR  61.673 999.000  70.388 999.000 175.044 999.000   8.145 999.000 112.750 999.000   4.425 999.000
      42     GLU  57.795 999.000  29.426 999.000 177.143 999.000   8.848 999.000 121.712 999.000   4.236 999.000
      43     SER  59.729 999.000  63.438 999.000 175.561 999.000   8.321 999.000 114.465 999.000   4.295 999.000
      44     GLU  59.391 999.000  29.004 999.000 178.371 999.000   8.044 999.000 123.232 999.000   3.945 999.000
      45     ALA  54.852 999.000  18.317 999.000 179.644 999.000   7.979 999.000 120.364 999.000   4.176 999.000
      46     VAL  65.817 999.000  31.382 999.000 177.825 999.000   7.421 999.000 119.276 999.000   3.646 999.000
      47     LYS  60.155 999.000  32.024 999.000 178.906 999.000   8.179 999.000 119.673 999.000   3.733 999.000
      48     GLN  58.749 999.000  28.228 999.000 178.213 999.000   8.109 999.000 118.625 999.000   3.953 999.000
      49     ALA  55.090 999.000  18.165 999.000 179.535 999.000   7.807 999.000 122.380 999.000   3.990 999.000
      50     LEU  58.103 999.000  41.530 999.000 178.789 999.000   8.482 999.000 118.881 999.000   4.083 999.000
      51     ARG  59.740 999.000  29.739 999.000 178.414 999.000   8.010 999.000 118.942 999.000   3.912 999.000
      52     GLU  59.067 999.000  29.202 999.000 178.903 999.000   8.109 999.000 118.873 999.000   4.128 999.000
      53     ALA  54.847 999.000  18.205 999.000 179.436 999.000   8.459 999.000 121.641 999.000   4.215 999.000
      54     GLY  47.312 999.000-999.000-999.000 175.535 999.000   8.593 999.000 106.564 999.000   4.127 999.000
      55     ASP  56.835 999.000  40.371 999.000 178.026 999.000   8.350 999.000 121.937 999.000   4.616 999.000
      56     GLU  58.902 999.000  29.650 999.000 178.299 999.000   7.807 999.000 120.611 999.000   4.208 999.000
      57     PHE  61.855 999.000  39.022 999.000 177.915 999.000   8.718 999.000 119.599 999.000   4.260 999.000
      58     GLU  58.926 999.000  29.417 999.000 178.337 999.000   8.295 999.000 118.614 999.000   4.245 999.000
      59     LEU  56.944 999.000  42.477 999.000 177.912 999.000   7.522 999.000 120.016 999.000   4.249 999.000
      60     ARG  57.396 999.000  31.186 999.000 176.746 999.000   8.079 999.000 115.684 999.000   4.006 999.000
      61     TYR  56.373 999.000  38.025 999.000 175.629 999.000   7.975 999.000 117.652 999.000   4.773 999.000
      62     ARG  58.799 999.000  30.043 999.000 177.400 999.000   7.956 999.000 120.930 999.000   3.818 999.000
      63     ARG  57.318 999.000  29.693 999.000 177.516 999.000   8.266 999.000 117.488 999.000   4.210 999.000
      64     ALA  54.216 999.000  18.529 999.000 178.032 999.000   7.713 999.000 121.020 999.000   4.169 999.000
      65     PHE  57.809 999.000  39.742 999.000 176.431 999.000   7.516 999.000 113.082 999.000   4.777 999.000
      66     SER  61.286 999.000  62.545 999.000 176.264 999.000   8.122 999.000 116.828 999.000   4.201 999.000
      67     ASP  56.197 999.000  39.927 999.000 178.172 999.000   7.874 999.000 122.051 999.000   4.497 999.000
      68     LEU  57.485 999.000  41.626 999.000 178.711 999.000   7.527 999.000 119.978 999.000   4.012 999.000
      69     THR  65.276 999.000  68.634 999.000 176.766 999.000   8.234 999.000 112.473 999.000   4.236 999.000
      70     SER  60.457 999.000  63.416 999.000 175.712 999.000   7.833 999.000 116.804 999.000   4.345 999.000
      71     GLN  57.259 999.000  28.932 999.000 177.074 999.000   7.559 999.000 121.000 999.000   4.224 999.000
      72     LEU  54.748 999.000  42.143 999.000 176.286 999.000   7.252 999.000 120.794 999.000   4.278 999.000
      73     HIS  55.843 999.000  29.902 999.000 175.373 999.000   8.595 999.000 125.489 999.000   4.633 999.000
      74     ILE  60.881 999.000  38.856 999.000 175.165 999.000   8.056 999.000 123.710 999.000   4.446 999.000
      75     THR  58.470 999.000  69.982 999.000 173.749 999.000   8.003 999.000 116.768 999.000   4.792 999.000
      76     PRO  64.691 999.000  31.635 999.000 177.506 999.000-999.000-999.000 999.000 999.000   4.412 999.000
      77     GLY  45.070 999.000-999.000-999.000 175.043 999.000   8.324 999.000 107.549 999.000   4.137 999.000
      78     THR  63.634 999.000  69.485 999.000 174.193 999.000   7.701 999.000 117.739 999.000   4.231 999.000
      79     ALA  50.875 999.000  21.088 999.000 176.814 999.000   8.630 999.000 128.833 999.000   4.701 999.000
      80     TYR  61.047 999.000  38.035 999.000 177.293 999.000   8.893 999.000 120.783 999.000   3.088 999.000
      81     GLN  58.798 999.000  27.707 999.000 178.227 999.000   8.437 999.000 118.162 999.000   3.827 999.000
      82     SER  60.824 999.000  62.923 999.000 176.065 999.000   7.590 999.000 114.585 999.000   4.261 999.000
      83     PHE  60.901 999.000  39.357 999.000 176.614 999.000   7.151 999.000 123.629 999.000   4.179 999.000
      84     GLU  59.928 999.000  29.351 999.000 178.342 999.000   8.550 999.000 119.208 999.000   3.588 999.000
      85     GLN  58.564 999.000  28.265 999.000 178.396 999.000   7.591 999.000 117.371 999.000   3.969 999.000
      86     VAL  65.097 999.000  31.907 999.000 177.758 999.000   7.072 999.000 119.387 999.000   3.692 999.000
      87     VAL  65.758 999.000  31.162 999.000 177.741 999.000   7.733 999.000 119.165 999.000   3.300 999.000
      88     ASN  55.911 999.000  37.742 999.000 177.412 999.000   8.477 999.000 118.003 999.000   4.307 999.000
      89     GLU  58.376 999.000  29.627 999.000 178.048 999.000   7.310 999.000 119.659 999.000   4.063 999.000
      90     LEU  57.210 999.000  42.007 999.000 177.341 999.000   7.380 999.000 119.792 999.000   3.898 999.000
      91     PHE  58.494 999.000  38.655 999.000 176.128 999.000   7.693 999.000 114.375 999.000   4.487 999.000
      92     ARG  58.638 999.000  29.809 999.000 176.742 999.000   7.522 999.000 120.363 999.000   3.961 999.000
      93     ASP  53.813 999.000  40.741 999.000 176.274 999.000   8.116 999.000 116.858 999.000   4.635 999.000
      94     GLY  44.649 999.000-999.000-999.000 173.328 999.000   7.565 999.000 107.922 999.000   4.087 999.000
      95     VAL  62.218 999.000  32.419 999.000 175.289 999.000   8.011 999.000 119.756 999.000   3.892 999.000
      96     ASN  51.985 999.000  41.136 999.000 174.582 999.000   7.701 999.000 122.228 999.000   4.291 999.000
      97     TRP  60.099 999.000  30.398 999.000 178.158 999.000   8.901 999.000 120.634 999.000   4.533 999.000
      98     GLY  47.124 999.000-999.000-999.000 175.979 999.000   8.888 999.000 107.007 999.000   4.140 999.000
      99     ARG  58.815 999.000  29.841 999.000 178.290 999.000   8.079 999.000 121.468 999.000   4.143 999.000
     100     ILE  65.373 999.000  37.715 999.000 177.576 999.000   8.002 999.000 120.733 999.000   4.051 999.000
     101     VAL  66.940 999.000  31.289 999.000 176.747 999.000   8.357 999.000 119.461 999.000   3.448 999.000
     102     ALA  55.519 999.000  18.049 999.000 178.710 999.000   8.226 999.000 122.690 999.000   3.886 999.000
     103     PHE  60.742 999.000  38.482 999.000 176.911 999.000   8.301 999.000 119.634 999.000   4.241 999.000
     104     PHE  62.697 999.000  38.778 999.000 177.651 999.000   8.692 999.000 118.514 999.000   3.601 999.000
     105     SER  61.941 999.000  62.633 999.000 176.429 999.000   8.353 999.000 115.364 999.000   4.148 999.000
     106     PHE  60.073 999.000  38.416 999.000 176.806 999.000   8.771 999.000 123.584 999.000   4.289 999.000
     107     GLY  47.551 999.000-999.000-999.000 176.215 999.000   8.208 999.000 106.595 999.000   3.611 999.000
     108     GLY  47.322 999.000-999.000-999.000 175.493 999.000   8.450 999.000 109.683 999.000   3.939 999.000
     109     ALA  54.863 999.000  18.344 999.000 178.951 999.000   8.203 999.000 124.574 999.000   4.167 999.000
     110     LEU  57.992 999.000  41.651 999.000 177.605 999.000   8.564 999.000 119.767 999.000   4.123 999.000
     111     CYS 999.000 999.000 999.000 999.000 999.000 999.000 999.000 999.000 999.000 999.000   3.936 999.000
     112     VAL  66.446 999.000  31.288 999.000 177.535 999.000   8.024 999.000 120.252 999.000   3.492 999.000
     113     GLU  59.514 999.000  29.078 999.000 178.454 999.000   8.383 999.000 120.454 999.000   4.011 999.000
     114     SER  62.081 999.000  63.026 999.000 176.298 999.000   8.164 999.000 115.625 999.000   4.104 999.000
     115     VAL  65.260 999.000  31.253 999.000 177.636 999.000   7.597 999.000 120.861 999.000   3.601 999.000
     116     ASP  56.397 999.000  41.152 999.000 177.703 999.000   7.914 999.000 119.961 999.000   4.432 999.000
     117     LYS  56.486 999.000  32.145 999.000 176.019 999.000   7.844 999.000 116.589 999.000   4.215 999.000
     118     GLU  57.417 999.000  27.210 999.000 175.556 999.000   7.925 999.000 115.612 999.000   4.017 999.000
     119     MET  54.747 999.000  32.031 999.000 176.123 999.000   8.445 999.000 118.912 999.000   4.736 999.000
     120     GLN  58.822 999.000  27.874 999.000 177.633 999.000   7.972 999.000 119.776 999.000   3.877 999.000
     121     VAL  64.125 999.000  31.514 999.000 177.289 999.000   7.642 999.000 118.080 999.000   3.858 999.000
     122     LEU  56.904 999.000  41.317 999.000 178.157 999.000   7.825 999.000 119.812 999.000   3.943 999.000
     123     VAL  66.642 999.000  31.270 999.000 177.769 999.000   7.448 999.000 118.789 999.000   3.277 999.000
     124     SER  61.411 999.000  62.787 999.000 176.330 999.000   8.297 999.000 114.459 999.000   4.127 999.000
     125     ARG  58.522 999.000  30.008 999.000 178.103 999.000   6.843 999.000 122.609 999.000   3.775 999.000
     126     ILE  65.672 999.000  37.782 999.000 177.409 999.000   8.237 999.000 120.868 999.000   2.934 999.000
     127     ALA  55.488 999.000  18.118 999.000 179.190 999.000   7.844 999.000 120.570 999.000   3.907 999.000
     128     ALA  54.967 999.000  18.448 999.000 178.778 999.000   7.226 999.000 121.289 999.000   4.165 999.000
     129     TRP  58.632 999.000  28.551 999.000 178.821 999.000   8.737 999.000 119.972 999.000   4.341 999.000
     130     MET  59.797 999.000  32.784 999.000 177.769 999.000   8.740 999.000 117.271 999.000   4.519 999.000
     131     ALA  55.146 999.000  18.268 999.000 178.655 999.000   8.008 999.000 121.554 999.000   4.198 999.000
     132     THR  66.786 999.000  67.967 999.000 175.576 999.000   8.452 999.000 116.202 999.000   4.013 999.000
     133     TYR  62.207 999.000  38.800 999.000 176.880 999.000   8.732 999.000 123.006 999.000   4.191 999.000
     134     LEU  58.553 999.000  41.451 999.000 177.778 999.000   8.716 999.000 119.173 999.000   4.061 999.000
     135     ASN  56.207 999.000  38.948 999.000 177.168 999.000   8.069 999.000 116.548 999.000   4.385 999.000
     136     ASP  55.987 999.000  40.923 999.000 176.931 999.000   8.116 999.000 118.121 999.000   4.405 999.000
     137     HIS  57.321 999.000  31.871 999.000 175.863 999.000   7.767 999.000 114.139 999.000   4.407 999.000
     138     LEU  56.167 999.000  42.493 999.000 177.629 999.000   7.925 999.000 116.598 999.000   4.138 999.000
     139     GLU  61.693 999.000  28.137 999.000 176.135 999.000   8.776 999.000 119.689 999.000   4.018 999.000
     140     PRO  65.402 999.000  31.446 999.000 178.027 999.000-999.000-999.000 999.000 999.000   4.208 999.000
     141     TRP  60.528 999.000  29.500 999.000 177.763 999.000   7.110 999.000 118.567 999.000   4.178 999.000
     142     ILE  65.630 999.000  37.904 999.000 177.219 999.000   8.490 999.000 119.984 999.000   3.140 999.000
     143     GLN  58.995 999.000  28.066 999.000 178.577 999.000   8.351 999.000 118.063 999.000   3.974 999.000
     144     GLU  58.240 999.000  29.675 999.000 177.809 999.000   7.486 999.000 119.148 999.000   3.995 999.000
     145     ASN  54.467 999.000  39.649 999.000 175.612 999.000   7.677 999.000 115.274 999.000   4.281 999.000
     146     GLY  45.147 999.000-999.000-999.000 174.682 999.000   7.559 999.000 107.450 999.000   4.109 999.000
     147     GLY  44.259 999.000-999.000-999.000 173.650 999.000   8.299 999.000 107.575 999.000   4.140 999.000
     148     TRP  60.013 999.000  29.754 999.000 177.646 999.000   8.898 999.000 120.073 999.000   4.599 999.000
     149     ASP  56.941 999.000  39.749 999.000 178.228 999.000   8.435 999.000 119.633 999.000   4.427 999.000
     150     THR  64.723 999.000  68.571 999.000 176.133 999.000   7.641 999.000 113.696 999.000   4.108 999.000
     151     PHE  60.625 999.000  39.494 999.000 176.589 999.000   7.588 999.000 123.508 999.000   3.791 999.000
     152     VAL  65.407 999.000  31.234 999.000 177.837 999.000   7.896 999.000 117.196 999.000   3.679 999.000
     153     GLU  58.079 999.000  29.566 999.000 177.284 999.000   7.570 999.000 118.835 999.000   4.085 999.000
     154     LEU  56.311 999.000  43.343 999.000 177.019 999.000   7.115 999.000 118.417 999.000   4.070 999.000
     155     TYR  58.144 999.000  40.282 999.000 176.253 999.000   8.100 999.000 115.043 999.000   4.454 999.000
     156     GLY  44.868 999.000-999.000-999.000 174.331 999.000   7.907 999.000 106.037 999.000   4.041 999.000
     157     ASN  55.461 999.000  38.486 999.000 176.841 999.000   8.584 999.000 118.545 999.000   4.377 999.000
     158     ASN  55.024 999.000  38.197 999.000 176.544 999.000   8.234 999.000 117.067 999.000   4.522 999.000
     159     ALA  54.112 999.000  18.455 999.000 179.059 999.000   7.628 999.000 122.825 999.000   4.120 999.000
     160     ALA  53.926 999.000  18.200 999.000 179.305 999.000   7.822 999.000 120.218 999.000   4.155 999.000
     161     ALA  54.444 999.000  18.083 999.000 179.885 999.000   7.655 999.000 120.100 999.000   4.158 999.000
     162     GLU  58.578 999.000  29.219 999.000 178.800 999.000   7.779 999.000 117.519 999.000   4.140 999.000
     163     SER  60.638 999.000  63.247 999.000 176.220 999.000   7.800 999.000 114.846 999.000   4.298 999.000
     164     ARG  57.358 999.000  29.910 999.000 177.561 999.000   7.742 999.000 121.963 999.000   4.259 999.000
     165     LYS  57.224 999.000  32.330 999.000 178.026 999.000   7.761 999.000 119.020 999.000   4.236 999.000
     166     GLY  45.466 999.000-999.000-999.000 174.559 999.000   7.880 999.000 107.097 999.000   3.964 999.000
     167     GLN  56.470 999.000  29.250 999.000 176.509 999.000   7.906 999.000 119.538 999.000   4.304 999.000
     168     GLU  57.021 999.000  30.051 999.000 176.674 999.000   7.826 999.000 118.783 999.000   4.280 999.000
     169     ARG 999.000 999.000 999.000 999.000 999.000 999.000 999.000 999.000 999.000 999.000 999.000 999.000
