   index residue  pre_ca  exp_ca  pre_cb  exp_cb   pre_c   exp_c   pre_h   exp_h   pre_n   exp_n  pre_ha  exp_ha
       1     MET 999.000 999.000 999.000 999.000 999.000 999.000-999.000-999.000 999.000 999.000 999.000 999.000
       2     SER 999.000 999.000 999.000 999.000 999.000 999.000 999.000 999.000 999.000 999.000 999.000 999.000
       3     GLN  58.024 999.000  28.127 999.000 177.646 999.000   8.346 999.000 122.313 999.000   4.226 999.000
       4     SER  60.406 999.000  63.022 999.000 175.869 999.000   8.414 999.000 114.915 999.000   4.278 999.000
       5     ASN  55.718 999.000  37.644 999.000 176.849 999.000   8.097 999.000 120.944 999.000   4.512 999.000
       6     ARG  59.237 999.000  29.931 999.000 177.899 999.000   7.897 999.000 120.580 999.000   4.205 999.000
       7     GLU  59.167 999.000  29.270 999.000 179.126 999.000   7.809 999.000 119.403 999.000   4.039 999.000
       8     LEU  58.027 999.000  41.466 999.000 178.669 999.000   7.955 999.000 120.402 999.000   3.958 999.000
       9     VAL  66.585 999.000  31.354 999.000 177.624 999.000   7.831 999.000 119.474 999.000   3.697 999.000
      10     VAL  67.070 999.000  31.281 999.000 176.608 999.000   8.144 999.000 119.712 999.000   3.104 999.000
      11     ASP  57.662 999.000  40.786 999.000 177.816 999.000   8.072 999.000 119.941 999.000   4.231 999.000
      12     PHE  61.416 999.000  39.563 999.000 176.950 999.000   7.779 999.000 120.877 999.000   4.140 999.000
      13     LEU  57.937 999.000  41.049 999.000 178.470 999.000   8.522 999.000 118.321 999.000   3.906 999.000
      14     SER  62.100 999.000  62.615 999.000 176.587 999.000   8.431 999.000 115.080 999.000   4.131 999.000
      15     TYR  61.390 999.000  38.136 999.000 177.039 999.000   8.025 999.000 124.003 999.000   4.230 999.000
      16     LYS  58.882 999.000  31.476 999.000 178.921 999.000   7.915 999.000 118.367 999.000   3.766 999.000
      17     LEU  57.513 999.000  41.690 999.000 178.902 999.000   8.464 999.000 118.680 999.000   4.249 999.000
      18     SER  61.502 999.000  62.971 999.000 177.099 999.000   8.478 999.000 116.182 999.000   4.217 999.000
      19     GLN  57.951 999.000  28.370 999.000 177.123 999.000   8.102 999.000 119.769 999.000   4.053 999.000
      20     LYS  55.185 999.000  32.236 999.000 176.362 999.000   7.348 999.000 116.353 999.000   4.364 999.000
      21     GLY  45.397 999.000-999.000-999.000 174.060 999.000   7.674 999.000 107.522 999.000   3.835 999.000
      22     TYR  57.063 999.000  39.511 999.000 175.404 999.000   7.900 999.000 120.282 999.000   4.727 999.000
      23     SER  57.044 999.000  64.277 999.000 174.856 999.000   8.365 999.000 116.738 999.000   4.626 999.000
      24     TRP  59.731 999.000  29.715 999.000 177.687 999.000   9.066 999.000 126.873 999.000   4.445 999.000
      25     SER  60.922 999.000  62.512 999.000 176.038 999.000   8.302 999.000 114.509 999.000   4.079 999.000
      26     GLN  57.275 999.000  28.531 999.000 176.299 999.000   7.276 999.000 120.899 999.000   3.935 999.000
      27     PHE  57.116 999.000  39.480 999.000 175.653 999.000   7.204 999.000 116.208 999.000   4.459 999.000
      28     SER  57.492 999.000  64.851 999.000 174.108 999.000   6.826 999.000 114.384 999.000   4.339 999.000
      29     ASP  53.890 999.000  40.973 999.000 176.929 999.000   8.328 999.000 122.292 999.000   4.622 999.000
      30     VAL  64.444 999.000  31.745 999.000 177.420 999.000   8.411 999.000 120.448 999.000   3.880 999.000
      31     GLU  58.078 999.000  29.178 999.000 177.250 999.000   8.518 999.000 119.334 999.000   4.159 999.000
      32     GLU  56.612 999.000  30.297 999.000 176.703 999.000   7.821 999.000 117.173 999.000   4.270 999.000
      33     ASN  53.412 999.000  38.923 999.000 175.342 999.000   7.556 999.000 118.199 999.000   4.671 999.000
      34     ARG  55.830 999.000  30.322 999.000 176.026 999.000   8.539 999.000 124.753 999.000   4.464 999.000
      35     THR  62.657 999.000  69.495 999.000 175.279 999.000   8.048 999.000 114.166 999.000   4.226 999.000
      36     GLU  57.152 999.000  29.777 999.000 176.501 999.000   8.469 999.000 120.243 999.000   4.271 999.000
      37     ALA  50.924 999.000  18.222 999.000 175.679 999.000   7.722 999.000 123.258 999.000   4.515 999.000
      38     PRO  62.836 999.000  32.456 999.000 176.648 999.000-999.000-999.000 999.000 999.000   4.553 999.000
      39     GLU  56.163 999.000  30.236 999.000 176.772 999.000   8.471 999.000 120.823 999.000   4.213 999.000
      40     GLY  45.310 999.000-999.000-999.000 174.772 999.000   8.518 999.000 109.657 999.000   4.068 999.000
      41     THR  62.887 999.000  69.619 999.000 175.722 999.000   8.457 999.000 113.684 999.000   4.255 999.000
      42     GLU  58.212 999.000  29.268 999.000 177.500 999.000   8.595 999.000 121.638 999.000   4.194 999.000
      43     SER  59.814 999.000  63.557 999.000 175.583 999.000   7.965 999.000 114.419 999.000   4.320 999.000
      44     GLU  59.399 999.000  29.074 999.000 178.365 999.000   7.883 999.000 123.441 999.000   3.912 999.000
      45     ALA  55.026 999.000  18.385 999.000 179.547 999.000   8.042 999.000 120.127 999.000   4.160 999.000
      46     VAL  65.215 999.000  31.440 999.000 177.609 999.000   7.681 999.000 119.142 999.000   3.632 999.000
      47     LYS  60.005 999.000  32.021 999.000 178.601 999.000   8.113 999.000 120.544 999.000   3.724 999.000
      48     GLN  58.681 999.000  28.236 999.000 178.200 999.000   8.086 999.000 118.356 999.000   3.970 999.000
      49     ALA  55.153 999.000  18.181 999.000 179.421 999.000   7.759 999.000 122.240 999.000   4.026 999.000
      50     LEU  57.997 999.000  41.417 999.000 178.674 999.000   8.308 999.000 118.721 999.000   4.065 999.000
      51     ARG  59.568 999.000  29.808 999.000 178.097 999.000   8.007 999.000 119.327 999.000   3.961 999.000
      52     GLU  58.815 999.000  29.421 999.000 178.724 999.000   8.138 999.000 118.250 999.000   4.098 999.000
      53     ALA  54.916 999.000  18.231 999.000 179.427 999.000   8.343 999.000 121.773 999.000   4.076 999.000
      54     GLY  47.109 999.000-999.000-999.000 175.462 999.000   8.458 999.000 106.506 999.000   4.093 999.000
      55     ASP  56.985 999.000  40.547 999.000 177.943 999.000   8.183 999.000 121.687 999.000   4.525 999.000
      56     GLU  58.561 999.000  29.870 999.000 178.019 999.000   7.796 999.000 119.488 999.000   4.203 999.000
      57     PHE  61.809 999.000  39.241 999.000 177.235 999.000   8.429 999.000 120.702 999.000   4.195 999.000
      58     GLU  58.842 999.000  29.304 999.000 178.227 999.000   8.173 999.000 117.431 999.000   3.876 999.000
      59     LEU  56.805 999.000  42.299 999.000 178.246 999.000   7.366 999.000 119.899 999.000   4.221 999.000
      60     ARG  58.268 999.000  30.373 999.000 177.416 999.000   8.014 999.000 117.955 999.000   3.900 999.000
      61     TYR  56.266 999.000  37.376 999.000 175.685 999.000   8.150 999.000 118.497 999.000   4.772 999.000
      62     ARG  59.060 999.000  29.718 999.000 177.099 999.000   7.853 999.000 120.977 999.000   4.048 999.000
      63     ARG  57.172 999.000  30.123 999.000 176.976 999.000   8.399 999.000 117.041 999.000   4.341 999.000
      64     ALA  54.784 999.000  18.205 999.000 179.193 999.000   8.151 999.000 121.716 999.000   4.124 999.000
      65     PHE  60.309 999.000  38.596 999.000 177.092 999.000   8.040 999.000 117.486 999.000   4.537 999.000
      66     SER  61.653 999.000  62.362 999.000 176.476 999.000   7.919 999.000 116.070 999.000   4.161 999.000
      67     ASP  56.656 999.000  39.898 999.000 178.474 999.000   8.255 999.000 121.921 999.000   4.459 999.000
      68     LEU  57.583 999.000  41.968 999.000 178.451 999.000   7.759 999.000 120.753 999.000   4.070 999.000
      69     THR  64.749 999.000  68.703 999.000 176.595 999.000   8.387 999.000 110.909 999.000   4.164 999.000
      70     SER  60.393 999.000  63.335 999.000 175.346 999.000   7.854 999.000 116.732 999.000   4.307 999.000
      71     GLN  56.900 999.000  29.017 999.000 176.336 999.000   7.604 999.000 120.077 999.000   4.211 999.000
      72     LEU  54.412 999.000  42.800 999.000 175.993 999.000   7.272 999.000 120.646 999.000   4.324 999.000
      73     HIS  55.524 999.000  29.700 999.000 175.645 999.000   8.526 999.000 125.210 999.000   4.676 999.000
      74     ILE  61.252 999.000  38.481 999.000 175.309 999.000   8.031 999.000 122.747 999.000   4.338 999.000
      75     THR  58.464 999.000  69.984 999.000 173.599 999.000   8.017 999.000 116.427 999.000   4.794 999.000
      76     PRO  64.550 999.000  31.718 999.000 177.682 999.000-999.000-999.000 999.000 999.000   4.406 999.000
      77     GLY  45.033 999.000-999.000-999.000 175.007 999.000   8.390 999.000 107.372 999.000   4.131 999.000
      78     THR  63.478 999.000  69.591 999.000 174.103 999.000   7.645 999.000 117.473 999.000   4.210 999.000
      79     ALA  50.815 999.000  21.239 999.000 176.696 999.000   8.595 999.000 128.811 999.000   4.690 999.000
      80     TYR  61.373 999.000  38.093 999.000 177.395 999.000   8.804 999.000 120.750 999.000   2.945 999.000
      81     GLN  58.735 999.000  27.859 999.000 178.095 999.000   8.421 999.000 118.307 999.000   3.870 999.000
      82     SER  60.777 999.000  62.992 999.000 176.050 999.000   7.517 999.000 114.649 999.000   4.246 999.000
      83     PHE  60.963 999.000  39.362 999.000 176.644 999.000   7.240 999.000 123.534 999.000   4.163 999.000
      84     GLU  59.698 999.000  29.182 999.000 178.323 999.000   8.280 999.000 118.941 999.000   3.484 999.000
      85     GLN  58.107 999.000  28.568 999.000 177.689 999.000   7.411 999.000 116.514 999.000   4.002 999.000
      86     VAL  64.534 999.000  32.351 999.000 177.488 999.000   7.054 999.000 118.545 999.000   3.743 999.000
      87     VAL  63.728 999.000  30.952 999.000 177.146 999.000   7.378 999.000 113.455 999.000   3.473 999.000
      88     ASN  56.326 999.000  38.655 999.000 176.261 999.000   8.011 999.000 119.841 999.000   4.292 999.000
      89     GLU  58.871 999.000  29.069 999.000 177.438 999.000   7.826 999.000 118.406 999.000   4.106 999.000
      90     LEU  54.731 999.000  40.849 999.000 175.390 999.000   7.126 999.000 116.529 999.000   4.356 999.000
      91     PHE  59.251 999.000  42.071 999.000 176.294 999.000   7.696 999.000 118.241 999.000   4.279 999.000
      92     ARG  58.788 999.000  29.806 999.000 176.754 999.000   8.845 999.000 119.331 999.000   3.880 999.000
      93     ASP  53.476 999.000  40.213 999.000 176.166 999.000   8.196 999.000 116.598 999.000   4.576 999.000
      94     GLY  45.087 999.000-999.000-999.000 173.266 999.000   7.527 999.000 108.642 999.000   3.915 999.000
      95     VAL  59.963 999.000  34.161 999.000 174.279 999.000   7.648 999.000 117.551 999.000   4.187 999.000
      96     ASN  51.951 999.000  40.860 999.000 174.914 999.000   7.557 999.000 119.564 999.000   4.229 999.000
      97     TRP  60.188 999.000  30.342 999.000 178.193 999.000   8.940 999.000 119.746 999.000   4.561 999.000
      98     GLY  47.061 999.000-999.000-999.000 175.884 999.000   8.857 999.000 107.121 999.000   4.138 999.000
      99     ARG  59.017 999.000  30.226 999.000 178.156 999.000   7.998 999.000 121.317 999.000   4.232 999.000
     100     ILE  64.903 999.000  37.647 999.000 177.517 999.000   7.984 999.000 120.281 999.000   3.946 999.000
     101     VAL  66.785 999.000  31.255 999.000 176.737 999.000   8.452 999.000 119.600 999.000   3.580 999.000
     102     ALA  55.523 999.000  18.032 999.000 178.792 999.000   8.344 999.000 122.624 999.000   3.716 999.000
     103     PHE  61.041 999.000  38.618 999.000 176.876 999.000   8.058 999.000 119.428 999.000   4.233 999.000
     104     PHE  62.768 999.000  38.769 999.000 177.650 999.000   8.592 999.000 118.223 999.000   3.597 999.000
     105     SER  61.986 999.000  62.615 999.000 176.389 999.000   8.436 999.000 115.187 999.000   4.288 999.000
     106     PHE  60.344 999.000  38.664 999.000 176.758 999.000   8.755 999.000 123.001 999.000   4.324 999.000
     107     GLY  47.444 999.000-999.000-999.000 176.169 999.000   8.238 999.000 106.227 999.000   3.677 999.000
     108     GLY  47.261 999.000-999.000-999.000 175.491 999.000   8.443 999.000 109.335 999.000   4.004 999.000
     109     ALA  54.729 999.000  18.438 999.000 178.866 999.000   8.014 999.000 124.227 999.000   4.196 999.000
     110     LEU  58.052 999.000  41.631 999.000 177.578 999.000   8.419 999.000 119.497 999.000   4.044 999.000
     111     CYS 999.000 999.000 999.000 999.000 999.000 999.000 999.000 999.000 999.000 999.000   3.938 999.000
     112     VAL  66.355 999.000  31.312 999.000 177.561 999.000   7.900 999.000 120.768 999.000   3.459 999.000
     113     GLU  59.521 999.000  29.186 999.000 178.336 999.000   8.433 999.000 120.669 999.000   4.006 999.000
     114     SER  62.186 999.000  63.019 999.000 176.261 999.000   8.160 999.000 115.586 999.000   4.100 999.000
     115     VAL  64.935 999.000  31.139 999.000 177.471 999.000   7.614 999.000 119.579 999.000   3.613 999.000
     116     ASP  56.345 999.000  41.233 999.000 177.625 999.000   7.788 999.000 120.252 999.000   4.465 999.000
     117     LYS  56.325 999.000  32.033 999.000 175.976 999.000   7.738 999.000 116.489 999.000   4.231 999.000
     118     GLU  57.346 999.000  27.233 999.000 175.707 999.000   7.939 999.000 115.515 999.000   3.989 999.000
     119     MET  54.846 999.000  31.440 999.000 176.008 999.000   8.493 999.000 118.903 999.000   4.681 999.000
     120     GLN  58.520 999.000  28.359 999.000 177.396 999.000   7.973 999.000 119.375 999.000   3.850 999.000
     121     VAL  63.532 999.000  31.714 999.000 176.993 999.000   7.716 999.000 116.169 999.000   3.940 999.000
     122     LEU  57.020 999.000  41.354 999.000 178.330 999.000   7.494 999.000 120.294 999.000   3.929 999.000
     123     VAL  66.371 999.000  31.213 999.000 177.824 999.000   7.311 999.000 118.589 999.000   3.267 999.000
     124     SER  61.433 999.000  62.991 999.000 176.343 999.000   7.987 999.000 115.156 999.000   4.074 999.000
     125     ARG  58.285 999.000  29.828 999.000 178.293 999.000   6.869 999.000 122.122 999.000   3.771 999.000
     126     ILE  65.743 999.000  37.791 999.000 177.363 999.000   7.996 999.000 120.747 999.000   2.985 999.000
     127     ALA  55.414 999.000  18.104 999.000 179.151 999.000   7.699 999.000 120.705 999.000   3.942 999.000
     128     ALA  54.890 999.000  18.505 999.000 178.810 999.000   7.226 999.000 121.143 999.000   4.201 999.000
     129     TRP  58.587 999.000  28.529 999.000 178.833 999.000   8.762 999.000 120.001 999.000   4.419 999.000
     130     MET  59.929 999.000  32.828 999.000 177.721 999.000   8.689 999.000 117.410 999.000   4.529 999.000
     131     ALA  55.249 999.000  18.266 999.000 178.677 999.000   8.019 999.000 121.692 999.000   4.174 999.000
     132     THR  66.772 999.000  67.955 999.000 175.596 999.000   8.500 999.000 116.069 999.000   4.012 999.000
     133     TYR  62.012 999.000  38.600 999.000 176.775 999.000   8.696 999.000 123.194 999.000   4.251 999.000
     134     LEU  58.591 999.000  41.444 999.000 177.869 999.000   8.666 999.000 119.143 999.000   3.899 999.000
     135     ASN  56.198 999.000  39.091 999.000 177.219 999.000   7.943 999.000 116.646 999.000   4.357 999.000
     136     ASP  56.059 999.000  40.842 999.000 176.956 999.000   8.156 999.000 118.637 999.000   4.379 999.000
     137     HIS  57.226 999.000  31.903 999.000 175.925 999.000   7.842 999.000 114.093 999.000   4.239 999.000
     138     LEU  56.216 999.000  42.420 999.000 177.767 999.000   7.678 999.000 116.671 999.000   4.227 999.000
     139     GLU  61.800 999.000  28.095 999.000 176.210 999.000   8.778 999.000 119.251 999.000   3.989 999.000
     140     PRO  65.458 999.000  31.438 999.000 178.030 999.000-999.000-999.000 999.000 999.000   4.225 999.000
     141     TRP  60.585 999.000  29.498 999.000 177.815 999.000   7.237 999.000 118.721 999.000   4.246 999.000
     142     ILE  65.571 999.000  37.902 999.000 177.396 999.000   8.462 999.000 119.779 999.000   3.184 999.000
     143     GLN  58.929 999.000  28.268 999.000 178.584 999.000   8.377 999.000 118.512 999.000   3.960 999.000
     144     GLU  58.381 999.000  29.655 999.000 177.886 999.000   7.572 999.000 119.128 999.000   3.991 999.000
     145     ASN  54.175 999.000  39.286 999.000 175.378 999.000   7.703 999.000 115.390 999.000   4.370 999.000
     146     GLY  45.241 999.000-999.000-999.000 174.808 999.000   7.725 999.000 108.186 999.000   4.161 999.000
     147     GLY  44.299 999.000-999.000-999.000 173.769 999.000   8.233 999.000 107.456 999.000   4.091 999.000
     148     TRP  59.454 999.000  29.864 999.000 177.529 999.000   8.697 999.000 119.735 999.000   4.601 999.000
     149     ASP  57.082 999.000  39.742 999.000 178.279 999.000   8.380 999.000 119.340 999.000   4.409 999.000
     150     THR  65.623 999.000  68.477 999.000 176.158 999.000   7.713 999.000 116.097 999.000   4.065 999.000
     151     PHE  60.820 999.000  39.294 999.000 176.702 999.000   7.520 999.000 122.947 999.000   3.795 999.000
     152     VAL  65.633 999.000  31.360 999.000 177.854 999.000   8.097 999.000 117.993 999.000   3.657 999.000
     153     GLU  58.303 999.000  29.685 999.000 177.727 999.000   7.601 999.000 119.399 999.000   4.076 999.000
     154     LEU  56.511 999.000  42.933 999.000 177.242 999.000   7.275 999.000 117.949 999.000   4.016 999.000
     155     TYR  57.907 999.000  40.076 999.000 175.867 999.000   8.021 999.000 115.227 999.000   4.469 999.000
     156     GLY  44.757 999.000-999.000-999.000 174.352 999.000   7.691 999.000 106.402 999.000   4.037 999.000
     157     ASN  55.862 999.000  38.408 999.000 177.017 999.000   8.842 999.000 119.098 999.000   4.339 999.000
     158     ASN  55.135 999.000  38.126 999.000 176.723 999.000   8.335 999.000 117.229 999.000   4.525 999.000
     159     ALA  54.539 999.000  18.260 999.000 179.334 999.000   7.519 999.000 123.059 999.000   4.108 999.000
     160     ALA  54.620 999.000  17.997 999.000 179.625 999.000   7.749 999.000 120.607 999.000   4.126 999.000
     161     ALA  54.763 999.000  17.899 999.000 180.029 999.000   7.899 999.000 120.639 999.000   4.159 999.000
     162     GLU  58.985 999.000  29.045 999.000 179.256 999.000   7.958 999.000 118.104 999.000   4.126 999.000
     163     SER  60.959 999.000  63.079 999.000 176.784 999.000   7.978 999.000 115.492 999.000   4.286 999.000
     164     ARG  58.525 999.000  29.687 999.000 178.414 999.000   8.006 999.000 122.268 999.000   4.152 999.000
     165     LYS  58.230 999.000  31.676 999.000 178.893 999.000   7.974 999.000 119.002 999.000   4.176 999.000
     166     GLY  46.185 999.000-999.000-999.000 175.517 999.000   7.885 999.000 107.367 999.000   3.956 999.000
     167     GLN  57.173 999.000  28.910 999.000 177.232 999.000   7.730 999.000 120.261 999.000   4.233 999.000
     168     GLU  57.336 999.000  29.607 999.000 177.176 999.000   7.805 999.000 118.381 999.000   4.267 999.000
     169     ARG 999.000 999.000 999.000 999.000 999.000 999.000 999.000 999.000 999.000 999.000 999.000 999.000
