   index residue  pre_ca  exp_ca  pre_cb  exp_cb   pre_c   exp_c   pre_h   exp_h   pre_n   exp_n  pre_ha  exp_ha
       1     MET 999.000 999.000 999.000 999.000 999.000 999.000-999.000-999.000 999.000 999.000 999.000 999.000
       2     SER 999.000 999.000 999.000 999.000 999.000 999.000 999.000 999.000 999.000 999.000 999.000 999.000
       3     GLN  57.859 999.000  28.457 999.000 177.700 999.000   8.233 999.000 120.245 999.000   4.153 999.000
       4     SER  60.759 999.000  62.986 999.000 176.159 999.000   7.724 999.000 115.647 999.000   4.076 999.000
       5     ASN  55.759 999.000  38.399 999.000 176.715 999.000   8.139 999.000 120.720 999.000   4.530 999.000
       6     ARG  59.278 999.000  29.937 999.000 177.874 999.000   7.882 999.000 120.218 999.000   4.064 999.000
       7     GLU  59.065 999.000  29.224 999.000 178.886 999.000   7.813 999.000 118.893 999.000   4.005 999.000
       8     LEU  57.788 999.000  41.453 999.000 178.548 999.000   7.632 999.000 119.604 999.000   4.162 999.000
       9     VAL  66.295 999.000  31.288 999.000 177.654 999.000   7.553 999.000 119.319 999.000   3.059 999.000
      10     VAL  67.064 999.000  31.207 999.000 176.350 999.000   8.076 999.000 119.285 999.000   3.729 999.000
      11     ASP  57.509 999.000  41.156 999.000 177.488 999.000   7.871 999.000 120.084 999.000   4.423 999.000
      12     PHE  61.515 999.000  39.633 999.000 177.329 999.000   8.172 999.000 120.584 999.000   4.245 999.000
      13     LEU  58.311 999.000  41.218 999.000 178.624 999.000   8.752 999.000 118.591 999.000   4.095 999.000
      14     SER  62.321 999.000  62.558 999.000 176.511 999.000   8.549 999.000 115.093 999.000   4.361 999.000
      15     TYR  60.983 999.000  37.829 999.000 176.991 999.000   8.528 999.000 124.223 999.000   4.332 999.000
      16     LYS  58.524 999.000  31.388 999.000 179.134 999.000   8.129 999.000 118.409 999.000   3.764 999.000
      17     LEU  58.061 999.000  41.535 999.000 178.657 999.000   8.516 999.000 119.843 999.000   4.038 999.000
      18     SER  61.775 999.000  62.793 999.000 177.148 999.000   8.454 999.000 115.956 999.000   4.265 999.000
      19     GLN  57.827 999.000  28.542 999.000 177.494 999.000   8.034 999.000 120.476 999.000   4.048 999.000
      20     LYS  56.376 999.000  32.689 999.000 177.169 999.000   7.296 999.000 117.804 999.000   4.066 999.000
      21     GLY  45.550 999.000-999.000-999.000 174.032 999.000   7.514 999.000 107.756 999.000   3.985 999.000
      22     TYR  54.473 999.000  40.177 999.000 175.186 999.000   8.321 999.000 119.520 999.000   4.797 999.000
      23     SER  56.371 999.000  66.101 999.000 174.520 999.000   8.672 999.000 113.068 999.000   4.756 999.000
      24     TRP  59.893 999.000  29.732 999.000 176.487 999.000   8.559 999.000 120.994 999.000   4.197 999.000
      25     SER  58.665 999.000  64.435 999.000 173.732 999.000   8.017 999.000 111.099 999.000   4.431 999.000
      26     GLN  54.541 999.000  31.983 999.000 174.942 999.000   7.547 999.000 119.717 999.000   4.351 999.000
      27     PHE  58.004 999.000  37.743 999.000 175.636 999.000   8.358 999.000 120.730 999.000   4.026 999.000
      28     SER  57.093 999.000  65.167 999.000 174.011 999.000   7.399 999.000 113.627 999.000   4.753 999.000
      29     ASP  54.629 999.000  39.618 999.000 176.849 999.000   8.628 999.000 123.810 999.000   4.446 999.000
      30     VAL  63.055 999.000  32.079 999.000 176.394 999.000   7.843 999.000 117.697 999.000   4.020 999.000
      31     GLU  56.247 999.000  30.282 999.000 176.167 999.000   8.161 999.000 120.923 999.000   4.305 999.000
      32     GLU  56.568 999.000  30.402 999.000 176.452 999.000   8.233 999.000 120.004 999.000   4.248 999.000
      33     ASN  53.300 999.000  38.376 999.000 175.496 999.000   8.627 999.000 119.057 999.000   4.642 999.000
      34     ARG  55.886 999.000  30.704 999.000 176.317 999.000   8.117 999.000 119.909 999.000   4.351 999.000
      35     THR  61.635 999.000  70.078 999.000 174.935 999.000   8.221 999.000 115.320 999.000   4.354 999.000
      36     GLU  56.600 999.000  30.035 999.000 175.933 999.000   8.617 999.000 123.100 999.000   4.211 999.000
      37     ALA  50.890 999.000  18.218 999.000 175.618 999.000   8.273 999.000 124.849 999.000   4.422 999.000
      38     PRO  62.872 999.000  32.366 999.000 176.907 999.000-999.000-999.000 999.000 999.000   4.524 999.000
      39     GLU  56.824 999.000  29.932 999.000 177.083 999.000   8.611 999.000 121.692 999.000   4.180 999.000
      40     GLY  45.387 999.000-999.000-999.000 174.911 999.000   8.605 999.000 110.148 999.000   4.080 999.000
      41     THR  62.302 999.000  69.983 999.000 175.177 999.000   7.670 999.000 114.722 999.000   4.327 999.000
      42     GLU  58.924 999.000  29.367 999.000 177.590 999.000   9.000 999.000 123.359 999.000   4.040 999.000
      43     SER  60.853 999.000  63.182 999.000 176.017 999.000   8.450 999.000 114.167 999.000   4.360 999.000
      44     GLU  59.041 999.000  29.066 999.000 178.307 999.000   7.975 999.000 122.660 999.000   4.024 999.000
      45     ALA  54.979 999.000  18.305 999.000 179.421 999.000   7.528 999.000 120.972 999.000   3.881 999.000
      46     VAL  66.088 999.000  31.238 999.000 177.863 999.000   7.355 999.000 118.896 999.000   3.535 999.000
      47     LYS  60.250 999.000  31.992 999.000 178.798 999.000   8.044 999.000 119.639 999.000   3.908 999.000
      48     GLN  58.762 999.000  28.103 999.000 178.193 999.000   8.186 999.000 118.904 999.000   3.947 999.000
      49     ALA  54.998 999.000  18.131 999.000 179.616 999.000   7.875 999.000 122.201 999.000   4.069 999.000
      50     LEU  57.677 999.000  41.556 999.000 178.787 999.000   8.149 999.000 118.956 999.000   4.128 999.000
      51     ARG  59.596 999.000  29.735 999.000 178.733 999.000   8.024 999.000 119.175 999.000   3.908 999.000
      52     GLU  58.959 999.000  29.336 999.000 178.751 999.000   8.277 999.000 119.134 999.000   4.080 999.000
      53     ALA  54.534 999.000  18.195 999.000 179.613 999.000   8.060 999.000 121.653 999.000   4.182 999.000
      54     GLY  47.069 999.000-999.000-999.000 175.427 999.000   8.377 999.000 106.632 999.000   4.199 999.000
      55     ASP  56.279 999.000  40.506 999.000 177.679 999.000   8.087 999.000 121.454 999.000   4.601 999.000
      56     GLU  58.275 999.000  29.804 999.000 177.804 999.000   7.700 999.000 119.854 999.000   4.170 999.000
      57     PHE  60.474 999.000  39.411 999.000 176.727 999.000   8.193 999.000 119.092 999.000   4.320 999.000
      58     GLU  56.397 999.000  29.784 999.000 177.114 999.000   7.755 999.000 117.583 999.000   4.191 999.000
      59     LEU  55.268 999.000  41.919 999.000 177.069 999.000   7.849 999.000 121.628 999.000   4.214 999.000
      60     ARG  56.774 999.000  29.194 999.000 175.784 999.000   8.734 999.000 123.603 999.000   3.926 999.000
      61     TYR  58.508 999.000  35.935 999.000 175.328 999.000   7.919 999.000 116.239 999.000   4.201 999.000
      62     ARG  56.775 999.000  30.716 999.000 176.277 999.000   7.493 999.000 119.522 999.000   4.264 999.000
      63     ARG  56.557 999.000  30.763 999.000 175.880 999.000   8.137 999.000 117.512 999.000   4.208 999.000
      64     ALA  51.800 999.000  19.224 999.000 177.028 999.000   7.763 999.000 121.830 999.000   4.230 999.000
      65     PHE  57.270 999.000  38.750 999.000 176.541 999.000   8.354 999.000 118.762 999.000   4.604 999.000
      66     SER  61.465 999.000  62.627 999.000 175.783 999.000   8.764 999.000 118.438 999.000   4.182 999.000
      67     ASP  56.000 999.000  39.961 999.000 176.806 999.000   8.410 999.000 121.006 999.000   4.435 999.000
      68     LEU  55.480 999.000  43.115 999.000 177.291 999.000   7.572 999.000 117.786 999.000   4.528 999.000
      69     THR  62.590 999.000  70.289 999.000 175.163 999.000   7.715 999.000 108.740 999.000   4.389 999.000
      70     SER  59.677 999.000  64.076 999.000 174.729 999.000   8.410 999.000 115.339 999.000   4.523 999.000
      71     GLN  55.127 999.000  27.984 999.000 175.809 999.000   8.124 999.000 121.507 999.000   4.440 999.000
      72     LEU  55.069 999.000  41.843 999.000 176.656 999.000   7.698 999.000 121.301 999.000   4.292 999.000
      73     HIS  55.677 999.000  30.313 999.000 175.279 999.000   8.618 999.000 122.859 999.000   4.653 999.000
      74     ILE  60.660 999.000  38.097 999.000 176.214 999.000   8.217 999.000 124.294 999.000   4.167 999.000
      75     THR  60.356 999.000  68.921 999.000 173.981 999.000   7.918 999.000 121.845 999.000   4.073 999.000
      76     PRO  63.372 999.000  32.305 999.000 176.929 999.000-999.000-999.000 999.000 999.000   4.338 999.000
      77     GLY  44.811 999.000-999.000-999.000 174.062 999.000   8.242 999.000 108.136 999.000   4.070 999.000
      78     THR  62.416 999.000  69.820 999.000 175.024 999.000   8.131 999.000 111.589 999.000   4.139 999.000
      79     ALA  52.319 999.000  19.582 999.000 177.023 999.000   7.967 999.000 124.121 999.000   4.236 999.000
      80     TYR  58.614 999.000  38.567 999.000 176.588 999.000   8.253 999.000 115.744 999.000   4.363 999.000
      81     GLN  58.158 999.000  28.079 999.000 177.433 999.000   7.986 999.000 119.890 999.000   3.965 999.000
      82     SER  60.660 999.000  63.121 999.000 175.847 999.000   7.895 999.000 115.178 999.000   4.250 999.000
      83     PHE  60.255 999.000  38.359 999.000 177.377 999.000   7.850 999.000 123.655 999.000   4.340 999.000
      84     GLU  59.791 999.000  29.403 999.000 178.188 999.000   7.502 999.000 120.257 999.000   3.469 999.000
      85     GLN  57.466 999.000  27.992 999.000 177.475 999.000   7.588 999.000 116.147 999.000   3.965 999.000
      86     VAL  65.478 999.000  32.070 999.000 176.925 999.000   7.160 999.000 119.620 999.000   3.667 999.000
      87     VAL  62.468 999.000  32.116 999.000 176.792 999.000   7.211 999.000 113.560 999.000   3.743 999.000
      88     ASN  55.745 999.000  38.318 999.000 175.736 999.000   7.925 999.000 118.942 999.000   3.735 999.000
      89     GLU  56.351 999.000  31.091 999.000 176.698 999.000   7.701 999.000 115.688 999.000   4.315 999.000
      90     LEU  57.287 999.000  41.911 999.000 176.825 999.000   7.460 999.000 119.916 999.000   3.648 999.000
      91     PHE  57.413 999.000  39.389 999.000 176.144 999.000   7.604 999.000 112.922 999.000   4.572 999.000
      92     ARG  58.345 999.000  30.030 999.000 176.767 999.000   7.582 999.000 119.793 999.000   3.243 999.000
      93     ASP  53.957 999.000  40.899 999.000 176.102 999.000   7.749 999.000 116.014 999.000   4.494 999.000
      94     GLY  45.358 999.000-999.000-999.000 173.179 999.000   7.320 999.000 108.314 999.000   3.982 999.000
      95     VAL  61.040 999.000  30.131 999.000 175.586 999.000   8.036 999.000 117.188 999.000   4.313 999.000
      96     ASN  53.256 999.000  39.516 999.000 175.890 999.000   7.764 999.000 120.241 999.000   4.434 999.000
      97     TRP  59.678 999.000  29.071 999.000 177.356 999.000   8.465 999.000 124.809 999.000   4.277 999.000
      98     GLY  47.750 999.000-999.000-999.000 175.413 999.000   7.761 999.000 107.928 999.000   3.657 999.000
      99     ARG  59.180 999.000  30.106 999.000 178.099 999.000   7.864 999.000 120.792 999.000   4.048 999.000
     100     ILE  65.002 999.000  37.469 999.000 177.425 999.000   7.536 999.000 119.903 999.000   3.723 999.000
     101     VAL  66.819 999.000  31.143 999.000 176.825 999.000   8.490 999.000 118.970 999.000   3.117 999.000
     102     ALA  55.403 999.000  18.060 999.000 178.201 999.000   8.150 999.000 122.344 999.000   3.839 999.000
     103     PHE  60.537 999.000  39.067 999.000 176.837 999.000   7.982 999.000 119.390 999.000   4.425 999.000
     104     PHE  58.694 999.000  37.803 999.000 177.720 999.000   8.929 999.000 118.190 999.000   4.235 999.000
     105     SER  61.766 999.000  62.698 999.000 176.306 999.000   8.559 999.000 115.911 999.000   4.499 999.000
     106     PHE  60.598 999.000  38.836 999.000 176.835 999.000   8.605 999.000 123.013 999.000   4.350 999.000
     107     GLY  47.630 999.000-999.000-999.000 176.218 999.000   8.483 999.000 106.610 999.000   3.683 999.000
     108     GLY  47.277 999.000-999.000-999.000 175.447 999.000   8.589 999.000 109.767 999.000   3.957 999.000
     109     ALA  54.831 999.000  18.358 999.000 178.938 999.000   8.131 999.000 124.701 999.000   4.122 999.000
     110     LEU  58.065 999.000  41.530 999.000 178.313 999.000   8.333 999.000 119.444 999.000   3.934 999.000
     111     CYS 999.000 999.000 999.000 999.000 999.000 999.000 999.000 999.000 999.000 999.000   4.092 999.000
     112     VAL  65.086 999.000  31.984 999.000 177.236 999.000   8.038 999.000 119.373 999.000   3.864 999.000
     113     GLU  56.676 999.000  29.059 999.000 176.974 999.000   8.390 999.000 116.948 999.000   4.307 999.000
     114     SER  58.451 999.000  63.475 999.000 174.604 999.000   7.508 999.000 115.448 999.000   4.467 999.000
     115     VAL  63.334 999.000  32.363 999.000 175.693 999.000   8.181 999.000 119.664 999.000   3.957 999.000
     116     ASP  54.322 999.000  40.669 999.000 176.537 999.000   8.294 999.000 118.333 999.000   4.636 999.000
     117     LYS  55.904 999.000  33.121 999.000 176.304 999.000   7.591 999.000 120.694 999.000   4.342 999.000
     118     GLU  56.183 999.000  29.941 999.000 176.742 999.000   8.724 999.000 121.598 999.000   4.274 999.000
     119     MET  57.636 999.000  31.200 999.000 177.811 999.000   8.817 999.000 124.841 999.000   4.059 999.000
     120     GLN  57.873 999.000  28.406 999.000 176.836 999.000   8.252 999.000 117.779 999.000   4.155 999.000
     121     VAL  61.928 999.000  33.707 999.000 176.925 999.000   7.512 999.000 113.728 999.000   4.339 999.000
     122     LEU  58.574 999.000  41.637 999.000 177.782 999.000   7.984 999.000 122.087 999.000   3.939 999.000
     123     VAL  66.298 999.000  31.316 999.000 178.052 999.000   7.852 999.000 117.800 999.000   3.345 999.000
     124     SER  61.803 999.000  62.888 999.000 176.633 999.000   7.772 999.000 116.191 999.000   4.349 999.000
     125     ARG  58.939 999.000  29.906 999.000 178.501 999.000   7.934 999.000 122.388 999.000   3.996 999.000
     126     ILE  64.948 999.000  37.440 999.000 177.533 999.000   8.432 999.000 120.548 999.000   3.746 999.000
     127     ALA  55.510 999.000  18.099 999.000 179.242 999.000   8.607 999.000 121.272 999.000   3.973 999.000
     128     ALA  55.345 999.000  18.164 999.000 178.892 999.000   7.798 999.000 121.177 999.000   3.996 999.000
     129     TRP  60.294 999.000  29.781 999.000 178.691 999.000   8.315 999.000 119.323 999.000   4.228 999.000
     130     MET  59.787 999.000  32.772 999.000 177.571 999.000   8.896 999.000 118.104 999.000   4.339 999.000
     131     ALA  55.266 999.000  18.239 999.000 178.527 999.000   8.410 999.000 121.382 999.000   4.118 999.000
     132     THR  66.599 999.000  68.041 999.000 176.217 999.000   8.171 999.000 115.342 999.000   3.938 999.000
     133     TYR  59.368 999.000  38.101 999.000 177.761 999.000   8.351 999.000 120.066 999.000   4.667 999.000
     134     LEU  58.023 999.000  41.347 999.000 177.648 999.000   8.926 999.000 119.482 999.000   4.132 999.000
     135     ASN  56.333 999.000  39.032 999.000 176.880 999.000   8.090 999.000 116.400 999.000   4.444 999.000
     136     ASP  55.618 999.000  41.124 999.000 176.798 999.000   7.597 999.000 117.995 999.000   4.528 999.000
     137     HIS  56.250 999.000  31.399 999.000 174.745 999.000   8.088 999.000 113.713 999.000   4.776 999.000
     138     LEU  56.259 999.000  43.999 999.000 176.794 999.000   8.180 999.000 120.231 999.000   4.533 999.000
     139     GLU  61.739 999.000  27.882 999.000 176.334 999.000   8.591 999.000 118.207 999.000   3.996 999.000
     140     PRO  65.344 999.000  31.363 999.000 178.138 999.000-999.000-999.000 999.000 999.000   4.175 999.000
     141     TRP  58.180 999.000  30.088 999.000 178.408 999.000   7.073 999.000 116.598 999.000   4.652 999.000
     142     ILE  64.727 999.000  37.301 999.000 177.285 999.000   8.195 999.000 120.048 999.000   3.753 999.000
     143     GLN  59.029 999.000  27.758 999.000 178.695 999.000   8.332 999.000 119.026 999.000   4.094 999.000
     144     GLU  58.425 999.000  29.468 999.000 177.880 999.000   7.847 999.000 118.749 999.000   4.103 999.000
     145     ASN  54.433 999.000  39.701 999.000 175.625 999.000   7.829 999.000 115.230 999.000   4.553 999.000
     146     GLY  45.482 999.000-999.000-999.000 173.960 999.000   7.771 999.000 106.314 999.000   4.127 999.000
     147     GLY  44.799 999.000-999.000-999.000 173.448 999.000   8.307 999.000 107.740 999.000   4.131 999.000
     148     TRP  60.393 999.000  29.559 999.000 177.668 999.000   9.011 999.000 123.414 999.000   4.556 999.000
     149     ASP  57.225 999.000  39.814 999.000 177.777 999.000   8.327 999.000 119.170 999.000   4.291 999.000
     150     THR  65.003 999.000  68.440 999.000 176.108 999.000   7.700 999.000 113.508 999.000   3.980 999.000
     151     PHE  60.119 999.000  39.529 999.000 177.517 999.000   7.673 999.000 121.131 999.000   4.317 999.000
     152     VAL  65.465 999.000  31.022 999.000 177.724 999.000   7.647 999.000 117.433 999.000   3.524 999.000
     153     GLU  58.804 999.000  28.910 999.000 178.339 999.000   7.489 999.000 120.591 999.000   3.860 999.000
     154     LEU  57.285 999.000  41.639 999.000 177.920 999.000   7.142 999.000 120.074 999.000   3.650 999.000
     155     TYR  57.912 999.000  38.853 999.000 176.687 999.000   7.590 999.000 118.019 999.000   4.482 999.000
     156     GLY  45.199 999.000-999.000-999.000 174.454 999.000   7.825 999.000 106.940 999.000   3.767 999.000
     157     ASN  53.409 999.000  38.968 999.000 175.667 999.000   7.979 999.000 117.820 999.000   4.547 999.000
     158     ASN  53.920 999.000  39.112 999.000 176.004 999.000   8.137 999.000 118.320 999.000   4.552 999.000
     159     ALA  54.957 999.000  18.521 999.000 179.143 999.000   8.459 999.000 122.734 999.000   4.049 999.000
     160     ALA  54.079 999.000  18.117 999.000 179.632 999.000   7.660 999.000 120.142 999.000   4.229 999.000
     161     ALA  54.208 999.000  18.211 999.000 179.700 999.000   7.522 999.000 120.636 999.000   4.207 999.000
     162     GLU  58.800 999.000  29.186 999.000 178.988 999.000   8.018 999.000 118.096 999.000   4.069 999.000
     163     SER  60.969 999.000  63.138 999.000 176.267 999.000   7.854 999.000 114.758 999.000   4.261 999.000
     164     ARG  57.615 999.000  29.939 999.000 177.913 999.000   7.558 999.000 121.726 999.000   4.258 999.000
     165     LYS  57.188 999.000  32.272 999.000 178.098 999.000   7.772 999.000 119.141 999.000   4.235 999.000
     166     GLY  45.399 999.000-999.000-999.000 174.466 999.000   7.833 999.000 106.941 999.000   3.950 999.000
     167     GLN  56.238 999.000  29.338 999.000 176.326 999.000   7.895 999.000 119.494 999.000   4.305 999.000
     168     GLU  56.917 999.000  29.803 999.000 176.483 999.000   8.051 999.000 119.059 999.000   4.285 999.000
     169     ARG 999.000 999.000 999.000 999.000 999.000 999.000 999.000 999.000 999.000 999.000 999.000 999.000
     630     GLU 999.000 999.000 999.000 999.000 999.000 999.000-999.000-999.000 999.000 999.000 999.000 999.000
     631     GLU 999.000 999.000 999.000 999.000 999.000 999.000 999.000 999.000 999.000 999.000 999.000 999.000
     632     GLN  57.566 999.000  28.092 999.000 177.585 999.000   8.170 999.000 118.555 999.000   4.142 999.000
     633     TRP  60.417 999.000  28.847 999.000 177.774 999.000   7.946 999.000 121.196 999.000   4.287 999.000
     634     ALA  55.116 999.000  18.136 999.000 179.187 999.000   8.014 999.000 120.981 999.000   3.689 999.000
     635     ARG  59.340 999.000  29.746 999.000 178.552 999.000   8.042 999.000 118.099 999.000   3.945 999.000
     636     GLU  59.024 999.000  29.423 999.000 179.024 999.000   7.674 999.000 119.647 999.000   4.073 999.000
     637     ILE  63.784 999.000  36.671 999.000 178.032 999.000   7.949 999.000 119.624 999.000   3.580 999.000
     638     GLY  47.613 999.000-999.000-999.000 176.020 999.000   8.356 999.000 107.614 999.000   3.748 999.000
     639     ALA  54.804 999.000  18.204 999.000 178.923 999.000   7.908 999.000 124.242 999.000   4.040 999.000
     640     GLN  58.884 999.000  28.324 999.000 178.438 999.000   7.923 999.000 118.458 999.000   3.927 999.000
     641     LEU  58.173 999.000  41.335 999.000 178.686 999.000   8.555 999.000 120.237 999.000   3.925 999.000
     642     ARG  59.251 999.000  29.918 999.000 178.504 999.000   7.887 999.000 118.470 999.000   3.910 999.000
     643     ARG  58.026 999.000  30.029 999.000 178.025 999.000   7.707 999.000 118.436 999.000   4.165 999.000
     644     MET  58.167 999.000  32.914 999.000 176.836 999.000   8.283 999.000 118.823 999.000   3.888 999.000
     645     ALA  52.033 999.000  19.296 999.000 176.431 999.000   7.465 999.000 119.707 999.000   4.365 999.000
     646     ASP  53.846 999.000  41.439 999.000 175.970 999.000   7.715 999.000 117.881 999.000   4.500 999.000
     647     ASP  54.075 999.000  40.988 999.000 176.568 999.000   8.374 999.000 121.503 999.000   4.468 999.000
     648     LEU  55.600 999.000  42.056 999.000 177.035 999.000   7.881 999.000 120.182 999.000   4.117 999.000
     649     ASN  53.270 999.000  38.764 999.000 175.320 999.000   8.216 999.000 117.256 999.000   4.556 999.000
     650     ALA  52.384 999.000  19.399 999.000 177.247 999.000   7.972 999.000 121.966 999.000   4.225 999.000
     651     GLN  56.184 999.000  29.172 999.000 175.980 999.000   8.148 999.000 118.272 999.000   4.123 999.000
     652     TYR  58.219 999.000  38.671 999.000 175.491 999.000   8.268 999.000 118.581 999.000   4.514 999.000
     653     GLU  56.960 999.000  30.246 999.000 176.459 999.000   8.198 999.000 119.820 999.000   4.249 999.000
     654     ARG 999.000 999.000 999.000 999.000 999.000 999.000 999.000 999.000 999.000 999.000 999.000 999.000
