   index residue  pre_ca  exp_ca  pre_cb  exp_cb   pre_c   exp_c   pre_h   exp_h   pre_n   exp_n  pre_ha  exp_ha
       1     MET 999.000 999.000 999.000 999.000 999.000 999.000-999.000-999.000 999.000 999.000 999.000 999.000
       2     SER 999.000 999.000 999.000 999.000 999.000 999.000 999.000 999.000 999.000 999.000 999.000 999.000
       3     GLN  57.816 999.000  28.496 999.000 177.683 999.000   8.230 999.000 120.197 999.000   4.160 999.000
       4     SER  60.754 999.000  62.984 999.000 176.145 999.000   7.731 999.000 115.615 999.000   4.076 999.000
       5     ASN  55.749 999.000  38.395 999.000 176.715 999.000   8.117 999.000 120.701 999.000   4.521 999.000
       6     ARG  59.259 999.000  29.950 999.000 177.874 999.000   7.858 999.000 120.221 999.000   4.063 999.000
       7     GLU  59.059 999.000  29.221 999.000 178.876 999.000   7.800 999.000 118.894 999.000   4.004 999.000
       8     LEU  57.750 999.000  41.448 999.000 178.586 999.000   7.603 999.000 119.443 999.000   4.153 999.000
       9     VAL  66.250 999.000  31.289 999.000 177.632 999.000   7.498 999.000 119.279 999.000   3.013 999.000
      10     VAL  67.090 999.000  31.232 999.000 176.304 999.000   8.058 999.000 119.535 999.000   3.717 999.000
      11     ASP  57.568 999.000  41.221 999.000 177.446 999.000   7.885 999.000 120.074 999.000   4.409 999.000
      12     PHE  61.519 999.000  39.641 999.000 177.329 999.000   8.142 999.000 120.511 999.000   4.231 999.000
      13     LEU  58.304 999.000  41.208 999.000 178.616 999.000   8.734 999.000 118.590 999.000   4.094 999.000
      14     SER  62.317 999.000  62.557 999.000 176.508 999.000   8.547 999.000 115.107 999.000   4.359 999.000
      15     TYR  60.992 999.000  37.864 999.000 177.007 999.000   8.565 999.000 124.319 999.000   4.333 999.000
      16     LYS  58.525 999.000  31.387 999.000 179.138 999.000   8.139 999.000 118.400 999.000   3.781 999.000
      17     LEU  58.064 999.000  41.533 999.000 178.657 999.000   8.515 999.000 119.845 999.000   4.040 999.000
      18     SER  61.774 999.000  62.799 999.000 177.158 999.000   8.451 999.000 115.938 999.000   4.264 999.000
      19     GLN  57.821 999.000  28.537 999.000 177.490 999.000   8.038 999.000 120.444 999.000   4.045 999.000
      20     LYS  56.378 999.000  32.681 999.000 177.162 999.000   7.294 999.000 117.791 999.000   4.068 999.000
      21     GLY  45.547 999.000-999.000-999.000 174.036 999.000   7.510 999.000 107.739 999.000   3.983 999.000
      22     TYR  54.490 999.000  40.157 999.000 175.199 999.000   8.324 999.000 119.539 999.000   4.798 999.000
      23     SER  56.363 999.000  66.098 999.000 174.522 999.000   8.671 999.000 113.128 999.000   4.759 999.000
      24     TRP  59.870 999.000  29.722 999.000 176.482 999.000   8.537 999.000 121.002 999.000   4.205 999.000
      25     SER  58.673 999.000  64.443 999.000 173.738 999.000   8.005 999.000 111.094 999.000   4.426 999.000
      26     GLN  54.534 999.000  31.975 999.000 174.942 999.000   7.549 999.000 119.706 999.000   4.349 999.000
      27     PHE  58.052 999.000  37.754 999.000 175.631 999.000   8.355 999.000 120.737 999.000   4.037 999.000
      28     SER  57.094 999.000  65.127 999.000 174.046 999.000   7.405 999.000 113.622 999.000   4.756 999.000
      29     ASP  54.700 999.000  39.620 999.000 176.909 999.000   8.629 999.000 124.055 999.000   4.444 999.000
      30     VAL  63.152 999.000  32.057 999.000 176.467 999.000   7.825 999.000 117.665 999.000   4.014 999.000
      31     GLU  56.263 999.000  30.240 999.000 176.217 999.000   8.112 999.000 120.753 999.000   4.306 999.000
      32     GLU  56.661 999.000  30.364 999.000 176.502 999.000   8.191 999.000 119.914 999.000   4.245 999.000
      33     ASN  53.358 999.000  38.372 999.000 175.496 999.000   8.624 999.000 118.780 999.000   4.638 999.000
      34     ARG  55.886 999.000  30.689 999.000 176.321 999.000   8.089 999.000 119.846 999.000   4.347 999.000
      35     THR  61.620 999.000  70.087 999.000 174.955 999.000   8.211 999.000 115.198 999.000   4.353 999.000
      36     GLU  56.618 999.000  30.024 999.000 175.940 999.000   8.617 999.000 123.008 999.000   4.206 999.000
      37     ALA  50.903 999.000  18.220 999.000 175.634 999.000   8.258 999.000 124.813 999.000   4.420 999.000
      38     PRO  62.878 999.000  32.367 999.000 176.883 999.000-999.000-999.000 999.000 999.000   4.523 999.000
      39     GLU  56.770 999.000  29.961 999.000 177.068 999.000   8.595 999.000 121.655 999.000   4.185 999.000
      40     GLY  45.398 999.000-999.000-999.000 174.918 999.000   8.603 999.000 110.077 999.000   4.078 999.000
      41     THR  62.258 999.000  70.003 999.000 175.223 999.000   7.695 999.000 114.484 999.000   4.331 999.000
      42     GLU  58.943 999.000  29.343 999.000 177.589 999.000   8.988 999.000 122.963 999.000   4.043 999.000
      43     SER  60.798 999.000  63.215 999.000 175.985 999.000   8.430 999.000 114.150 999.000   4.371 999.000
      44     GLU  59.080 999.000  29.062 999.000 178.303 999.000   7.970 999.000 122.709 999.000   4.013 999.000
      45     ALA  54.976 999.000  18.317 999.000 179.417 999.000   7.532 999.000 120.892 999.000   3.879 999.000
      46     VAL  66.088 999.000  31.241 999.000 177.853 999.000   7.354 999.000 118.960 999.000   3.546 999.000
      47     LYS  60.257 999.000  31.993 999.000 178.794 999.000   8.076 999.000 119.610 999.000   3.906 999.000
      48     GLN  58.748 999.000  28.102 999.000 178.196 999.000   8.177 999.000 118.882 999.000   3.945 999.000
      49     ALA  54.994 999.000  18.133 999.000 179.617 999.000   7.869 999.000 122.177 999.000   4.076 999.000
      50     LEU  57.678 999.000  41.560 999.000 178.803 999.000   8.160 999.000 118.926 999.000   4.136 999.000
      51     ARG  59.574 999.000  29.723 999.000 178.708 999.000   8.028 999.000 119.257 999.000   3.937 999.000
      52     GLU  58.976 999.000  29.333 999.000 178.762 999.000   8.256 999.000 119.113 999.000   4.084 999.000
      53     ALA  54.516 999.000  18.203 999.000 179.613 999.000   8.064 999.000 121.586 999.000   4.189 999.000
      54     GLY  47.047 999.000-999.000-999.000 175.427 999.000   8.386 999.000 106.654 999.000   4.201 999.000
      55     ASP  56.312 999.000  40.464 999.000 177.703 999.000   8.129 999.000 121.510 999.000   4.591 999.000
      56     GLU  58.268 999.000  29.780 999.000 177.823 999.000   7.699 999.000 119.778 999.000   4.166 999.000
      57     PHE  60.536 999.000  39.398 999.000 176.739 999.000   8.151 999.000 119.095 999.000   4.313 999.000
      58     GLU  56.452 999.000  29.869 999.000 177.210 999.000   7.779 999.000 117.165 999.000   4.192 999.000
      59     LEU  55.393 999.000  41.868 999.000 177.023 999.000   7.790 999.000 121.601 999.000   4.187 999.000
      60     ARG  56.900 999.000  28.990 999.000 175.761 999.000   8.771 999.000 123.676 999.000   3.902 999.000
      61     TYR  58.579 999.000  35.883 999.000 175.345 999.000   7.849 999.000 115.930 999.000   4.184 999.000
      62     ARG  56.887 999.000  30.815 999.000 176.378 999.000   7.491 999.000 119.363 999.000   4.254 999.000
      63     ARG  56.478 999.000  30.711 999.000 175.841 999.000   8.064 999.000 117.355 999.000   4.203 999.000
      64     ALA  51.786 999.000  19.121 999.000 176.997 999.000   7.743 999.000 121.947 999.000   4.222 999.000
      65     PHE  57.109 999.000  39.002 999.000 176.606 999.000   8.355 999.000 119.150 999.000   4.634 999.000
      66     SER  61.451 999.000  62.629 999.000 175.791 999.000   8.853 999.000 118.744 999.000   4.176 999.000
      67     ASP  56.027 999.000  39.978 999.000 176.834 999.000   8.404 999.000 121.028 999.000   4.437 999.000
      68     LEU  55.413 999.000  43.106 999.000 177.286 999.000   7.577 999.000 117.667 999.000   4.535 999.000
      69     THR  62.598 999.000  70.274 999.000 175.163 999.000   7.703 999.000 108.783 999.000   4.391 999.000
      70     SER  59.664 999.000  64.065 999.000 174.722 999.000   8.433 999.000 115.383 999.000   4.525 999.000
      71     GLN  55.136 999.000  27.956 999.000 175.824 999.000   8.126 999.000 121.517 999.000   4.437 999.000
      72     LEU  55.031 999.000  41.831 999.000 176.682 999.000   7.709 999.000 121.265 999.000   4.290 999.000
      73     HIS  55.731 999.000  30.314 999.000 175.338 999.000   8.608 999.000 122.612 999.000   4.653 999.000
      74     ILE  60.731 999.000  38.162 999.000 176.213 999.000   8.232 999.000 124.012 999.000   4.189 999.000
      75     THR  60.387 999.000  68.897 999.000 173.996 999.000   8.041 999.000 121.844 999.000   4.043 999.000
      76     PRO  63.403 999.000  32.296 999.000 176.962 999.000-999.000-999.000 999.000 999.000   4.332 999.000
      77     GLY  44.812 999.000-999.000-999.000 174.125 999.000   8.259 999.000 108.166 999.000   4.068 999.000
      78     THR  62.390 999.000  69.842 999.000 175.038 999.000   8.112 999.000 111.696 999.000   4.142 999.000
      79     ALA  52.427 999.000  19.546 999.000 177.077 999.000   7.984 999.000 124.014 999.000   4.213 999.000
      80     TYR  58.486 999.000  38.514 999.000 176.550 999.000   8.199 999.000 115.530 999.000   4.358 999.000
      81     GLN  58.143 999.000  28.139 999.000 177.402 999.000   7.959 999.000 119.935 999.000   3.977 999.000
      82     SER  60.611 999.000  63.142 999.000 175.814 999.000   7.898 999.000 115.046 999.000   4.250 999.000
      83     PHE  60.325 999.000  38.344 999.000 177.388 999.000   7.828 999.000 123.531 999.000   4.332 999.000
      84     GLU  59.806 999.000  29.401 999.000 178.190 999.000   7.495 999.000 120.269 999.000   3.478 999.000
      85     GLN  57.495 999.000  28.013 999.000 177.463 999.000   7.580 999.000 116.149 999.000   3.967 999.000
      86     VAL  65.474 999.000  32.068 999.000 176.951 999.000   7.158 999.000 119.623 999.000   3.671 999.000
      87     VAL  62.545 999.000  32.079 999.000 176.838 999.000   7.268 999.000 113.515 999.000   3.755 999.000
      88     ASN  55.698 999.000  38.228 999.000 175.757 999.000   7.926 999.000 118.868 999.000   3.758 999.000
      89     GLU  56.407 999.000  31.062 999.000 176.727 999.000   7.692 999.000 115.788 999.000   4.314 999.000
      90     LEU  57.275 999.000  41.896 999.000 176.852 999.000   7.451 999.000 119.863 999.000   3.665 999.000
      91     PHE  57.475 999.000  39.367 999.000 176.161 999.000   7.573 999.000 112.967 999.000   4.562 999.000
      92     ARG  58.359 999.000  29.992 999.000 176.846 999.000   7.597 999.000 119.854 999.000   3.288 999.000
      93     ASP  54.014 999.000  40.874 999.000 176.132 999.000   7.736 999.000 115.892 999.000   4.491 999.000
      94     GLY  45.318 999.000-999.000-999.000 173.186 999.000   7.284 999.000 108.335 999.000   3.972 999.000
      95     VAL  61.144 999.000  30.059 999.000 175.595 999.000   7.995 999.000 117.377 999.000   4.273 999.000
      96     ASN  53.158 999.000  39.459 999.000 175.883 999.000   7.778 999.000 120.286 999.000   4.424 999.000
      97     TRP  59.685 999.000  29.111 999.000 177.404 999.000   8.443 999.000 124.889 999.000   4.282 999.000
      98     GLY  47.738 999.000-999.000-999.000 175.435 999.000   7.840 999.000 107.909 999.000   3.723 999.000
      99     ARG  59.212 999.000  30.093 999.000 178.077 999.000   7.880 999.000 120.600 999.000   4.059 999.000
     100     ILE  64.995 999.000  37.477 999.000 177.414 999.000   7.524 999.000 119.905 999.000   3.714 999.000
     101     VAL  66.825 999.000  31.156 999.000 176.796 999.000   8.487 999.000 118.988 999.000   3.101 999.000
     102     ALA  55.421 999.000  18.056 999.000 178.193 999.000   8.151 999.000 122.396 999.000   3.808 999.000
     103     PHE  60.529 999.000  39.063 999.000 176.855 999.000   7.967 999.000 119.422 999.000   4.426 999.000
     104     PHE  58.584 999.000  37.782 999.000 177.715 999.000   8.928 999.000 118.200 999.000   4.243 999.000
     105     SER  61.779 999.000  62.688 999.000 176.316 999.000   8.535 999.000 115.980 999.000   4.492 999.000
     106     PHE  60.559 999.000  38.818 999.000 176.825 999.000   8.619 999.000 122.962 999.000   4.360 999.000
     107     GLY  47.620 999.000-999.000-999.000 176.223 999.000   8.468 999.000 106.611 999.000   3.679 999.000
     108     GLY  47.285 999.000-999.000-999.000 175.447 999.000   8.628 999.000 109.785 999.000   3.964 999.000
     109     ALA  54.830 999.000  18.357 999.000 178.950 999.000   8.127 999.000 124.679 999.000   4.130 999.000
     110     LEU  58.064 999.000  41.540 999.000 178.333 999.000   8.327 999.000 119.389 999.000   3.939 999.000
     111     CYS 999.000 999.000 999.000 999.000 999.000 999.000 999.000 999.000 999.000 999.000   4.097 999.000
     112     VAL  65.046 999.000  31.982 999.000 177.233 999.000   8.047 999.000 119.282 999.000   3.866 999.000
     113     GLU  56.737 999.000  29.072 999.000 176.994 999.000   8.383 999.000 117.032 999.000   4.302 999.000
     114     SER  58.430 999.000  63.495 999.000 174.608 999.000   7.517 999.000 115.395 999.000   4.476 999.000
     115     VAL  63.378 999.000  32.366 999.000 175.686 999.000   8.180 999.000 119.850 999.000   3.954 999.000
     116     ASP  54.289 999.000  40.539 999.000 176.513 999.000   8.300 999.000 118.016 999.000   4.634 999.000
     117     LYS  55.927 999.000  33.102 999.000 176.302 999.000   7.596 999.000 120.825 999.000   4.343 999.000
     118     GLU  56.169 999.000  29.888 999.000 176.733 999.000   8.718 999.000 121.518 999.000   4.277 999.000
     119     MET  57.632 999.000  31.200 999.000 177.795 999.000   8.800 999.000 124.658 999.000   4.063 999.000
     120     GLN  57.866 999.000  28.410 999.000 176.829 999.000   8.245 999.000 117.799 999.000   4.156 999.000
     121     VAL  61.925 999.000  33.715 999.000 176.913 999.000   7.515 999.000 113.707 999.000   4.340 999.000
     122     LEU  58.584 999.000  41.655 999.000 177.793 999.000   7.974 999.000 122.097 999.000   3.939 999.000
     123     VAL  66.289 999.000  31.317 999.000 178.051 999.000   7.852 999.000 117.766 999.000   3.354 999.000
     124     SER  61.798 999.000  62.890 999.000 176.629 999.000   7.766 999.000 116.208 999.000   4.345 999.000
     125     ARG  58.974 999.000  29.945 999.000 178.502 999.000   7.955 999.000 122.404 999.000   3.998 999.000
     126     ILE  65.002 999.000  37.486 999.000 177.518 999.000   8.430 999.000 120.577 999.000   3.747 999.000
     127     ALA  55.500 999.000  18.102 999.000 179.245 999.000   8.594 999.000 121.226 999.000   3.971 999.000
     128     ALA  55.341 999.000  18.167 999.000 178.891 999.000   7.805 999.000 121.195 999.000   3.996 999.000
     129     TRP  60.313 999.000  29.766 999.000 178.695 999.000   8.320 999.000 119.316 999.000   4.233 999.000
     130     MET  59.814 999.000  32.784 999.000 177.580 999.000   8.880 999.000 118.020 999.000   4.352 999.000
     131     ALA  55.274 999.000  18.233 999.000 178.537 999.000   8.410 999.000 121.446 999.000   4.123 999.000
     132     THR  66.602 999.000  68.037 999.000 176.212 999.000   8.189 999.000 115.317 999.000   3.934 999.000
     133     TYR  59.429 999.000  38.128 999.000 177.773 999.000   8.318 999.000 120.030 999.000   4.666 999.000
     134     LEU  58.018 999.000  41.346 999.000 177.635 999.000   8.935 999.000 119.493 999.000   4.130 999.000
     135     ASN  56.338 999.000  39.027 999.000 176.891 999.000   8.112 999.000 116.430 999.000   4.441 999.000
     136     ASP  55.620 999.000  41.109 999.000 176.801 999.000   7.599 999.000 118.000 999.000   4.529 999.000
     137     HIS  56.279 999.000  31.430 999.000 174.769 999.000   8.074 999.000 113.709 999.000   4.764 999.000
     138     LEU  56.265 999.000  43.965 999.000 176.819 999.000   8.184 999.000 120.182 999.000   4.527 999.000
     139     GLU  61.725 999.000  27.886 999.000 176.326 999.000   8.592 999.000 118.225 999.000   4.001 999.000
     140     PRO  65.371 999.000  31.360 999.000 178.161 999.000-999.000-999.000 999.000 999.000   4.177 999.000
     141     TRP  58.247 999.000  30.068 999.000 178.431 999.000   7.078 999.000 116.679 999.000   4.642 999.000
     142     ILE  64.775 999.000  37.250 999.000 177.298 999.000   8.184 999.000 120.052 999.000   3.746 999.000
     143     GLN  59.037 999.000  27.762 999.000 178.719 999.000   8.350 999.000 118.992 999.000   4.102 999.000
     144     GLU  58.437 999.000  29.482 999.000 177.913 999.000   7.853 999.000 118.799 999.000   4.103 999.000
     145     ASN  54.497 999.000  39.705 999.000 175.670 999.000   7.865 999.000 115.278 999.000   4.541 999.000
     146     GLY  45.513 999.000-999.000-999.000 173.932 999.000   7.786 999.000 106.246 999.000   4.126 999.000
     147     GLY  44.761 999.000-999.000-999.000 173.451 999.000   8.314 999.000 107.676 999.000   4.142 999.000
     148     TRP  60.381 999.000  29.563 999.000 177.659 999.000   9.014 999.000 123.377 999.000   4.558 999.000
     149     ASP  57.229 999.000  39.825 999.000 177.776 999.000   8.334 999.000 119.219 999.000   4.295 999.000
     150     THR  65.069 999.000  68.429 999.000 176.096 999.000   7.722 999.000 113.739 999.000   3.982 999.000
     151     PHE  60.152 999.000  39.550 999.000 177.536 999.000   7.679 999.000 121.066 999.000   4.329 999.000
     152     VAL  65.568 999.000  31.038 999.000 177.708 999.000   7.676 999.000 117.610 999.000   3.518 999.000
     153     GLU  58.854 999.000  28.900 999.000 178.390 999.000   7.506 999.000 120.554 999.000   3.851 999.000
     154     LEU  57.310 999.000  41.649 999.000 177.900 999.000   7.140 999.000 120.054 999.000   3.617 999.000
     155     TYR  58.034 999.000  38.917 999.000 176.817 999.000   7.608 999.000 117.713 999.000   4.476 999.000
     156     GLY  45.232 999.000-999.000-999.000 174.452 999.000   7.845 999.000 106.630 999.000   3.784 999.000
     157     ASN  53.284 999.000  39.030 999.000 175.681 999.000   7.982 999.000 117.761 999.000   4.564 999.000
     158     ASN  54.191 999.000  38.935 999.000 176.136 999.000   8.189 999.000 118.715 999.000   4.520 999.000
     159     ALA  54.895 999.000  18.507 999.000 179.152 999.000   8.386 999.000 122.545 999.000   4.067 999.000
     160     ALA  54.072 999.000  18.119 999.000 179.631 999.000   7.634 999.000 120.172 999.000   4.227 999.000
     161     ALA  54.190 999.000  18.197 999.000 179.712 999.000   7.526 999.000 120.551 999.000   4.200 999.000
     162     GLU  58.770 999.000  29.187 999.000 178.974 999.000   7.989 999.000 118.058 999.000   4.080 999.000
     163     SER  60.964 999.000  63.129 999.000 176.301 999.000   7.844 999.000 114.817 999.000   4.263 999.000
     164     ARG  57.618 999.000  29.896 999.000 177.911 999.000   7.578 999.000 121.727 999.000   4.254 999.000
     165     LYS  57.183 999.000  32.276 999.000 178.141 999.000   7.749 999.000 119.078 999.000   4.235 999.000
     166     GLY  45.417 999.000-999.000-999.000 174.507 999.000   7.830 999.000 106.903 999.000   3.955 999.000
     167     GLN  56.321 999.000  29.291 999.000 176.409 999.000   7.866 999.000 119.539 999.000   4.297 999.000
     168     GLU  56.949 999.000  29.773 999.000 176.528 999.000   7.980 999.000 118.902 999.000   4.286 999.000
     169     ARG 999.000 999.000 999.000 999.000 999.000 999.000 999.000 999.000 999.000 999.000 999.000 999.000
     630     GLU 999.000 999.000 999.000 999.000 999.000 999.000-999.000-999.000 999.000 999.000 999.000 999.000
     631     GLU 999.000 999.000 999.000 999.000 999.000 999.000 999.000 999.000 999.000 999.000 999.000 999.000
     632     GLN  57.460 999.000  28.085 999.000 177.518 999.000   8.156 999.000 118.642 999.000   4.141 999.000
     633     TRP  60.334 999.000  28.884 999.000 177.780 999.000   7.940 999.000 121.149 999.000   4.286 999.000
     634     ALA  55.067 999.000  18.141 999.000 179.179 999.000   7.942 999.000 120.971 999.000   3.711 999.000
     635     ARG  59.333 999.000  29.742 999.000 178.551 999.000   8.041 999.000 118.071 999.000   3.946 999.000
     636     GLU  59.017 999.000  29.408 999.000 179.030 999.000   7.677 999.000 119.602 999.000   4.073 999.000
     637     ILE  63.859 999.000  36.723 999.000 178.030 999.000   7.920 999.000 119.608 999.000   3.588 999.000
     638     GLY  47.617 999.000-999.000-999.000 176.017 999.000   8.360 999.000 107.627 999.000   3.749 999.000
     639     ALA  54.805 999.000  18.200 999.000 178.931 999.000   7.927 999.000 124.231 999.000   4.045 999.000
     640     GLN  58.870 999.000  28.316 999.000 178.420 999.000   7.908 999.000 118.460 999.000   3.918 999.000
     641     LEU  58.163 999.000  41.323 999.000 178.699 999.000   8.565 999.000 120.240 999.000   3.937 999.000
     642     ARG  59.307 999.000  29.914 999.000 178.532 999.000   7.918 999.000 118.477 999.000   3.911 999.000
     643     ARG  58.083 999.000  30.009 999.000 178.078 999.000   7.730 999.000 118.522 999.000   4.165 999.000
     644     MET  58.187 999.000  32.901 999.000 176.888 999.000   8.298 999.000 118.790 999.000   3.956 999.000
     645     ALA  52.186 999.000  19.276 999.000 176.528 999.000   7.478 999.000 119.591 999.000   4.347 999.000
     646     ASP  53.899 999.000  41.447 999.000 175.935 999.000   7.666 999.000 117.623 999.000   4.499 999.000
     647     ASP  54.134 999.000  41.024 999.000 176.604 999.000   8.390 999.000 121.882 999.000   4.468 999.000
     648     LEU  55.714 999.000  42.029 999.000 177.024 999.000   7.871 999.000 119.998 999.000   4.110 999.000
     649     ASN  53.314 999.000  38.783 999.000 175.362 999.000   8.176 999.000 117.037 999.000   4.555 999.000
     650     ALA  52.405 999.000  19.373 999.000 177.290 999.000   7.945 999.000 121.856 999.000   4.229 999.000
     651     GLN  56.294 999.000  29.115 999.000 176.050 999.000   8.123 999.000 118.180 999.000   4.110 999.000
     652     TYR  58.271 999.000  38.591 999.000 175.492 999.000   8.243 999.000 118.250 999.000   4.508 999.000
     653     GLU  56.965 999.000  30.250 999.000 176.488 999.000   8.140 999.000 119.743 999.000   4.249 999.000
     654     ARG 999.000 999.000 999.000 999.000 999.000 999.000 999.000 999.000 999.000 999.000 999.000 999.000
