   index residue  pre_ca  exp_ca  pre_cb  exp_cb   pre_c   exp_c   pre_h   exp_h   pre_n   exp_n  pre_ha  exp_ha
       1     MET 999.000 999.000 999.000 999.000 999.000 999.000-999.000-999.000 999.000 999.000 999.000 999.000
       2     SER 999.000 999.000 999.000 999.000 999.000 999.000 999.000 999.000 999.000 999.000 999.000 999.000
       3     GLN  57.517 999.000  28.131 999.000 177.548 999.000   8.826 999.000 122.276 999.000   4.263 999.000
       4     SER  61.236 999.000  62.862 999.000 175.930 999.000   8.757 999.000 114.715 999.000   4.164 999.000
       5     ASN  55.247 999.000  38.533 999.000 176.574 999.000   8.041 999.000 119.837 999.000   4.694 999.000
       6     ARG  59.464 999.000  29.821 999.000 177.948 999.000   7.924 999.000 121.456 999.000   4.122 999.000
       7     GLU  59.152 999.000  29.126 999.000 178.929 999.000   8.156 999.000 118.790 999.000   3.984 999.000
       8     LEU  57.683 999.000  41.593 999.000 178.609 999.000   7.392 999.000 119.471 999.000   4.001 999.000
       9     VAL  66.487 999.000  31.399 999.000 177.577 999.000   7.697 999.000 119.388 999.000   3.660 999.000
      10     VAL  67.069 999.000  31.231 999.000 176.433 999.000   8.465 999.000 119.176 999.000   3.106 999.000
      11     ASP  57.625 999.000  41.122 999.000 177.605 999.000   7.655 999.000 120.087 999.000   4.219 999.000
      12     PHE  61.415 999.000  39.595 999.000 176.992 999.000   7.685 999.000 120.565 999.000   4.172 999.000
      13     LEU  58.139 999.000  41.074 999.000 178.546 999.000   8.550 999.000 118.126 999.000   3.915 999.000
      14     SER  62.099 999.000  62.576 999.000 176.453 999.000   8.086 999.000 115.058 999.000   4.113 999.000
      15     TYR  61.115 999.000  37.875 999.000 176.972 999.000   7.957 999.000 123.948 999.000   4.251 999.000
      16     LYS  58.590 999.000  31.382 999.000 178.959 999.000   7.878 999.000 118.234 999.000   3.688 999.000
      17     LEU  57.630 999.000  41.671 999.000 178.829 999.000   8.416 999.000 118.935 999.000   4.221 999.000
      18     SER  61.552 999.000  62.943 999.000 177.078 999.000   8.438 999.000 115.859 999.000   4.232 999.000
      19     GLN  57.917 999.000  28.470 999.000 177.205 999.000   7.982 999.000 119.944 999.000   4.057 999.000
      20     LYS  55.668 999.000  32.397 999.000 176.561 999.000   7.330 999.000 116.803 999.000   4.265 999.000
      21     GLY  45.426 999.000-999.000-999.000 174.036 999.000   7.578 999.000 107.674 999.000   3.829 999.000
      22     TYR  56.645 999.000  39.512 999.000 175.531 999.000   7.909 999.000 120.279 999.000   4.808 999.000
      23     SER  57.143 999.000  64.312 999.000 174.970 999.000   8.277 999.000 117.061 999.000   4.622 999.000
      24     TRP  59.582 999.000  29.895 999.000 177.545 999.000   9.115 999.000 126.706 999.000   4.581 999.000
      25     SER  61.219 999.000  62.450 999.000 176.145 999.000   8.426 999.000 114.714 999.000   4.075 999.000
      26     GLN  57.479 999.000  28.705 999.000 176.295 999.000   7.328 999.000 120.711 999.000   3.921 999.000
      27     PHE  57.569 999.000  40.318 999.000 176.070 999.000   7.247 999.000 115.944 999.000   4.373 999.000
      28     SER  57.587 999.000  64.865 999.000 174.105 999.000   7.094 999.000 114.493 999.000   4.253 999.000
      29     ASP  53.460 999.000  40.471 999.000 177.019 999.000   8.443 999.000 122.528 999.000   4.627 999.000
      30     VAL  64.216 999.000  31.704 999.000 177.346 999.000   8.159 999.000 120.663 999.000   3.867 999.000
      31     GLU  57.971 999.000  29.242 999.000 177.435 999.000   8.339 999.000 119.671 999.000   4.162 999.000
      32     GLU  57.082 999.000  30.279 999.000 177.106 999.000   7.792 999.000 117.664 999.000   4.232 999.000
      33     ASN  53.157 999.000  38.724 999.000 175.549 999.000   7.669 999.000 117.674 999.000   4.701 999.000
      34     ARG  56.121 999.000  30.679 999.000 176.588 999.000   8.297 999.000 121.341 999.000   4.391 999.000
      35     THR  62.105 999.000  69.778 999.000 174.832 999.000   8.025 999.000 113.533 999.000   4.332 999.000
      36     GLU  56.469 999.000  30.342 999.000 175.792 999.000   8.536 999.000 121.953 999.000   4.297 999.000
      37     ALA  50.826 999.000  18.369 999.000 175.568 999.000   8.159 999.000 123.283 999.000   4.506 999.000
      38     PRO  63.208 999.000  32.277 999.000 176.657 999.000-999.000-999.000 999.000 999.000   4.528 999.000
      39     GLU  56.164 999.000  30.552 999.000 176.784 999.000   8.459 999.000 119.438 999.000   4.286 999.000
      40     GLY  45.161 999.000-999.000-999.000 174.613 999.000   8.490 999.000 109.171 999.000   4.062 999.000
      41     THR  61.570 999.000  70.471 999.000 174.962 999.000   8.133 999.000 112.907 999.000   4.442 999.000
      42     GLU  57.688 999.000  29.469 999.000 177.053 999.000   8.873 999.000 122.049 999.000   4.248 999.000
      43     SER  59.587 999.000  63.475 999.000 175.509 999.000   8.340 999.000 114.494 999.000   4.313 999.000
      44     GLU  59.412 999.000  29.007 999.000 178.352 999.000   8.065 999.000 123.278 999.000   3.943 999.000
      45     ALA  54.847 999.000  18.325 999.000 179.638 999.000   8.001 999.000 120.377 999.000   4.185 999.000
      46     VAL  65.820 999.000  31.380 999.000 177.827 999.000   7.446 999.000 119.310 999.000   3.656 999.000
      47     LYS  60.151 999.000  32.021 999.000 178.904 999.000   8.185 999.000 119.680 999.000   3.740 999.000
      48     GLN  58.746 999.000  28.271 999.000 178.211 999.000   8.117 999.000 118.608 999.000   3.963 999.000
      49     ALA  55.086 999.000  18.169 999.000 179.530 999.000   7.835 999.000 122.402 999.000   4.070 999.000
      50     LEU  58.094 999.000  41.523 999.000 178.773 999.000   8.496 999.000 118.868 999.000   4.093 999.000
      51     ARG  59.719 999.000  29.733 999.000 178.434 999.000   7.994 999.000 118.913 999.000   3.908 999.000
      52     GLU  59.070 999.000  29.198 999.000 178.902 999.000   8.126 999.000 118.876 999.000   4.131 999.000
      53     ALA  54.852 999.000  18.203 999.000 179.435 999.000   8.466 999.000 121.666 999.000   4.206 999.000
      54     GLY  47.323 999.000-999.000-999.000 175.529 999.000   8.584 999.000 106.565 999.000   4.123 999.000
      55     ASP  56.822 999.000  40.392 999.000 178.019 999.000   8.338 999.000 121.952 999.000   4.610 999.000
      56     GLU  58.910 999.000  29.634 999.000 178.316 999.000   7.814 999.000 120.480 999.000   4.204 999.000
      57     PHE  61.856 999.000  38.987 999.000 177.919 999.000   8.721 999.000 119.626 999.000   4.255 999.000
      58     GLU  58.906 999.000  29.397 999.000 178.343 999.000   8.278 999.000 118.514 999.000   4.231 999.000
      59     LEU  56.947 999.000  42.466 999.000 177.938 999.000   7.524 999.000 120.021 999.000   4.245 999.000
      60     ARG  57.462 999.000  31.094 999.000 176.807 999.000   8.056 999.000 115.831 999.000   4.002 999.000
      61     TYR  56.373 999.000  37.978 999.000 175.642 999.000   7.961 999.000 117.808 999.000   4.767 999.000
      62     ARG  58.696 999.000  30.086 999.000 177.291 999.000   7.979 999.000 120.875 999.000   3.842 999.000
      63     ARG  57.094 999.000  29.852 999.000 177.326 999.000   8.250 999.000 117.320 999.000   4.245 999.000
      64     ALA  54.255 999.000  18.541 999.000 178.034 999.000   7.747 999.000 121.048 999.000   4.144 999.000
      65     PHE  57.900 999.000  39.707 999.000 176.456 999.000   7.540 999.000 113.207 999.000   4.754 999.000
      66     SER  61.312 999.000  62.534 999.000 176.274 999.000   8.070 999.000 116.715 999.000   4.205 999.000
      67     ASP  56.180 999.000  39.946 999.000 178.183 999.000   7.852 999.000 122.031 999.000   4.499 999.000
      68     LEU  57.529 999.000  41.657 999.000 178.699 999.000   7.514 999.000 120.014 999.000   4.026 999.000
      69     THR  65.206 999.000  68.645 999.000 176.742 999.000   8.231 999.000 112.146 999.000   4.225 999.000
      70     SER  60.456 999.000  63.416 999.000 175.712 999.000   7.824 999.000 116.854 999.000   4.346 999.000
      71     GLN  57.227 999.000  28.921 999.000 177.041 999.000   7.563 999.000 120.951 999.000   4.233 999.000
      72     LEU  54.738 999.000  42.174 999.000 176.314 999.000   7.241 999.000 120.786 999.000   4.278 999.000
      73     HIS  55.841 999.000  29.879 999.000 175.360 999.000   8.594 999.000 125.378 999.000   4.634 999.000
      74     ILE  60.909 999.000  38.800 999.000 175.174 999.000   8.058 999.000 123.909 999.000   4.433 999.000
      75     THR  58.465 999.000  69.974 999.000 173.733 999.000   8.000 999.000 116.910 999.000   4.792 999.000
      76     PRO  64.678 999.000  31.640 999.000 177.525 999.000-999.000-999.000 999.000 999.000   4.415 999.000
      77     GLY  45.071 999.000-999.000-999.000 175.046 999.000   8.334 999.000 107.536 999.000   4.135 999.000
      78     THR  63.607 999.000  69.498 999.000 174.187 999.000   7.695 999.000 117.703 999.000   4.232 999.000
      79     ALA  50.880 999.000  21.093 999.000 176.805 999.000   8.620 999.000 128.777 999.000   4.690 999.000
      80     TYR  61.066 999.000  38.039 999.000 177.294 999.000   8.881 999.000 120.762 999.000   3.098 999.000
      81     GLN  58.784 999.000  27.706 999.000 178.214 999.000   8.440 999.000 118.121 999.000   3.832 999.000
      82     SER  60.813 999.000  62.923 999.000 176.052 999.000   7.586 999.000 114.620 999.000   4.263 999.000
      83     PHE  60.894 999.000  39.358 999.000 176.618 999.000   7.149 999.000 123.609 999.000   4.180 999.000
      84     GLU  59.918 999.000  29.347 999.000 178.338 999.000   8.537 999.000 119.213 999.000   3.594 999.000
      85     GLN  58.554 999.000  28.282 999.000 178.404 999.000   7.587 999.000 117.367 999.000   3.971 999.000
      86     VAL  65.084 999.000  31.898 999.000 177.748 999.000   7.063 999.000 119.328 999.000   3.691 999.000
      87     VAL  65.712 999.000  31.157 999.000 177.744 999.000   7.723 999.000 119.160 999.000   3.298 999.000
      88     ASN  55.913 999.000  37.733 999.000 177.398 999.000   8.470 999.000 118.078 999.000   4.306 999.000
      89     GLU  58.393 999.000  29.624 999.000 178.049 999.000   7.318 999.000 119.657 999.000   4.063 999.000
      90     LEU  57.136 999.000  41.990 999.000 177.300 999.000   7.372 999.000 119.690 999.000   3.910 999.000
      91     PHE  58.520 999.000  38.740 999.000 176.139 999.000   7.674 999.000 114.594 999.000   4.479 999.000
      92     ARG  58.648 999.000  29.806 999.000 176.799 999.000   7.523 999.000 120.356 999.000   3.958 999.000
      93     ASP  53.833 999.000  40.740 999.000 176.284 999.000   8.113 999.000 116.831 999.000   4.629 999.000
      94     GLY  44.638 999.000-999.000-999.000 173.351 999.000   7.555 999.000 107.900 999.000   4.085 999.000
      95     VAL  62.223 999.000  32.414 999.000 175.283 999.000   8.007 999.000 119.755 999.000   3.878 999.000
      96     ASN  51.988 999.000  41.137 999.000 174.581 999.000   7.699 999.000 122.233 999.000   4.293 999.000
      97     TRP  60.110 999.000  30.405 999.000 178.156 999.000   8.911 999.000 120.616 999.000   4.539 999.000
      98     GLY  47.122 999.000-999.000-999.000 175.980 999.000   8.890 999.000 106.971 999.000   4.149 999.000
      99     ARG  58.756 999.000  29.798 999.000 178.291 999.000   8.056 999.000 121.469 999.000   4.155 999.000
     100     ILE  65.363 999.000  37.704 999.000 177.587 999.000   8.005 999.000 120.727 999.000   4.048 999.000
     101     VAL  66.949 999.000  31.291 999.000 176.748 999.000   8.348 999.000 119.481 999.000   3.439 999.000
     102     ALA  55.525 999.000  18.048 999.000 178.712 999.000   8.234 999.000 122.678 999.000   3.894 999.000
     103     PHE  60.729 999.000  38.476 999.000 176.915 999.000   8.297 999.000 119.637 999.000   4.232 999.000
     104     PHE  62.677 999.000  38.775 999.000 177.645 999.000   8.675 999.000 118.499 999.000   3.599 999.000
     105     SER  61.950 999.000  62.639 999.000 176.447 999.000   8.367 999.000 115.356 999.000   4.158 999.000
     106     PHE  60.137 999.000  38.379 999.000 176.816 999.000   8.760 999.000 123.649 999.000   4.257 999.000
     107     GLY  47.550 999.000-999.000-999.000 176.220 999.000   8.206 999.000 106.647 999.000   3.618 999.000
     108     GLY  47.333 999.000-999.000-999.000 175.497 999.000   8.453 999.000 109.673 999.000   3.933 999.000
     109     ALA  54.874 999.000  18.334 999.000 178.967 999.000   8.179 999.000 124.566 999.000   4.159 999.000
     110     LEU  58.006 999.000  41.646 999.000 177.604 999.000   8.545 999.000 119.736 999.000   4.110 999.000
     111     CYS 999.000 999.000 999.000 999.000 999.000 999.000 999.000 999.000 999.000 999.000   3.933 999.000
     112     VAL  66.431 999.000  31.279 999.000 177.539 999.000   8.048 999.000 120.174 999.000   3.487 999.000
     113     GLU  59.497 999.000  29.072 999.000 178.467 999.000   8.371 999.000 120.436 999.000   4.011 999.000
     114     SER  62.097 999.000  63.028 999.000 176.315 999.000   8.158 999.000 115.649 999.000   4.102 999.000
     115     VAL  65.259 999.000  31.246 999.000 177.624 999.000   7.597 999.000 120.827 999.000   3.598 999.000
     116     ASP  56.379 999.000  41.169 999.000 177.697 999.000   7.899 999.000 119.952 999.000   4.434 999.000
     117     LYS  56.493 999.000  32.149 999.000 176.020 999.000   7.837 999.000 116.606 999.000   4.215 999.000
     118     GLU  57.422 999.000  27.215 999.000 175.570 999.000   7.921 999.000 115.556 999.000   4.017 999.000
     119     MET  54.753 999.000  31.991 999.000 176.118 999.000   8.426 999.000 118.919 999.000   4.731 999.000
     120     GLN  58.792 999.000  27.890 999.000 177.610 999.000   7.961 999.000 119.789 999.000   3.881 999.000
     121     VAL  64.128 999.000  31.545 999.000 177.277 999.000   7.648 999.000 118.172 999.000   3.860 999.000
     122     LEU  56.926 999.000  41.318 999.000 178.151 999.000   7.807 999.000 119.854 999.000   3.939 999.000
     123     VAL  66.650 999.000  31.267 999.000 177.776 999.000   7.443 999.000 118.788 999.000   3.275 999.000
     124     SER  61.436 999.000  62.779 999.000 176.338 999.000   8.289 999.000 114.497 999.000   4.123 999.000
     125     ARG  58.528 999.000  30.017 999.000 178.099 999.000   6.831 999.000 122.582 999.000   3.774 999.000
     126     ILE  65.664 999.000  37.780 999.000 177.407 999.000   8.245 999.000 120.888 999.000   2.940 999.000
     127     ALA  55.484 999.000  18.120 999.000 179.181 999.000   7.863 999.000 120.600 999.000   3.912 999.000
     128     ALA  54.952 999.000  18.453 999.000 178.786 999.000   7.231 999.000 121.263 999.000   4.168 999.000
     129     TRP  58.623 999.000  28.554 999.000 178.823 999.000   8.730 999.000 119.935 999.000   4.356 999.000
     130     MET  59.792 999.000  32.783 999.000 177.768 999.000   8.752 999.000 117.298 999.000   4.521 999.000
     131     ALA  55.149 999.000  18.273 999.000 178.644 999.000   8.009 999.000 121.539 999.000   4.198 999.000
     132     THR  66.779 999.000  67.962 999.000 175.586 999.000   8.448 999.000 116.198 999.000   4.012 999.000
     133     TYR  62.213 999.000  38.806 999.000 176.871 999.000   8.728 999.000 123.022 999.000   4.199 999.000
     134     LEU  58.562 999.000  41.453 999.000 177.778 999.000   8.697 999.000 119.169 999.000   4.058 999.000
     135     ASN  56.216 999.000  38.946 999.000 177.184 999.000   8.087 999.000 116.532 999.000   4.380 999.000
     136     ASP  55.983 999.000  40.905 999.000 176.947 999.000   8.108 999.000 118.145 999.000   4.402 999.000
     137     HIS  57.314 999.000  31.842 999.000 175.880 999.000   7.781 999.000 114.092 999.000   4.404 999.000
     138     LEU  56.165 999.000  42.521 999.000 177.634 999.000   7.925 999.000 116.600 999.000   4.150 999.000
     139     GLU  61.696 999.000  28.133 999.000 176.138 999.000   8.790 999.000 119.690 999.000   4.017 999.000
     140     PRO  65.420 999.000  31.445 999.000 178.046 999.000-999.000-999.000 999.000 999.000   4.207 999.000
     141     TRP  60.538 999.000  29.486 999.000 177.775 999.000   7.122 999.000 118.569 999.000   4.178 999.000
     142     ILE  65.627 999.000  37.904 999.000 177.211 999.000   8.476 999.000 119.966 999.000   3.142 999.000
     143     GLN  58.998 999.000  28.075 999.000 178.583 999.000   8.349 999.000 118.067 999.000   3.975 999.000
     144     GLU  58.227 999.000  29.674 999.000 177.802 999.000   7.493 999.000 119.114 999.000   3.997 999.000
     145     ASN  54.478 999.000  39.667 999.000 175.629 999.000   7.677 999.000 115.299 999.000   4.277 999.000
     146     GLY  45.148 999.000-999.000-999.000 174.681 999.000   7.559 999.000 107.426 999.000   4.108 999.000
     147     GLY  44.276 999.000-999.000-999.000 173.646 999.000   8.301 999.000 107.560 999.000   4.139 999.000
     148     TRP  59.967 999.000  29.740 999.000 177.642 999.000   8.899 999.000 120.042 999.000   4.602 999.000
     149     ASP  56.907 999.000  39.731 999.000 178.214 999.000   8.433 999.000 119.631 999.000   4.427 999.000
     150     THR  64.607 999.000  68.600 999.000 176.064 999.000   7.627 999.000 113.574 999.000   4.113 999.000
     151     PHE  60.580 999.000  39.541 999.000 176.548 999.000   7.582 999.000 123.494 999.000   3.794 999.000
     152     VAL  65.207 999.000  31.212 999.000 177.734 999.000   7.856 999.000 116.793 999.000   3.714 999.000
     153     GLU  57.920 999.000  29.646 999.000 176.947 999.000   7.521 999.000 118.632 999.000   4.096 999.000
     154     LEU  56.057 999.000  43.611 999.000 176.789 999.000   7.100 999.000 118.102 999.000   4.082 999.000
     155     TYR  57.762 999.000  40.617 999.000 175.859 999.000   8.062 999.000 114.639 999.000   4.497 999.000
     156     GLY  44.667 999.000-999.000-999.000 174.195 999.000   7.991 999.000 106.303 999.000   4.075 999.000
     157     ASN  55.786 999.000  38.496 999.000 176.900 999.000   8.829 999.000 118.972 999.000   4.332 999.000
     158     ASN  55.201 999.000  38.145 999.000 176.671 999.000   8.432 999.000 116.969 999.000   4.525 999.000
     159     ALA  54.501 999.000  18.350 999.000 179.286 999.000   7.703 999.000 123.120 999.000   4.078 999.000
     160     ALA  54.406 999.000  18.010 999.000 179.605 999.000   7.988 999.000 120.304 999.000   4.105 999.000
     161     ALA  54.492 999.000  18.023 999.000 179.946 999.000   7.693 999.000 120.291 999.000   4.160 999.000
     162     GLU  58.710 999.000  29.184 999.000 178.975 999.000   7.824 999.000 117.720 999.000   4.136 999.000
     163     SER  60.799 999.000  63.162 999.000 176.445 999.000   7.913 999.000 115.026 999.000   4.289 999.000
     164     ARG  57.632 999.000  29.811 999.000 177.861 999.000   7.799 999.000 121.950 999.000   4.239 999.000
     165     LYS  57.458 999.000  32.230 999.000 178.326 999.000   7.772 999.000 118.887 999.000   4.223 999.000
     166     GLY  45.617 999.000-999.000-999.000 174.762 999.000   7.840 999.000 107.081 999.000   3.973 999.000
     167     GLN  56.715 999.000  29.129 999.000 176.746 999.000   7.839 999.000 119.671 999.000   4.284 999.000
     168     GLU  57.067 999.000  30.011 999.000 176.815 999.000   7.721 999.000 118.665 999.000   4.283 999.000
     169     ARG 999.000 999.000 999.000 999.000 999.000 999.000 999.000 999.000 999.000 999.000 999.000 999.000
