   index residue  pre_ca  exp_ca  pre_cb  exp_cb   pre_c   exp_c   pre_h   exp_h   pre_n   exp_n  pre_ha  exp_ha
       1     MET 999.000 999.000 999.000 999.000 999.000 999.000-999.000-999.000 999.000 999.000 999.000 999.000
       2     SER 999.000 999.000 999.000 999.000 999.000 999.000 999.000 999.000 999.000 999.000 999.000 999.000
       3     GLN  57.094 999.000  28.162 999.000 177.405 999.000   8.719 999.000 121.535 999.000   4.313 999.000
       4     SER  61.227 999.000  62.909 999.000 175.855 999.000   8.742 999.000 115.112 999.000   4.162 999.000
       5     ASN  55.228 999.000  38.598 999.000 176.446 999.000   8.052 999.000 119.634 999.000   4.709 999.000
       6     ARG  59.437 999.000  29.793 999.000 177.919 999.000   7.846 999.000 121.402 999.000   4.114 999.000
       7     GLU  59.118 999.000  29.098 999.000 178.847 999.000   8.079 999.000 118.660 999.000   3.986 999.000
       8     LEU  57.539 999.000  41.631 999.000 178.605 999.000   7.345 999.000 119.306 999.000   4.010 999.000
       9     VAL  66.450 999.000  31.414 999.000 177.561 999.000   7.701 999.000 119.281 999.000   3.646 999.000
      10     VAL  67.076 999.000  31.230 999.000 176.386 999.000   8.457 999.000 119.221 999.000   3.108 999.000
      11     ASP  57.612 999.000  41.047 999.000 177.669 999.000   7.596 999.000 119.857 999.000   4.218 999.000
      12     PHE  61.431 999.000  39.631 999.000 176.988 999.000   7.634 999.000 120.640 999.000   4.164 999.000
      13     LEU  58.135 999.000  41.026 999.000 178.570 999.000   8.527 999.000 118.174 999.000   3.924 999.000
      14     SER  62.099 999.000  62.581 999.000 176.435 999.000   8.136 999.000 115.028 999.000   4.121 999.000
      15     TYR  61.138 999.000  37.943 999.000 176.982 999.000   7.951 999.000 124.033 999.000   4.258 999.000
      16     LYS  58.527 999.000  31.364 999.000 178.940 999.000   7.910 999.000 118.089 999.000   3.710 999.000
      17     LEU  57.621 999.000  41.692 999.000 178.830 999.000   8.393 999.000 118.948 999.000   4.225 999.000
      18     SER  61.565 999.000  62.930 999.000 177.103 999.000   8.437 999.000 115.872 999.000   4.228 999.000
      19     GLN  57.923 999.000  28.503 999.000 177.176 999.000   7.972 999.000 119.849 999.000   4.050 999.000
      20     LYS  55.619 999.000  32.398 999.000 176.559 999.000   7.328 999.000 116.761 999.000   4.267 999.000
      21     GLY  45.429 999.000-999.000-999.000 174.009 999.000   7.572 999.000 107.571 999.000   3.830 999.000
      22     TYR  56.628 999.000  39.435 999.000 175.554 999.000   7.915 999.000 120.092 999.000   4.813 999.000
      23     SER  57.186 999.000  64.264 999.000 174.943 999.000   8.285 999.000 117.235 999.000   4.613 999.000
      24     TRP  59.565 999.000  29.912 999.000 177.520 999.000   9.114 999.000 126.689 999.000   4.579 999.000
      25     SER  61.207 999.000  62.443 999.000 176.124 999.000   8.438 999.000 114.654 999.000   4.074 999.000
      26     GLN  57.448 999.000  28.742 999.000 176.296 999.000   7.330 999.000 120.760 999.000   3.930 999.000
      27     PHE  57.628 999.000  40.308 999.000 176.147 999.000   7.262 999.000 116.008 999.000   4.370 999.000
      28     SER  57.617 999.000  64.770 999.000 174.151 999.000   7.137 999.000 114.522 999.000   4.233 999.000
      29     ASP  53.485 999.000  40.534 999.000 176.993 999.000   8.435 999.000 122.598 999.000   4.627 999.000
      30     VAL  64.240 999.000  31.684 999.000 177.417 999.000   8.213 999.000 120.706 999.000   3.865 999.000
      31     GLU  58.051 999.000  29.193 999.000 177.514 999.000   8.366 999.000 119.706 999.000   4.153 999.000
      32     GLU  57.115 999.000  30.263 999.000 177.129 999.000   7.801 999.000 117.724 999.000   4.230 999.000
      33     ASN  53.187 999.000  38.763 999.000 175.596 999.000   7.687 999.000 117.608 999.000   4.705 999.000
      34     ARG  56.259 999.000  30.539 999.000 176.677 999.000   8.284 999.000 121.195 999.000   4.382 999.000
      35     THR  62.114 999.000  69.793 999.000 174.772 999.000   7.965 999.000 113.166 999.000   4.331 999.000
      36     GLU  56.273 999.000  30.521 999.000 175.726 999.000   8.473 999.000 122.068 999.000   4.314 999.000
      37     ALA  50.861 999.000  18.288 999.000 175.628 999.000   8.227 999.000 123.838 999.000   4.500 999.000
      38     PRO  63.185 999.000  32.318 999.000 176.653 999.000-999.000-999.000 999.000 999.000   4.531 999.000
      39     GLU  56.142 999.000  30.530 999.000 176.798 999.000   8.447 999.000 119.406 999.000   4.284 999.000
      40     GLY  45.256 999.000-999.000-999.000 174.714 999.000   8.537 999.000 109.355 999.000   4.058 999.000
      41     THR  61.508 999.000  70.525 999.000 174.970 999.000   8.110 999.000 112.886 999.000   4.450 999.000
      42     GLU  57.908 999.000  29.371 999.000 177.246 999.000   8.872 999.000 121.695 999.000   4.227 999.000
      43     SER  59.947 999.000  63.364 999.000 175.626 999.000   8.299 999.000 114.646 999.000   4.272 999.000
      44     GLU  59.368 999.000  29.009 999.000 178.388 999.000   8.012 999.000 123.237 999.000   3.949 999.000
      45     ALA  54.865 999.000  18.315 999.000 179.637 999.000   7.969 999.000 120.415 999.000   4.182 999.000
      46     VAL  65.834 999.000  31.379 999.000 177.827 999.000   7.424 999.000 119.334 999.000   3.648 999.000
      47     LYS  60.148 999.000  32.012 999.000 178.898 999.000   8.205 999.000 119.725 999.000   3.740 999.000
      48     GLN  58.747 999.000  28.256 999.000 178.190 999.000   8.129 999.000 118.663 999.000   3.968 999.000
      49     ALA  55.103 999.000  18.147 999.000 179.576 999.000   7.857 999.000 122.405 999.000   4.067 999.000
      50     LEU  58.129 999.000  41.544 999.000 178.818 999.000   8.513 999.000 118.911 999.000   4.082 999.000
      51     ARG  59.806 999.000  29.802 999.000 178.456 999.000   8.014 999.000 118.945 999.000   3.932 999.000
      52     GLU  59.047 999.000  29.188 999.000 178.906 999.000   8.159 999.000 118.865 999.000   4.139 999.000
      53     ALA  54.857 999.000  18.190 999.000 179.436 999.000   8.479 999.000 121.749 999.000   4.220 999.000
      54     GLY  47.314 999.000-999.000-999.000 175.502 999.000   8.587 999.000 106.629 999.000   4.112 999.000
      55     ASP  56.798 999.000  40.406 999.000 178.006 999.000   8.356 999.000 122.060 999.000   4.598 999.000
      56     GLU  58.937 999.000  29.667 999.000 178.242 999.000   7.833 999.000 120.303 999.000   4.200 999.000
      57     PHE  61.891 999.000  38.988 999.000 178.043 999.000   8.701 999.000 119.636 999.000   4.258 999.000
      58     GLU  58.894 999.000  29.397 999.000 178.329 999.000   8.286 999.000 118.425 999.000   4.246 999.000
      59     LEU  56.974 999.000  42.541 999.000 177.848 999.000   7.522 999.000 120.056 999.000   4.254 999.000
      60     ARG  57.297 999.000  31.342 999.000 176.631 999.000   8.120 999.000 115.309 999.000   4.023 999.000
      61     TYR  56.295 999.000  38.095 999.000 175.615 999.000   7.912 999.000 117.479 999.000   4.784 999.000
      62     ARG  58.946 999.000  30.030 999.000 177.525 999.000   7.949 999.000 120.984 999.000   3.787 999.000
      63     ARG  57.448 999.000  29.497 999.000 177.570 999.000   8.282 999.000 117.575 999.000   4.189 999.000
      64     ALA  54.122 999.000  18.651 999.000 177.847 999.000   7.677 999.000 120.945 999.000   4.188 999.000
      65     PHE  57.652 999.000  39.913 999.000 176.294 999.000   7.557 999.000 112.874 999.000   4.794 999.000
      66     SER  61.282 999.000  62.555 999.000 176.222 999.000   8.247 999.000 116.763 999.000   4.189 999.000
      67     ASP  56.084 999.000  39.996 999.000 178.110 999.000   7.852 999.000 121.992 999.000   4.503 999.000
      68     LEU  57.438 999.000  41.631 999.000 178.701 999.000   7.589 999.000 119.972 999.000   4.017 999.000
      69     THR  65.255 999.000  68.621 999.000 176.719 999.000   8.235 999.000 112.441 999.000   4.247 999.000
      70     SER  60.373 999.000  63.460 999.000 175.669 999.000   7.784 999.000 116.734 999.000   4.358 999.000
      71     GLN  57.311 999.000  28.959 999.000 177.065 999.000   7.559 999.000 121.081 999.000   4.226 999.000
      72     LEU  54.711 999.000  42.159 999.000 176.233 999.000   7.267 999.000 120.783 999.000   4.281 999.000
      73     HIS  55.870 999.000  29.905 999.000 175.394 999.000   8.584 999.000 125.707 999.000   4.634 999.000
      74     ILE  60.947 999.000  38.754 999.000 175.201 999.000   8.081 999.000 124.012 999.000   4.423 999.000
      75     THR  58.460 999.000  69.977 999.000 173.726 999.000   7.996 999.000 117.050 999.000   4.788 999.000
      76     PRO  64.668 999.000  31.651 999.000 177.544 999.000-999.000-999.000 999.000 999.000   4.414 999.000
      77     GLY  45.066 999.000-999.000-999.000 175.046 999.000   8.342 999.000 107.482 999.000   4.136 999.000
      78     THR  63.601 999.000  69.496 999.000 174.178 999.000   7.694 999.000 117.673 999.000   4.229 999.000
      79     ALA  50.872 999.000  21.119 999.000 176.795 999.000   8.614 999.000 128.735 999.000   4.696 999.000
      80     TYR  61.047 999.000  38.034 999.000 177.288 999.000   8.889 999.000 120.781 999.000   3.095 999.000
      81     GLN  58.752 999.000  27.725 999.000 178.179 999.000   8.450 999.000 118.205 999.000   3.837 999.000
      82     SER  60.818 999.000  62.914 999.000 176.014 999.000   7.584 999.000 114.642 999.000   4.258 999.000
      83     PHE  60.877 999.000  39.377 999.000 176.601 999.000   7.151 999.000 123.590 999.000   4.181 999.000
      84     GLU  59.899 999.000  29.340 999.000 178.357 999.000   8.540 999.000 119.239 999.000   3.586 999.000
      85     GLN  58.534 999.000  28.312 999.000 178.343 999.000   7.583 999.000 117.318 999.000   3.972 999.000
      86     VAL  65.024 999.000  31.952 999.000 177.734 999.000   7.074 999.000 119.244 999.000   3.701 999.000
      87     VAL  65.610 999.000  31.124 999.000 177.759 999.000   7.709 999.000 118.828 999.000   3.308 999.000
      88     ASN  55.948 999.000  37.825 999.000 177.345 999.000   8.430 999.000 118.187 999.000   4.303 999.000
      89     GLU  58.420 999.000  29.587 999.000 178.033 999.000   7.332 999.000 119.589 999.000   4.070 999.000
      90     LEU  56.967 999.000  41.911 999.000 177.128 999.000   7.322 999.000 119.410 999.000   3.939 999.000
      91     PHE  58.543 999.000  38.950 999.000 176.189 999.000   7.654 999.000 114.929 999.000   4.465 999.000
      92     ARG  58.666 999.000  29.810 999.000 176.838 999.000   7.522 999.000 120.442 999.000   3.954 999.000
      93     ASP  53.823 999.000  40.692 999.000 176.283 999.000   8.113 999.000 116.902 999.000   4.622 999.000
      94     GLY  44.659 999.000-999.000-999.000 173.348 999.000   7.546 999.000 107.940 999.000   4.074 999.000
      95     VAL  62.112 999.000  32.508 999.000 175.233 999.000   7.987 999.000 119.677 999.000   3.883 999.000
      96     ASN  51.987 999.000  41.149 999.000 174.600 999.000   7.675 999.000 122.208 999.000   4.294 999.000
      97     TRP  60.111 999.000  30.418 999.000 178.150 999.000   8.908 999.000 120.673 999.000   4.534 999.000
      98     GLY  47.109 999.000-999.000-999.000 175.950 999.000   8.902 999.000 106.929 999.000   4.140 999.000
      99     ARG  58.770 999.000  29.848 999.000 178.285 999.000   8.012 999.000 121.458 999.000   4.164 999.000
     100     ILE  65.328 999.000  37.692 999.000 177.583 999.000   7.993 999.000 120.700 999.000   4.031 999.000
     101     VAL  66.952 999.000  31.288 999.000 176.756 999.000   8.349 999.000 119.493 999.000   3.439 999.000
     102     ALA  55.523 999.000  18.045 999.000 178.712 999.000   8.226 999.000 122.654 999.000   3.912 999.000
     103     PHE  60.754 999.000  38.510 999.000 176.915 999.000   8.294 999.000 119.653 999.000   4.245 999.000
     104     PHE  62.677 999.000  38.774 999.000 177.639 999.000   8.685 999.000 118.491 999.000   3.605 999.000
     105     SER  61.961 999.000  62.649 999.000 176.462 999.000   8.388 999.000 115.331 999.000   4.144 999.000
     106     PHE  60.102 999.000  38.316 999.000 176.818 999.000   8.785 999.000 123.712 999.000   4.286 999.000
     107     GLY  47.542 999.000-999.000-999.000 176.199 999.000   8.219 999.000 106.682 999.000   3.624 999.000
     108     GLY  47.310 999.000-999.000-999.000 175.496 999.000   8.439 999.000 109.661 999.000   3.942 999.000
     109     ALA  54.864 999.000  18.342 999.000 178.954 999.000   8.203 999.000 124.588 999.000   4.173 999.000
     110     LEU  58.013 999.000  41.627 999.000 177.624 999.000   8.568 999.000 119.742 999.000   4.113 999.000
     111     CYS 999.000 999.000 999.000 999.000 999.000 999.000 999.000 999.000 999.000 999.000   3.934 999.000
     112     VAL  66.406 999.000  31.274 999.000 177.573 999.000   8.049 999.000 120.198 999.000   3.493 999.000
     113     GLU  59.542 999.000  29.041 999.000 178.503 999.000   8.408 999.000 120.402 999.000   4.012 999.000
     114     SER  62.073 999.000  63.031 999.000 176.308 999.000   8.135 999.000 115.639 999.000   4.108 999.000
     115     VAL  65.251 999.000  31.238 999.000 177.626 999.000   7.605 999.000 120.843 999.000   3.592 999.000
     116     ASP  56.375 999.000  41.162 999.000 177.693 999.000   7.912 999.000 119.922 999.000   4.435 999.000
     117     LYS  56.476 999.000  32.148 999.000 176.010 999.000   7.804 999.000 116.616 999.000   4.218 999.000
     118     GLU  57.417 999.000  27.212 999.000 175.576 999.000   7.918 999.000 115.540 999.000   4.013 999.000
     119     MET  54.754 999.000  31.964 999.000 176.116 999.000   8.407 999.000 118.952 999.000   4.728 999.000
     120     GLN  58.773 999.000  27.908 999.000 177.595 999.000   7.970 999.000 119.744 999.000   3.884 999.000
     121     VAL  64.103 999.000  31.543 999.000 177.248 999.000   7.653 999.000 118.015 999.000   3.864 999.000
     122     LEU  56.870 999.000  41.337 999.000 178.121 999.000   7.777 999.000 119.832 999.000   3.952 999.000
     123     VAL  66.643 999.000  31.267 999.000 177.780 999.000   7.441 999.000 118.829 999.000   3.273 999.000
     124     SER  61.435 999.000  62.781 999.000 176.331 999.000   8.286 999.000 114.498 999.000   4.117 999.000
     125     ARG  58.511 999.000  30.023 999.000 178.102 999.000   6.838 999.000 122.568 999.000   3.773 999.000
     126     ILE  65.635 999.000  37.765 999.000 177.412 999.000   8.230 999.000 120.858 999.000   2.929 999.000
     127     ALA  55.487 999.000  18.119 999.000 179.173 999.000   7.857 999.000 120.630 999.000   3.911 999.000
     128     ALA  54.962 999.000  18.439 999.000 178.822 999.000   7.240 999.000 121.261 999.000   4.162 999.000
     129     TRP  58.623 999.000  28.555 999.000 178.822 999.000   8.707 999.000 119.899 999.000   4.348 999.000
     130     MET  59.758 999.000  32.767 999.000 177.765 999.000   8.737 999.000 117.347 999.000   4.511 999.000
     131     ALA  55.159 999.000  18.277 999.000 178.636 999.000   8.036 999.000 121.576 999.000   4.189 999.000
     132     THR  66.794 999.000  67.960 999.000 175.561 999.000   8.433 999.000 116.189 999.000   4.010 999.000
     133     TYR  62.216 999.000  38.793 999.000 176.869 999.000   8.718 999.000 122.971 999.000   4.198 999.000
     134     LEU  58.556 999.000  41.414 999.000 177.771 999.000   8.679 999.000 119.181 999.000   4.057 999.000
     135     ASN  56.202 999.000  38.937 999.000 177.204 999.000   8.099 999.000 116.589 999.000   4.379 999.000
     136     ASP  55.959 999.000  40.884 999.000 176.934 999.000   8.165 999.000 118.191 999.000   4.395 999.000
     137     HIS  57.266 999.000  31.905 999.000 175.874 999.000   7.779 999.000 114.145 999.000   4.416 999.000
     138     LEU  56.203 999.000  42.427 999.000 177.633 999.000   7.915 999.000 116.620 999.000   4.152 999.000
     139     GLU  61.663 999.000  28.161 999.000 176.123 999.000   8.788 999.000 119.776 999.000   4.021 999.000
     140     PRO  65.424 999.000  31.450 999.000 178.051 999.000-999.000-999.000 999.000 999.000   4.203 999.000
     141     TRP  60.534 999.000  29.487 999.000 177.769 999.000   7.116 999.000 118.554 999.000   4.181 999.000
     142     ILE  65.628 999.000  37.901 999.000 177.217 999.000   8.436 999.000 119.953 999.000   3.141 999.000
     143     GLN  59.019 999.000  28.055 999.000 178.589 999.000   8.358 999.000 118.020 999.000   3.974 999.000
     144     GLU  58.237 999.000  29.676 999.000 177.824 999.000   7.482 999.000 119.143 999.000   3.995 999.000
     145     ASN  54.502 999.000  39.674 999.000 175.660 999.000   7.686 999.000 115.336 999.000   4.264 999.000
     146     GLY  45.155 999.000-999.000-999.000 174.667 999.000   7.552 999.000 107.371 999.000   4.103 999.000
     147     GLY  44.271 999.000-999.000-999.000 173.632 999.000   8.301 999.000 107.561 999.000   4.139 999.000
     148     TRP  59.914 999.000  29.733 999.000 177.608 999.000   8.902 999.000 120.031 999.000   4.610 999.000
     149     ASP  56.837 999.000  39.709 999.000 178.159 999.000   8.443 999.000 119.673 999.000   4.432 999.000
     150     THR  64.484 999.000  68.633 999.000 175.990 999.000   7.610 999.000 113.456 999.000   4.124 999.000
     151     PHE  60.553 999.000  39.545 999.000 176.539 999.000   7.610 999.000 123.541 999.000   3.805 999.000
     152     VAL  64.973 999.000  31.186 999.000 177.581 999.000   7.799 999.000 116.244 999.000   3.757 999.000
     153     GLU  57.783 999.000  29.741 999.000 176.812 999.000   7.467 999.000 118.628 999.000   4.109 999.000
     154     LEU  55.997 999.000  43.667 999.000 176.757 999.000   7.129 999.000 118.039 999.000   4.094 999.000
     155     TYR  57.742 999.000  40.873 999.000 175.579 999.000   8.020 999.000 114.884 999.000   4.494 999.000
     156     GLY  44.584 999.000-999.000-999.000 174.225 999.000   8.156 999.000 106.712 999.000   4.084 999.000
     157     ASN  55.751 999.000  38.470 999.000 176.911 999.000   8.799 999.000 118.942 999.000   4.343 999.000
     158     ASN  55.217 999.000  38.150 999.000 176.689 999.000   8.427 999.000 117.066 999.000   4.533 999.000
     159     ALA  54.535 999.000  18.322 999.000 179.303 999.000   7.705 999.000 123.095 999.000   4.070 999.000
     160     ALA  54.451 999.000  17.989 999.000 179.666 999.000   7.970 999.000 120.314 999.000   4.109 999.000
     161     ALA  54.571 999.000  18.003 999.000 179.914 999.000   7.693 999.000 120.535 999.000   4.166 999.000
     162     GLU  58.911 999.000  29.074 999.000 179.224 999.000   7.913 999.000 117.937 999.000   4.128 999.000
     163     SER  60.982 999.000  63.013 999.000 176.678 999.000   7.984 999.000 115.297 999.000   4.268 999.000
     164     ARG  58.201 999.000  29.624 999.000 178.396 999.000   7.810 999.000 122.051 999.000   4.177 999.000
     165     LYS  58.005 999.000  31.985 999.000 178.732 999.000   7.904 999.000 119.019 999.000   4.190 999.000
     166     GLY  45.896 999.000-999.000-999.000 175.201 999.000   7.845 999.000 107.180 999.000   3.973 999.000
     167     GLN  57.082 999.000  28.935 999.000 177.154 999.000   7.783 999.000 120.066 999.000   4.255 999.000
     168     GLU  57.176 999.000  29.871 999.000 177.039 999.000   7.667 999.000 118.630 999.000   4.286 999.000
     169     ARG 999.000 999.000 999.000 999.000 999.000 999.000 999.000 999.000 999.000 999.000 999.000 999.000
