   index residue  pre_ca  exp_ca  pre_cb  exp_cb   pre_c   exp_c   pre_h   exp_h   pre_n   exp_n  pre_ha  exp_ha
       1     MET 999.000 999.000 999.000 999.000 999.000 999.000-999.000-999.000 999.000 999.000 999.000 999.000
       2     SER 999.000 999.000 999.000 999.000 999.000 999.000 999.000 999.000 999.000 999.000 999.000 999.000
       3     GLN  57.877 999.000  28.442 999.000 177.714 999.000   8.235 999.000 120.265 999.000   4.151 999.000
       4     SER  60.767 999.000  62.981 999.000 176.165 999.000   7.721 999.000 115.650 999.000   4.076 999.000
       5     ASN  55.765 999.000  38.408 999.000 176.718 999.000   8.137 999.000 120.725 999.000   4.534 999.000
       6     ARG  59.288 999.000  29.938 999.000 177.880 999.000   7.890 999.000 120.225 999.000   4.063 999.000
       7     GLU  59.069 999.000  29.227 999.000 178.889 999.000   7.820 999.000 118.903 999.000   4.006 999.000
       8     LEU  57.793 999.000  41.456 999.000 178.549 999.000   7.636 999.000 119.626 999.000   4.165 999.000
       9     VAL  66.306 999.000  31.287 999.000 177.657 999.000   7.572 999.000 119.331 999.000   3.072 999.000
      10     VAL  67.063 999.000  31.207 999.000 176.352 999.000   8.080 999.000 119.293 999.000   3.729 999.000
      11     ASP  57.501 999.000  41.143 999.000 177.496 999.000   7.876 999.000 120.072 999.000   4.424 999.000
      12     PHE  61.512 999.000  39.631 999.000 177.327 999.000   8.178 999.000 120.599 999.000   4.249 999.000
      13     LEU  58.310 999.000  41.220 999.000 178.624 999.000   8.753 999.000 118.586 999.000   4.095 999.000
      14     SER  62.320 999.000  62.559 999.000 176.515 999.000   8.551 999.000 115.094 999.000   4.360 999.000
      15     TYR  60.979 999.000  37.820 999.000 176.984 999.000   8.522 999.000 124.197 999.000   4.332 999.000
      16     LYS  58.528 999.000  31.389 999.000 179.134 999.000   8.123 999.000 118.413 999.000   3.759 999.000
      17     LEU  58.059 999.000  41.535 999.000 178.662 999.000   8.518 999.000 119.843 999.000   4.037 999.000
      18     SER  61.771 999.000  62.796 999.000 177.146 999.000   8.453 999.000 115.953 999.000   4.264 999.000
      19     GLN  57.826 999.000  28.538 999.000 177.495 999.000   8.035 999.000 120.476 999.000   4.049 999.000
      20     LYS  56.369 999.000  32.683 999.000 177.164 999.000   7.293 999.000 117.787 999.000   4.066 999.000
      21     GLY  45.558 999.000-999.000-999.000 174.034 999.000   7.511 999.000 107.769 999.000   3.983 999.000
      22     TYR  54.468 999.000  40.172 999.000 175.185 999.000   8.320 999.000 119.511 999.000   4.798 999.000
      23     SER  56.367 999.000  66.106 999.000 174.517 999.000   8.674 999.000 113.042 999.000   4.756 999.000
      24     TRP  59.901 999.000  29.736 999.000 176.496 999.000   8.562 999.000 120.997 999.000   4.196 999.000
      25     SER  58.667 999.000  64.432 999.000 173.732 999.000   8.021 999.000 111.093 999.000   4.432 999.000
      26     GLN  54.543 999.000  31.982 999.000 174.940 999.000   7.545 999.000 119.714 999.000   4.351 999.000
      27     PHE  58.010 999.000  37.744 999.000 175.641 999.000   8.359 999.000 120.733 999.000   4.032 999.000
      28     SER  57.096 999.000  65.171 999.000 174.002 999.000   7.402 999.000 113.634 999.000   4.752 999.000
      29     ASP  54.608 999.000  39.607 999.000 176.830 999.000   8.632 999.000 123.765 999.000   4.447 999.000
      30     VAL  63.030 999.000  32.098 999.000 176.380 999.000   7.842 999.000 117.750 999.000   4.021 999.000
      31     GLU  56.254 999.000  30.281 999.000 176.159 999.000   8.172 999.000 120.985 999.000   4.304 999.000
      32     GLU  56.573 999.000  30.404 999.000 176.463 999.000   8.248 999.000 120.038 999.000   4.246 999.000
      33     ASN  53.297 999.000  38.346 999.000 175.482 999.000   8.627 999.000 118.870 999.000   4.640 999.000
      34     ARG  55.887 999.000  30.699 999.000 176.325 999.000   8.115 999.000 119.915 999.000   4.351 999.000
      35     THR  61.644 999.000  70.070 999.000 174.940 999.000   8.224 999.000 115.350 999.000   4.352 999.000
      36     GLU  56.601 999.000  30.035 999.000 175.935 999.000   8.618 999.000 123.129 999.000   4.211 999.000
      37     ALA  50.890 999.000  18.213 999.000 175.623 999.000   8.275 999.000 124.863 999.000   4.422 999.000
      38     PRO  62.871 999.000  32.366 999.000 176.920 999.000-999.000-999.000 999.000 999.000   4.524 999.000
      39     GLU  56.843 999.000  29.919 999.000 177.092 999.000   8.616 999.000 121.703 999.000   4.179 999.000
      40     GLY  45.389 999.000-999.000-999.000 174.915 999.000   8.606 999.000 110.200 999.000   4.081 999.000
      41     THR  62.328 999.000  69.963 999.000 175.172 999.000   7.656 999.000 114.815 999.000   4.324 999.000
      42     GLU  58.928 999.000  29.370 999.000 177.592 999.000   9.003 999.000 123.468 999.000   4.037 999.000
      43     SER  60.863 999.000  63.177 999.000 176.026 999.000   8.452 999.000 114.160 999.000   4.356 999.000
      44     GLU  59.028 999.000  29.066 999.000 178.311 999.000   7.975 999.000 122.656 999.000   4.028 999.000
      45     ALA  54.981 999.000  18.300 999.000 179.421 999.000   7.526 999.000 120.987 999.000   3.883 999.000
      46     VAL  66.078 999.000  31.230 999.000 177.864 999.000   7.356 999.000 118.867 999.000   3.533 999.000
      47     LYS  60.245 999.000  31.991 999.000 178.799 999.000   8.029 999.000 119.651 999.000   3.910 999.000
      48     GLN  58.764 999.000  28.107 999.000 178.197 999.000   8.185 999.000 118.913 999.000   3.948 999.000
      49     ALA  55.001 999.000  18.131 999.000 179.614 999.000   7.883 999.000 122.205 999.000   4.069 999.000
      50     LEU  57.685 999.000  41.556 999.000 178.784 999.000   8.150 999.000 118.960 999.000   4.129 999.000
      51     ARG  59.598 999.000  29.734 999.000 178.733 999.000   8.027 999.000 119.159 999.000   3.901 999.000
      52     GLU  58.958 999.000  29.338 999.000 178.752 999.000   8.275 999.000 119.149 999.000   4.079 999.000
      53     ALA  54.542 999.000  18.192 999.000 179.619 999.000   8.064 999.000 121.654 999.000   4.184 999.000
      54     GLY  47.069 999.000-999.000-999.000 175.425 999.000   8.375 999.000 106.629 999.000   4.196 999.000
      55     ASP  56.270 999.000  40.520 999.000 177.682 999.000   8.082 999.000 121.463 999.000   4.602 999.000
      56     GLU  58.271 999.000  29.805 999.000 177.791 999.000   7.701 999.000 119.836 999.000   4.171 999.000
      57     PHE  60.459 999.000  39.410 999.000 176.727 999.000   8.184 999.000 119.100 999.000   4.319 999.000
      58     GLU  56.397 999.000  29.791 999.000 177.095 999.000   7.748 999.000 117.642 999.000   4.189 999.000
      59     LEU  55.234 999.000  41.939 999.000 177.080 999.000   7.865 999.000 121.620 999.000   4.219 999.000
      60     ARG  56.774 999.000  29.219 999.000 175.791 999.000   8.731 999.000 123.589 999.000   3.928 999.000
      61     TYR  58.535 999.000  35.958 999.000 175.349 999.000   7.933 999.000 116.251 999.000   4.204 999.000
      62     ARG  56.772 999.000  30.625 999.000 176.235 999.000   7.502 999.000 119.461 999.000   4.261 999.000
      63     ARG  56.554 999.000  30.778 999.000 175.867 999.000   8.136 999.000 117.545 999.000   4.210 999.000
      64     ALA  51.795 999.000  19.251 999.000 177.029 999.000   7.767 999.000 121.819 999.000   4.232 999.000
      65     PHE  57.294 999.000  38.703 999.000 176.528 999.000   8.355 999.000 118.720 999.000   4.598 999.000
      66     SER  61.468 999.000  62.627 999.000 175.781 999.000   8.754 999.000 118.416 999.000   4.182 999.000
      67     ASP  55.999 999.000  39.962 999.000 176.805 999.000   8.407 999.000 121.011 999.000   4.437 999.000
      68     LEU  55.474 999.000  43.112 999.000 177.286 999.000   7.575 999.000 117.775 999.000   4.529 999.000
      69     THR  62.581 999.000  70.298 999.000 175.158 999.000   7.713 999.000 108.728 999.000   4.392 999.000
      70     SER  59.678 999.000  64.076 999.000 174.731 999.000   8.413 999.000 115.319 999.000   4.524 999.000
      71     GLN  55.123 999.000  27.971 999.000 175.809 999.000   8.130 999.000 121.534 999.000   4.442 999.000
      72     LEU  55.072 999.000  41.857 999.000 176.659 999.000   7.697 999.000 121.276 999.000   4.294 999.000
      73     HIS  55.667 999.000  30.286 999.000 175.279 999.000   8.624 999.000 122.827 999.000   4.653 999.000
      74     ILE  60.653 999.000  38.060 999.000 176.211 999.000   8.213 999.000 124.351 999.000   4.168 999.000
      75     THR  60.324 999.000  68.935 999.000 173.969 999.000   7.923 999.000 121.793 999.000   4.086 999.000
      76     PRO  63.370 999.000  32.311 999.000 176.923 999.000-999.000-999.000 999.000 999.000   4.341 999.000
      77     GLY  44.805 999.000-999.000-999.000 174.062 999.000   8.241 999.000 108.126 999.000   4.071 999.000
      78     THR  62.432 999.000  69.810 999.000 175.025 999.000   8.135 999.000 111.611 999.000   4.140 999.000
      79     ALA  52.300 999.000  19.597 999.000 177.013 999.000   7.961 999.000 124.126 999.000   4.230 999.000
      80     TYR  58.594 999.000  38.551 999.000 176.560 999.000   8.247 999.000 115.832 999.000   4.365 999.000
      81     GLN  58.179 999.000  28.079 999.000 177.445 999.000   7.985 999.000 119.931 999.000   3.962 999.000
      82     SER  60.679 999.000  63.115 999.000 175.850 999.000   7.908 999.000 115.179 999.000   4.253 999.000
      83     PHE  60.250 999.000  38.370 999.000 177.383 999.000   7.857 999.000 123.674 999.000   4.345 999.000
      84     GLU  59.789 999.000  29.403 999.000 178.194 999.000   7.495 999.000 120.233 999.000   3.470 999.000
      85     GLN  57.499 999.000  28.001 999.000 177.492 999.000   7.584 999.000 116.175 999.000   3.964 999.000
      86     VAL  65.486 999.000  32.060 999.000 176.938 999.000   7.171 999.000 119.615 999.000   3.666 999.000
      87     VAL  62.491 999.000  32.099 999.000 176.788 999.000   7.220 999.000 113.619 999.000   3.735 999.000
      88     ASN  55.759 999.000  38.341 999.000 175.733 999.000   7.925 999.000 118.964 999.000   3.731 999.000
      89     GLU  56.342 999.000  31.092 999.000 176.693 999.000   7.702 999.000 115.665 999.000   4.317 999.000
      90     LEU  57.278 999.000  41.915 999.000 176.814 999.000   7.462 999.000 119.916 999.000   3.646 999.000
      91     PHE  57.398 999.000  39.400 999.000 176.136 999.000   7.610 999.000 112.921 999.000   4.576 999.000
      92     ARG  58.347 999.000  30.031 999.000 176.768 999.000   7.584 999.000 119.796 999.000   3.239 999.000
      93     ASP  53.963 999.000  40.892 999.000 176.108 999.000   7.753 999.000 115.994 999.000   4.492 999.000
      94     GLY  45.354 999.000-999.000-999.000 173.175 999.000   7.323 999.000 108.322 999.000   3.985 999.000
      95     VAL  61.035 999.000  30.112 999.000 175.581 999.000   8.047 999.000 117.177 999.000   4.315 999.000
      96     ASN  53.266 999.000  39.524 999.000 175.885 999.000   7.771 999.000 120.263 999.000   4.439 999.000
      97     TRP  59.687 999.000  29.082 999.000 177.350 999.000   8.475 999.000 124.925 999.000   4.280 999.000
      98     GLY  47.754 999.000-999.000-999.000 175.410 999.000   7.776 999.000 107.895 999.000   3.658 999.000
      99     ARG  59.169 999.000  30.109 999.000 178.099 999.000   7.869 999.000 120.848 999.000   4.050 999.000
     100     ILE  65.016 999.000  37.480 999.000 177.426 999.000   7.550 999.000 119.917 999.000   3.726 999.000
     101     VAL  66.830 999.000  31.144 999.000 176.822 999.000   8.485 999.000 118.982 999.000   3.114 999.000
     102     ALA  55.402 999.000  18.059 999.000 178.204 999.000   8.146 999.000 122.334 999.000   3.836 999.000
     103     PHE  60.547 999.000  39.070 999.000 176.837 999.000   7.989 999.000 119.401 999.000   4.423 999.000
     104     PHE  58.750 999.000  37.815 999.000 177.719 999.000   8.933 999.000 118.194 999.000   4.229 999.000
     105     SER  61.770 999.000  62.695 999.000 176.303 999.000   8.557 999.000 115.901 999.000   4.499 999.000
     106     PHE  60.574 999.000  38.836 999.000 176.836 999.000   8.607 999.000 123.028 999.000   4.355 999.000
     107     GLY  47.628 999.000-999.000-999.000 176.216 999.000   8.483 999.000 106.611 999.000   3.682 999.000
     108     GLY  47.274 999.000-999.000-999.000 175.450 999.000   8.588 999.000 109.773 999.000   3.957 999.000
     109     ALA  54.834 999.000  18.357 999.000 178.936 999.000   8.135 999.000 124.696 999.000   4.121 999.000
     110     LEU  58.072 999.000  41.530 999.000 178.301 999.000   8.330 999.000 119.456 999.000   3.932 999.000
     111     CYS 999.000 999.000 999.000 999.000 999.000 999.000 999.000 999.000 999.000 999.000   4.089 999.000
     112     VAL  65.078 999.000  31.980 999.000 177.231 999.000   8.038 999.000 119.348 999.000   3.865 999.000
     113     GLU  56.678 999.000  29.066 999.000 176.980 999.000   8.391 999.000 116.944 999.000   4.308 999.000
     114     SER  58.450 999.000  63.462 999.000 174.616 999.000   7.515 999.000 115.450 999.000   4.469 999.000
     115     VAL  63.332 999.000  32.319 999.000 175.707 999.000   8.168 999.000 119.563 999.000   3.954 999.000
     116     ASP  54.338 999.000  40.674 999.000 176.553 999.000   8.284 999.000 118.426 999.000   4.636 999.000
     117     LYS  55.900 999.000  33.125 999.000 176.306 999.000   7.580 999.000 120.681 999.000   4.343 999.000
     118     GLU  56.188 999.000  29.937 999.000 176.741 999.000   8.725 999.000 121.594 999.000   4.274 999.000
     119     MET  57.628 999.000  31.198 999.000 177.810 999.000   8.819 999.000 124.860 999.000   4.057 999.000
     120     GLN  57.873 999.000  28.410 999.000 176.839 999.000   8.252 999.000 117.776 999.000   4.155 999.000
     121     VAL  61.917 999.000  33.701 999.000 176.923 999.000   7.508 999.000 113.700 999.000   4.340 999.000
     122     LEU  58.574 999.000  41.641 999.000 177.773 999.000   7.975 999.000 122.100 999.000   3.938 999.000
     123     VAL  66.293 999.000  31.317 999.000 178.050 999.000   7.854 999.000 117.804 999.000   3.344 999.000
     124     SER  61.805 999.000  62.887 999.000 176.632 999.000   7.770 999.000 116.198 999.000   4.346 999.000
     125     ARG  58.941 999.000  29.909 999.000 178.499 999.000   7.932 999.000 122.384 999.000   3.997 999.000
     126     ILE  64.958 999.000  37.450 999.000 177.533 999.000   8.424 999.000 120.539 999.000   3.740 999.000
     127     ALA  55.510 999.000  18.100 999.000 179.238 999.000   8.608 999.000 121.283 999.000   3.972 999.000
     128     ALA  55.346 999.000  18.164 999.000 178.894 999.000   7.799 999.000 121.175 999.000   3.996 999.000
     129     TRP  60.297 999.000  29.784 999.000 178.689 999.000   8.316 999.000 119.330 999.000   4.225 999.000
     130     MET  59.780 999.000  32.770 999.000 177.572 999.000   8.897 999.000 118.119 999.000   4.334 999.000
     131     ALA  55.263 999.000  18.242 999.000 178.522 999.000   8.410 999.000 121.376 999.000   4.118 999.000
     132     THR  66.600 999.000  68.040 999.000 176.220 999.000   8.171 999.000 115.361 999.000   3.939 999.000
     133     TYR  59.352 999.000  38.091 999.000 177.761 999.000   8.359 999.000 120.077 999.000   4.665 999.000
     134     LEU  58.019 999.000  41.348 999.000 177.649 999.000   8.923 999.000 119.472 999.000   4.132 999.000
     135     ASN  56.334 999.000  39.035 999.000 176.878 999.000   8.094 999.000 116.409 999.000   4.444 999.000
     136     ASP  55.615 999.000  41.129 999.000 176.795 999.000   7.597 999.000 117.990 999.000   4.527 999.000
     137     HIS  56.238 999.000  31.394 999.000 174.736 999.000   8.088 999.000 113.712 999.000   4.778 999.000
     138     LEU  56.256 999.000  44.015 999.000 176.788 999.000   8.180 999.000 120.234 999.000   4.535 999.000
     139     GLU  61.738 999.000  27.883 999.000 176.336 999.000   8.590 999.000 118.196 999.000   3.995 999.000
     140     PRO  65.340 999.000  31.363 999.000 178.134 999.000-999.000-999.000 999.000 999.000   4.175 999.000
     141     TRP  58.162 999.000  30.093 999.000 178.407 999.000   7.071 999.000 116.592 999.000   4.656 999.000
     142     ILE  64.742 999.000  37.313 999.000 177.286 999.000   8.194 999.000 120.057 999.000   3.751 999.000
     143     GLN  59.026 999.000  27.765 999.000 178.694 999.000   8.331 999.000 119.017 999.000   4.094 999.000
     144     GLU  58.426 999.000  29.469 999.000 177.879 999.000   7.850 999.000 118.746 999.000   4.103 999.000
     145     ASN  54.435 999.000  39.706 999.000 175.628 999.000   7.826 999.000 115.232 999.000   4.553 999.000
     146     GLY  45.480 999.000-999.000-999.000 173.952 999.000   7.772 999.000 106.309 999.000   4.128 999.000
     147     GLY  44.781 999.000-999.000-999.000 173.452 999.000   8.296 999.000 107.725 999.000   4.132 999.000
     148     TRP  60.396 999.000  29.564 999.000 177.662 999.000   9.011 999.000 123.388 999.000   4.553 999.000
     149     ASP  57.209 999.000  39.807 999.000 177.773 999.000   8.337 999.000 119.150 999.000   4.292 999.000
     150     THR  64.995 999.000  68.452 999.000 176.098 999.000   7.689 999.000 113.521 999.000   3.982 999.000
     151     PHE  60.115 999.000  39.532 999.000 177.498 999.000   7.667 999.000 121.188 999.000   4.316 999.000
     152     VAL  65.403 999.000  31.003 999.000 177.708 999.000   7.652 999.000 117.291 999.000   3.521 999.000
     153     GLU  58.803 999.000  28.906 999.000 178.332 999.000   7.478 999.000 120.667 999.000   3.860 999.000
     154     LEU  57.276 999.000  41.623 999.000 177.909 999.000   7.135 999.000 120.074 999.000   3.654 999.000
     155     TYR  57.924 999.000  38.880 999.000 176.693 999.000   7.593 999.000 118.054 999.000   4.477 999.000
     156     GLY  45.213 999.000-999.000-999.000 174.461 999.000   7.821 999.000 106.921 999.000   3.764 999.000
     157     ASN  53.412 999.000  38.963 999.000 175.667 999.000   7.972 999.000 117.819 999.000   4.548 999.000
     158     ASN  53.893 999.000  39.132 999.000 175.992 999.000   8.122 999.000 118.306 999.000   4.554 999.000
     159     ALA  54.961 999.000  18.524 999.000 179.137 999.000   8.467 999.000 122.780 999.000   4.046 999.000
     160     ALA  54.065 999.000  18.122 999.000 179.619 999.000   7.661 999.000 120.117 999.000   4.230 999.000
     161     ALA  54.187 999.000  18.221 999.000 179.690 999.000   7.518 999.000 120.621 999.000   4.210 999.000
     162     GLU  58.776 999.000  29.189 999.000 178.967 999.000   8.012 999.000 118.085 999.000   4.070 999.000
     163     SER  60.959 999.000  63.146 999.000 176.239 999.000   7.847 999.000 114.736 999.000   4.261 999.000
     164     ARG  57.553 999.000  29.955 999.000 177.857 999.000   7.553 999.000 121.710 999.000   4.264 999.000
     165     LYS  57.159 999.000  32.290 999.000 178.065 999.000   7.763 999.000 119.129 999.000   4.237 999.000
     166     GLY  45.380 999.000-999.000-999.000 174.440 999.000   7.839 999.000 106.945 999.000   3.951 999.000
     167     GLN  56.221 999.000  29.357 999.000 176.305 999.000   7.906 999.000 119.462 999.000   4.307 999.000
     168     GLU  56.908 999.000  29.816 999.000 176.475 999.000   8.064 999.000 119.090 999.000   4.286 999.000
     169     ARG 999.000 999.000 999.000 999.000 999.000 999.000 999.000 999.000 999.000 999.000 999.000 999.000
     630     GLU 999.000 999.000 999.000 999.000 999.000 999.000-999.000-999.000 999.000 999.000 999.000 999.000
     631     GLU 999.000 999.000 999.000 999.000 999.000 999.000 999.000 999.000 999.000 999.000 999.000 999.000
     632     GLN  57.586 999.000  28.086 999.000 177.596 999.000   8.175 999.000 118.551 999.000   4.142 999.000
     633     TRP  60.435 999.000  28.841 999.000 177.774 999.000   7.948 999.000 121.186 999.000   4.285 999.000
     634     ALA  55.118 999.000  18.137 999.000 179.189 999.000   8.017 999.000 120.979 999.000   3.690 999.000
     635     ARG  59.341 999.000  29.747 999.000 178.555 999.000   8.042 999.000 118.103 999.000   3.946 999.000
     636     GLU  59.024 999.000  29.425 999.000 179.025 999.000   7.677 999.000 119.655 999.000   4.072 999.000
     637     ILE  63.766 999.000  36.657 999.000 178.035 999.000   7.950 999.000 119.626 999.000   3.579 999.000
     638     GLY  47.616 999.000-999.000-999.000 176.022 999.000   8.356 999.000 107.612 999.000   3.747 999.000
     639     ALA  54.807 999.000  18.200 999.000 178.924 999.000   7.908 999.000 124.246 999.000   4.039 999.000
     640     GLN  58.887 999.000  28.329 999.000 178.440 999.000   7.924 999.000 118.469 999.000   3.930 999.000
     641     LEU  58.177 999.000  41.337 999.000 178.689 999.000   8.553 999.000 120.244 999.000   3.924 999.000
     642     ARG  59.256 999.000  29.918 999.000 178.510 999.000   7.894 999.000 118.455 999.000   3.910 999.000
     643     ARG  58.024 999.000  30.030 999.000 178.023 999.000   7.710 999.000 118.434 999.000   4.167 999.000
     644     MET  58.166 999.000  32.915 999.000 176.837 999.000   8.281 999.000 118.833 999.000   3.884 999.000
     645     ALA  52.026 999.000  19.305 999.000 176.426 999.000   7.464 999.000 119.724 999.000   4.367 999.000
     646     ASP  53.852 999.000  41.438 999.000 175.964 999.000   7.729 999.000 117.890 999.000   4.501 999.000
     647     ASP  54.058 999.000  40.992 999.000 176.558 999.000   8.373 999.000 121.452 999.000   4.470 999.000
     648     LEU  55.573 999.000  42.069 999.000 177.049 999.000   7.880 999.000 120.198 999.000   4.120 999.000
     649     ASN  53.273 999.000  38.739 999.000 175.304 999.000   8.232 999.000 117.227 999.000   4.556 999.000
     650     ALA  52.382 999.000  19.395 999.000 177.245 999.000   7.965 999.000 122.010 999.000   4.225 999.000
     651     GLN  56.162 999.000  29.180 999.000 175.970 999.000   8.155 999.000 118.310 999.000   4.126 999.000
     652     TYR  58.217 999.000  38.679 999.000 175.496 999.000   8.274 999.000 118.660 999.000   4.513 999.000
     653     GLU  56.946 999.000  30.249 999.000 176.448 999.000   8.197 999.000 119.861 999.000   4.248 999.000
     654     ARG 999.000 999.000 999.000 999.000 999.000 999.000 999.000 999.000 999.000 999.000 999.000 999.000
