   index residue  pre_ca  exp_ca  pre_cb  exp_cb   pre_c   exp_c   pre_h   exp_h   pre_n   exp_n  pre_ha  exp_ha
       1     MET 999.000 999.000 999.000 999.000 999.000 999.000-999.000-999.000 999.000 999.000 999.000 999.000
       2     SER 999.000 999.000 999.000 999.000 999.000 999.000 999.000 999.000 999.000 999.000 999.000 999.000
       3     GLN  57.100 999.000  29.130 999.000 176.934 999.000   8.086 999.000 119.493 999.000   4.261 999.000
       4     SER  60.325 999.000  63.294 999.000 175.911 999.000   7.834 999.000 115.209 999.000   4.171 999.000
       5     ASN  55.699 999.000  37.726 999.000 176.547 999.000   8.065 999.000 120.813 999.000   4.458 999.000
       6     ARG  58.794 999.000  30.120 999.000 177.548 999.000   7.749 999.000 119.844 999.000   4.124 999.000
       7     GLU  58.955 999.000  29.241 999.000 178.876 999.000   7.641 999.000 118.968 999.000   4.005 999.000
       8     LEU  57.726 999.000  41.451 999.000 178.589 999.000   7.697 999.000 118.919 999.000   4.106 999.000
       9     VAL  66.115 999.000  31.295 999.000 177.578 999.000   7.272 999.000 119.105 999.000   3.003 999.000
      10     VAL  66.973 999.000  31.169 999.000 176.395 999.000   7.911 999.000 119.312 999.000   3.675 999.000
      11     ASP  57.537 999.000  41.277 999.000 177.474 999.000   7.835 999.000 119.945 999.000   4.376 999.000
      12     PHE  61.525 999.000  39.688 999.000 177.284 999.000   8.011 999.000 120.546 999.000   4.217 999.000
      13     LEU  58.287 999.000  41.139 999.000 178.600 999.000   8.764 999.000 118.576 999.000   4.100 999.000
      14     SER  62.274 999.000  62.584 999.000 176.535 999.000   8.526 999.000 115.101 999.000   4.342 999.000
      15     TYR  60.927 999.000  37.874 999.000 176.997 999.000   8.540 999.000 124.364 999.000   4.340 999.000
      16     LYS  58.513 999.000  31.392 999.000 179.120 999.000   8.155 999.000 118.442 999.000   3.788 999.000
      17     LEU  58.065 999.000  41.563 999.000 178.751 999.000   8.545 999.000 119.874 999.000   4.045 999.000
      18     SER  61.797 999.000  62.818 999.000 177.139 999.000   8.451 999.000 115.887 999.000   4.260 999.000
      19     GLN  57.801 999.000  28.563 999.000 177.490 999.000   8.016 999.000 120.402 999.000   4.049 999.000
      20     LYS  56.329 999.000  32.639 999.000 177.093 999.000   7.309 999.000 117.678 999.000   4.072 999.000
      21     GLY  45.567 999.000-999.000-999.000 174.041 999.000   7.459 999.000 107.619 999.000   3.955 999.000
      22     TYR  54.633 999.000  40.025 999.000 175.266 999.000   8.262 999.000 119.469 999.000   4.778 999.000
      23     SER  56.378 999.000  66.027 999.000 174.542 999.000   8.628 999.000 113.438 999.000   4.772 999.000
      24     TRP  59.676 999.000  29.621 999.000 176.457 999.000   8.364 999.000 121.005 999.000   4.246 999.000
      25     SER  58.714 999.000  64.468 999.000 173.784 999.000   7.884 999.000 111.071 999.000   4.372 999.000
      26     GLN  54.514 999.000  31.962 999.000 175.020 999.000   7.542 999.000 119.754 999.000   4.376 999.000
      27     PHE  58.505 999.000  38.076 999.000 175.699 999.000   8.415 999.000 120.940 999.000   4.113 999.000
      28     SER  57.122 999.000  64.961 999.000 174.126 999.000   7.449 999.000 113.732 999.000   4.722 999.000
      29     ASP  54.957 999.000  39.682 999.000 177.203 999.000   8.650 999.000 124.617 999.000   4.441 999.000
      30     VAL  63.496 999.000  31.732 999.000 176.696 999.000   7.880 999.000 117.291 999.000   3.966 999.000
      31     GLU  56.464 999.000  30.011 999.000 176.514 999.000   8.059 999.000 120.220 999.000   4.283 999.000
      32     GLU  57.115 999.000  30.238 999.000 176.763 999.000   8.001 999.000 119.165 999.000   4.181 999.000
      33     ASN  53.420 999.000  38.004 999.000 175.149 999.000   8.484 999.000 116.475 999.000   4.590 999.000
      34     ARG  55.870 999.000  30.687 999.000 176.355 999.000   8.013 999.000 119.585 999.000   4.327 999.000
      35     THR  61.649 999.000  70.071 999.000 174.936 999.000   8.205 999.000 115.553 999.000   4.353 999.000
      36     GLU  56.542 999.000  30.053 999.000 175.881 999.000   8.610 999.000 122.807 999.000   4.215 999.000
      37     ALA  50.901 999.000  18.246 999.000 175.620 999.000   8.250 999.000 124.728 999.000   4.422 999.000
      38     PRO  62.871 999.000  32.384 999.000 176.924 999.000-999.000-999.000 999.000 999.000   4.525 999.000
      39     GLU  56.908 999.000  29.925 999.000 176.987 999.000   8.607 999.000 121.785 999.000   4.182 999.000
      40     GLY  45.591 999.000-999.000-999.000 174.922 999.000   8.656 999.000 111.173 999.000   4.076 999.000
      41     THR  61.978 999.000  70.101 999.000 175.063 999.000   7.491 999.000 115.128 999.000   4.347 999.000
      42     GLU  59.122 999.000  29.286 999.000 177.707 999.000   9.098 999.000 125.362 999.000   4.017 999.000
      43     SER  61.006 999.000  63.093 999.000 175.946 999.000   8.484 999.000 114.219 999.000   4.364 999.000
      44     GLU  58.735 999.000  29.216 999.000 178.141 999.000   7.980 999.000 122.598 999.000   4.070 999.000
      45     ALA  54.984 999.000  18.303 999.000 179.399 999.000   7.514 999.000 121.128 999.000   3.851 999.000
      46     VAL  66.111 999.000  31.235 999.000 177.882 999.000   7.354 999.000 118.686 999.000   3.510 999.000
      47     LYS  60.186 999.000  31.972 999.000 178.811 999.000   7.932 999.000 119.689 999.000   3.895 999.000
      48     GLN  58.696 999.000  28.097 999.000 178.213 999.000   8.149 999.000 118.815 999.000   3.951 999.000
      49     ALA  54.969 999.000  18.136 999.000 179.590 999.000   7.894 999.000 122.145 999.000   4.094 999.000
      50     LEU  57.580 999.000  41.518 999.000 178.845 999.000   8.137 999.000 118.640 999.000   4.149 999.000
      51     ARG  59.529 999.000  29.671 999.000 178.634 999.000   7.909 999.000 119.353 999.000   3.891 999.000
      52     GLU  58.994 999.000  29.334 999.000 178.821 999.000   8.089 999.000 119.033 999.000   4.083 999.000
      53     ALA  54.668 999.000  18.181 999.000 179.614 999.000   8.137 999.000 121.656 999.000   4.158 999.000
      54     GLY  47.093 999.000-999.000-999.000 175.503 999.000   8.442 999.000 106.685 999.000   4.205 999.000
      55     ASP  56.382 999.000  40.568 999.000 177.712 999.000   8.105 999.000 121.698 999.000   4.583 999.000
      56     GLU  58.377 999.000  29.850 999.000 177.992 999.000   7.769 999.000 119.947 999.000   4.175 999.000
      57     PHE  60.744 999.000  39.589 999.000 176.699 999.000   8.424 999.000 119.780 999.000   4.276 999.000
      58     GLU  56.695 999.000  29.924 999.000 177.512 999.000   7.747 999.000 116.005 999.000   4.153 999.000
      59     LEU  56.148 999.000  41.445 999.000 176.535 999.000   7.578 999.000 122.264 999.000   4.047 999.000
      60     ARG  57.421 999.000  27.886 999.000 175.495 999.000   8.841 999.000 122.689 999.000   3.802 999.000
      61     TYR  58.432 999.000  35.401 999.000 175.513 999.000   7.541 999.000 115.312 999.000   4.144 999.000
      62     ARG  57.901 999.000  30.193 999.000 176.900 999.000   7.541 999.000 119.115 999.000   4.083 999.000
      63     ARG  56.298 999.000  30.767 999.000 176.034 999.000   7.885 999.000 116.265 999.000   4.228 999.000
      64     ALA  52.041 999.000  18.854 999.000 176.708 999.000   7.497 999.000 122.281 999.000   4.180 999.000
      65     PHE  57.027 999.000  40.547 999.000 176.583 999.000   8.410 999.000 119.744 999.000   4.692 999.000
      66     SER  61.336 999.000  62.675 999.000 175.807 999.000   9.128 999.000 119.213 999.000   4.139 999.000
      67     ASP  56.118 999.000  39.938 999.000 177.159 999.000   8.354 999.000 120.963 999.000   4.442 999.000
      68     LEU  55.513 999.000  42.671 999.000 177.471 999.000   7.575 999.000 117.668 999.000   4.461 999.000
      69     THR  62.858 999.000  70.068 999.000 175.366 999.000   7.673 999.000 109.511 999.000   4.307 999.000
      70     SER  59.403 999.000  64.175 999.000 174.692 999.000   8.273 999.000 115.988 999.000   4.507 999.000
      71     GLN  55.249 999.000  28.223 999.000 175.752 999.000   8.037 999.000 121.048 999.000   4.353 999.000
      72     LEU  54.941 999.000  41.442 999.000 176.395 999.000   7.911 999.000 122.863 999.000   4.213 999.000
      73     HIS  55.435 999.000  30.300 999.000 174.965 999.000   8.431 999.000 123.618 999.000   4.636 999.000
      74     ILE  60.305 999.000  38.856 999.000 176.073 999.000   8.113 999.000 123.435 999.000   4.332 999.000
      75     THR  60.666 999.000  68.807 999.000 174.219 999.000   8.289 999.000 120.852 999.000   4.279 999.000
      76     PRO  63.521 999.000  32.336 999.000 176.880 999.000-999.000-999.000 999.000 999.000   4.350 999.000
      77     GLY  44.846 999.000-999.000-999.000 174.503 999.000   8.292 999.000 109.238 999.000   4.095 999.000
      78     THR  62.184 999.000  69.912 999.000 175.185 999.000   7.971 999.000 113.779 999.000   4.192 999.000
      79     ALA  54.100 999.000  18.854 999.000 178.040 999.000   8.424 999.000 125.452 999.000   3.942 999.000
      80     TYR  58.856 999.000  38.509 999.000 177.671 999.000   7.750 999.000 114.718 999.000   4.251 999.000
      81     GLN  57.692 999.000  28.125 999.000 177.460 999.000   7.896 999.000 118.912 999.000   4.027 999.000
      82     SER  61.072 999.000  63.023 999.000 175.999 999.000   7.540 999.000 116.142 999.000   4.165 999.000
      83     PHE  60.341 999.000  38.150 999.000 177.468 999.000   7.866 999.000 122.343 999.000   4.341 999.000
      84     GLU  59.835 999.000  29.343 999.000 178.363 999.000   7.545 999.000 119.862 999.000   3.511 999.000
      85     GLN  57.884 999.000  28.338 999.000 177.657 999.000   7.427 999.000 116.634 999.000   3.989 999.000
      86     VAL  65.444 999.000  31.960 999.000 177.251 999.000   7.359 999.000 119.438 999.000   3.721 999.000
      87     VAL  63.380 999.000  31.640 999.000 176.960 999.000   7.841 999.000 114.528 999.000   3.708 999.000
      88     ASN  55.763 999.000  38.379 999.000 176.063 999.000   7.765 999.000 118.765 999.000   3.989 999.000
      89     GLU  56.899 999.000  30.740 999.000 177.048 999.000   7.593 999.000 116.272 999.000   4.264 999.000
      90     LEU  57.333 999.000  41.736 999.000 177.397 999.000   7.362 999.000 119.646 999.000   3.809 999.000
      91     PHE  58.230 999.000  38.780 999.000 176.462 999.000   7.379 999.000 113.758 999.000   4.399 999.000
      92     ARG  58.138 999.000  29.858 999.000 177.030 999.000   7.496 999.000 119.787 999.000   3.534 999.000
      93     ASP  54.363 999.000  41.143 999.000 176.172 999.000   7.546 999.000 116.337 999.000   4.542 999.000
      94     GLY  45.070 999.000-999.000-999.000 173.237 999.000   7.201 999.000 107.928 999.000   3.961 999.000
      95     VAL  60.928 999.000  30.516 999.000 175.733 999.000   7.590 999.000 116.761 999.000   4.307 999.000
      96     ASN  53.424 999.000  39.658 999.000 175.728 999.000   7.649 999.000 119.764 999.000   4.481 999.000
      97     TRP  59.782 999.000  28.958 999.000 177.210 999.000   8.490 999.000 122.414 999.000   4.222 999.000
      98     GLY  47.648 999.000-999.000-999.000 175.384 999.000   7.631 999.000 107.869 999.000   3.620 999.000
      99     ARG  59.016 999.000  29.991 999.000 177.988 999.000   7.850 999.000 120.649 999.000   4.080 999.000
     100     ILE  64.686 999.000  37.339 999.000 177.481 999.000   7.422 999.000 119.790 999.000   3.695 999.000
     101     VAL  66.912 999.000  31.175 999.000 176.787 999.000   8.478 999.000 119.123 999.000   3.136 999.000
     102     ALA  55.405 999.000  18.039 999.000 178.268 999.000   8.047 999.000 122.289 999.000   3.882 999.000
     103     PHE  60.628 999.000  39.093 999.000 176.876 999.000   7.845 999.000 119.351 999.000   4.412 999.000
     104     PHE  58.630 999.000  37.818 999.000 177.717 999.000   8.804 999.000 118.053 999.000   4.235 999.000
     105     SER  61.737 999.000  62.696 999.000 176.314 999.000   8.608 999.000 115.883 999.000   4.479 999.000
     106     PHE  60.565 999.000  38.845 999.000 176.854 999.000   8.576 999.000 122.969 999.000   4.324 999.000
     107     GLY  47.625 999.000-999.000-999.000 176.190 999.000   8.388 999.000 106.517 999.000   3.715 999.000
     108     GLY  47.278 999.000-999.000-999.000 175.450 999.000   8.650 999.000 109.848 999.000   3.983 999.000
     109     ALA  54.766 999.000  18.396 999.000 178.936 999.000   8.129 999.000 124.544 999.000   4.135 999.000
     110     LEU  58.072 999.000  41.543 999.000 177.976 999.000   8.296 999.000 119.508 999.000   3.943 999.000
     111     CYS 999.000 999.000 999.000 999.000 999.000 999.000 999.000 999.000 999.000 999.000   4.084 999.000
     112     VAL  64.942 999.000  31.981 999.000 177.171 999.000   7.941 999.000 119.051 999.000   3.852 999.000
     113     GLU  57.561 999.000  29.350 999.000 177.313 999.000   8.182 999.000 117.856 999.000   4.210 999.000
     114     SER  58.391 999.000  63.387 999.000 174.963 999.000   7.719 999.000 114.599 999.000   4.517 999.000
     115     VAL  63.653 999.000  31.535 999.000 175.939 999.000   7.743 999.000 119.293 999.000   3.887 999.000
     116     ASP  54.551 999.000  40.300 999.000 176.655 999.000   8.145 999.000 119.084 999.000   4.576 999.000
     117     LYS  55.990 999.000  33.042 999.000 176.392 999.000   7.574 999.000 120.530 999.000   4.347 999.000
     118     GLU  55.910 999.000  29.837 999.000 176.656 999.000   8.636 999.000 120.749 999.000   4.329 999.000
     119     MET  57.757 999.000  31.275 999.000 177.752 999.000   8.710 999.000 123.171 999.000   4.067 999.000
     120     GLN  57.814 999.000  28.535 999.000 176.861 999.000   8.221 999.000 117.793 999.000   4.180 999.000
     121     VAL  62.157 999.000  33.748 999.000 176.928 999.000   7.669 999.000 114.035 999.000   4.328 999.000
     122     LEU  58.531 999.000  41.556 999.000 177.954 999.000   8.118 999.000 121.910 999.000   3.971 999.000
     123     VAL  66.257 999.000  31.303 999.000 178.085 999.000   7.915 999.000 117.639 999.000   3.444 999.000
     124     SER  61.727 999.000  62.915 999.000 176.545 999.000   7.781 999.000 116.134 999.000   4.341 999.000
     125     ARG  58.872 999.000  30.038 999.000 178.534 999.000   7.935 999.000 122.327 999.000   4.067 999.000
     126     ILE  65.145 999.000  37.638 999.000 177.414 999.000   8.544 999.000 120.680 999.000   3.901 999.000
     127     ALA  55.470 999.000  18.105 999.000 179.262 999.000   8.506 999.000 121.101 999.000   3.977 999.000
     128     ALA  55.300 999.000  18.155 999.000 178.988 999.000   7.858 999.000 121.059 999.000   4.000 999.000
     129     TRP  60.641 999.000  29.713 999.000 178.648 999.000   8.257 999.000 119.138 999.000   4.171 999.000
     130     MET  59.826 999.000  32.764 999.000 177.660 999.000   8.914 999.000 118.060 999.000   4.282 999.000
     131     ALA  55.294 999.000  18.249 999.000 178.495 999.000   8.402 999.000 121.497 999.000   4.133 999.000
     132     THR  66.693 999.000  67.972 999.000 176.144 999.000   8.047 999.000 115.716 999.000   3.920 999.000
     133     TYR  59.728 999.000  37.990 999.000 177.801 999.000   8.338 999.000 120.375 999.000   4.612 999.000
     134     LEU  58.290 999.000  41.475 999.000 177.639 999.000   8.854 999.000 119.971 999.000   4.062 999.000
     135     ASN  56.220 999.000  38.902 999.000 177.081 999.000   8.146 999.000 116.364 999.000   4.414 999.000
     136     ASP  55.832 999.000  41.009 999.000 176.910 999.000   7.809 999.000 118.207 999.000   4.505 999.000
     137     HIS  56.725 999.000  31.526 999.000 175.197 999.000   8.036 999.000 113.881 999.000   4.648 999.000
     138     LEU  56.329 999.000  43.483 999.000 177.039 999.000   8.134 999.000 119.237 999.000   4.483 999.000
     139     GLU  61.650 999.000  27.948 999.000 176.232 999.000   8.637 999.000 118.885 999.000   4.034 999.000
     140     PRO  65.388 999.000  31.377 999.000 178.182 999.000-999.000-999.000 999.000 999.000   4.187 999.000
     141     TRP  58.623 999.000  30.002 999.000 178.375 999.000   7.152 999.000 116.843 999.000   4.591 999.000
     142     ILE  64.639 999.000  37.212 999.000 177.415 999.000   8.198 999.000 119.932 999.000   3.812 999.000
     143     GLN  59.050 999.000  27.730 999.000 178.650 999.000   8.465 999.000 118.887 999.000   4.112 999.000
     144     GLU  58.370 999.000  29.541 999.000 177.851 999.000   7.776 999.000 118.857 999.000   4.097 999.000
     145     ASN  54.450 999.000  39.654 999.000 175.582 999.000   7.875 999.000 114.990 999.000   4.537 999.000
     146     GLY  45.494 999.000-999.000-999.000 174.133 999.000   7.795 999.000 106.579 999.000   4.125 999.000
     147     GLY  45.258 999.000-999.000-999.000 173.625 999.000   8.357 999.000 107.982 999.000   4.092 999.000
     148     TRP  60.402 999.000  29.550 999.000 177.732 999.000   8.938 999.000 123.836 999.000   4.622 999.000
     149     ASP  57.325 999.000  39.701 999.000 177.892 999.000   8.313 999.000 118.982 999.000   4.271 999.000
     150     THR  65.063 999.000  68.338 999.000 176.370 999.000   7.598 999.000 113.108 999.000   3.973 999.000
     151     PHE  60.236 999.000  39.261 999.000 177.691 999.000   7.698 999.000 120.804 999.000   4.318 999.000
     152     VAL  65.940 999.000  31.180 999.000 177.734 999.000   7.611 999.000 118.695 999.000   3.484 999.000
     153     GLU  59.157 999.000  29.052 999.000 178.578 999.000   7.742 999.000 120.214 999.000   3.853 999.000
     154     LEU  57.338 999.000  41.694 999.000 178.062 999.000   7.229 999.000 119.650 999.000   3.812 999.000
     155     TYR  59.214 999.000  39.010 999.000 177.281 999.000   7.761 999.000 117.227 999.000   4.412 999.000
     156     GLY  45.255 999.000-999.000-999.000 174.530 999.000   8.047 999.000 106.467 999.000   3.852 999.000
     157     ASN  53.047 999.000  38.729 999.000 175.629 999.000   7.884 999.000 117.986 999.000   4.542 999.000
     158     ASN  55.725 999.000  38.560 999.000 176.532 999.000   8.257 999.000 121.104 999.000   4.375 999.000
     159     ALA  54.787 999.000  18.364 999.000 179.239 999.000   8.101 999.000 122.105 999.000   4.135 999.000
     160     ALA  54.283 999.000  18.075 999.000 179.783 999.000   7.532 999.000 120.653 999.000   4.208 999.000
     161     ALA  54.571 999.000  18.132 999.000 180.012 999.000   7.645 999.000 120.556 999.000   4.157 999.000
     162     GLU  58.826 999.000  29.169 999.000 179.128 999.000   8.120 999.000 118.046 999.000   4.132 999.000
     163     SER  61.091 999.000  63.098 999.000 176.571 999.000   7.961 999.000 115.235 999.000   4.268 999.000
     164     ARG  57.931 999.000  29.798 999.000 178.184 999.000   7.759 999.000 121.810 999.000   4.209 999.000
     165     LYS  57.404 999.000  32.213 999.000 178.377 999.000   7.797 999.000 118.770 999.000   4.235 999.000
     166     GLY  45.525 999.000-999.000-999.000 174.695 999.000   7.844 999.000 106.925 999.000   3.956 999.000
     167     GLN  56.572 999.000  29.167 999.000 176.548 999.000   7.814 999.000 119.644 999.000   4.276 999.000
     168     GLU  56.914 999.000  29.953 999.000 176.640 999.000   7.823 999.000 119.110 999.000   4.308 999.000
     169     ARG 999.000 999.000 999.000 999.000 999.000 999.000 999.000 999.000 999.000 999.000 999.000 999.000
     630     GLU 999.000 999.000 999.000 999.000 999.000 999.000-999.000-999.000 999.000 999.000 999.000 999.000
     631     GLU 999.000 999.000 999.000 999.000 999.000 999.000 999.000 999.000 999.000 999.000 999.000 999.000
     632     GLN  55.865 999.000  28.096 999.000 176.679 999.000   7.887 999.000 119.462 999.000   4.203 999.000
     633     TRP  59.143 999.000  29.457 999.000 177.770 999.000   7.723 999.000 120.777 999.000   4.370 999.000
     634     ALA  54.825 999.000  18.166 999.000 179.022 999.000   8.092 999.000 121.235 999.000   4.043 999.000
     635     ARG  59.218 999.000  29.693 999.000 178.474 999.000   7.899 999.000 118.002 999.000   3.987 999.000
     636     GLU  58.941 999.000  29.325 999.000 178.989 999.000   7.660 999.000 119.167 999.000   4.136 999.000
     637     ILE  64.063 999.000  36.873 999.000 178.035 999.000   7.884 999.000 119.548 999.000   3.727 999.000
     638     GLY  47.625 999.000-999.000-999.000 176.041 999.000   8.437 999.000 107.773 999.000   3.787 999.000
     639     ALA  54.995 999.000  18.108 999.000 179.017 999.000   8.084 999.000 124.351 999.000   4.049 999.000
     640     GLN  58.879 999.000  28.376 999.000 178.444 999.000   7.878 999.000 118.309 999.000   3.857 999.000
     641     LEU  58.207 999.000  41.306 999.000 178.573 999.000   8.591 999.000 120.940 999.000   4.005 999.000
     642     ARG  59.638 999.000  29.861 999.000 178.684 999.000   8.326 999.000 119.010 999.000   3.891 999.000
     643     ARG  58.420 999.000  29.836 999.000 178.352 999.000   7.884 999.000 118.949 999.000   4.141 999.000
     644     MET  58.282 999.000  32.817 999.000 177.025 999.000   8.385 999.000 119.139 999.000   4.178 999.000
     645     ALA  52.891 999.000  18.730 999.000 176.830 999.000   7.807 999.000 119.281 999.000   4.278 999.000
     646     ASP  53.942 999.000  41.325 999.000 175.876 999.000   7.318 999.000 118.033 999.000   4.486 999.000
     647     ASP  54.641 999.000  41.002 999.000 176.793 999.000   8.420 999.000 123.631 999.000   4.451 999.000
     648     LEU  56.203 999.000  42.114 999.000 177.409 999.000   7.509 999.000 120.193 999.000   4.069 999.000
     649     ASN  53.711 999.000  38.473 999.000 175.711 999.000   8.106 999.000 116.281 999.000   4.535 999.000
     650     ALA  52.758 999.000  18.947 999.000 177.667 999.000   7.731 999.000 121.883 999.000   4.265 999.000
     651     GLN  56.453 999.000  29.032 999.000 176.063 999.000   7.721 999.000 118.000 999.000   4.064 999.000
     652     TYR  58.901 999.000  37.400 999.000 175.446 999.000   8.205 999.000 116.307 999.000   4.348 999.000
     653     GLU  57.109 999.000  30.277 999.000 176.568 999.000   7.896 999.000 119.473 999.000   4.289 999.000
     654     ARG 999.000 999.000 999.000 999.000 999.000 999.000 999.000 999.000 999.000 999.000 999.000 999.000
