   index residue  pre_ca  exp_ca  pre_cb  exp_cb   pre_c   exp_c   pre_h   exp_h   pre_n   exp_n  pre_ha  exp_ha
       1     MET 999.000 999.000 999.000 999.000 999.000 999.000-999.000-999.000 999.000 999.000 999.000 999.000
       2     SER 999.000 999.000 999.000 999.000 999.000 999.000 999.000 999.000 999.000 999.000 999.000 999.000
       3     GLN  57.823 999.000  28.480 999.000 177.669 999.000   8.230 999.000 120.218 999.000   4.158 999.000
       4     SER  60.744 999.000  62.999 999.000 176.154 999.000   7.729 999.000 115.627 999.000   4.076 999.000
       5     ASN  55.762 999.000  38.378 999.000 176.716 999.000   8.148 999.000 120.709 999.000   4.524 999.000
       6     ARG  59.255 999.000  29.942 999.000 177.865 999.000   7.860 999.000 120.218 999.000   4.066 999.000
       7     GLU  59.067 999.000  29.225 999.000 178.889 999.000   7.803 999.000 118.904 999.000   4.003 999.000
       8     LEU  57.785 999.000  41.445 999.000 178.566 999.000   7.635 999.000 119.544 999.000   4.155 999.000
       9     VAL  66.278 999.000  31.289 999.000 177.643 999.000   7.522 999.000 119.308 999.000   3.037 999.000
      10     VAL  67.079 999.000  31.219 999.000 176.330 999.000   8.071 999.000 119.429 999.000   3.724 999.000
      11     ASP  57.533 999.000  41.172 999.000 177.473 999.000   7.886 999.000 120.074 999.000   4.417 999.000
      12     PHE  61.513 999.000  39.633 999.000 177.329 999.000   8.155 999.000 120.563 999.000   4.241 999.000
      13     LEU  58.305 999.000  41.225 999.000 178.618 999.000   8.746 999.000 118.591 999.000   4.092 999.000
      14     SER  62.310 999.000  62.556 999.000 176.509 999.000   8.546 999.000 115.100 999.000   4.361 999.000
      15     TYR  60.979 999.000  37.839 999.000 176.995 999.000   8.542 999.000 124.268 999.000   4.333 999.000
      16     LYS  58.527 999.000  31.388 999.000 179.135 999.000   8.133 999.000 118.408 999.000   3.770 999.000
      17     LEU  58.059 999.000  41.533 999.000 178.655 999.000   8.516 999.000 119.831 999.000   4.039 999.000
      18     SER  61.774 999.000  62.796 999.000 177.153 999.000   8.452 999.000 115.951 999.000   4.266 999.000
      19     GLN  57.828 999.000  28.541 999.000 177.496 999.000   8.039 999.000 120.469 999.000   4.048 999.000
      20     LYS  56.382 999.000  32.685 999.000 177.173 999.000   7.297 999.000 117.800 999.000   4.066 999.000
      21     GLY  45.552 999.000-999.000-999.000 174.033 999.000   7.512 999.000 107.747 999.000   3.985 999.000
      22     TYR  54.484 999.000  40.173 999.000 175.190 999.000   8.328 999.000 119.523 999.000   4.796 999.000
      23     SER  56.368 999.000  66.098 999.000 174.520 999.000   8.674 999.000 113.094 999.000   4.758 999.000
      24     TRP  59.881 999.000  29.726 999.000 176.481 999.000   8.551 999.000 120.999 999.000   4.202 999.000
      25     SER  58.671 999.000  64.437 999.000 173.735 999.000   8.013 999.000 111.107 999.000   4.430 999.000
      26     GLN  54.538 999.000  31.982 999.000 174.945 999.000   7.550 999.000 119.711 999.000   4.352 999.000
      27     PHE  58.006 999.000  37.742 999.000 175.635 999.000   8.359 999.000 120.728 999.000   4.022 999.000
      28     SER  57.094 999.000  65.146 999.000 174.035 999.000   7.400 999.000 113.627 999.000   4.753 999.000
      29     ASP  54.685 999.000  39.638 999.000 176.883 999.000   8.626 999.000 123.952 999.000   4.444 999.000
      30     VAL  63.105 999.000  32.053 999.000 176.421 999.000   7.847 999.000 117.596 999.000   4.015 999.000
      31     GLU  56.245 999.000  30.270 999.000 176.193 999.000   8.138 999.000 120.811 999.000   4.306 999.000
      32     GLU  56.615 999.000  30.375 999.000 176.483 999.000   8.217 999.000 119.948 999.000   4.244 999.000
      33     ASN  53.313 999.000  38.378 999.000 175.501 999.000   8.625 999.000 118.954 999.000   4.641 999.000
      34     ARG  55.892 999.000  30.683 999.000 176.332 999.000   8.113 999.000 119.887 999.000   4.348 999.000
      35     THR  61.645 999.000  70.067 999.000 174.946 999.000   8.218 999.000 115.322 999.000   4.351 999.000
      36     GLU  56.607 999.000  30.031 999.000 175.930 999.000   8.618 999.000 123.075 999.000   4.210 999.000
      37     ALA  50.901 999.000  18.233 999.000 175.631 999.000   8.263 999.000 124.846 999.000   4.422 999.000
      38     PRO  62.875 999.000  32.366 999.000 176.903 999.000-999.000-999.000 999.000 999.000   4.524 999.000
      39     GLU  56.802 999.000  29.948 999.000 177.075 999.000   8.604 999.000 121.677 999.000   4.182 999.000
      40     GLY  45.398 999.000-999.000-999.000 174.923 999.000   8.608 999.000 110.211 999.000   4.080 999.000
      41     THR  62.304 999.000  69.975 999.000 175.192 999.000   7.674 999.000 114.695 999.000   4.326 999.000
      42     GLU  58.932 999.000  29.366 999.000 177.586 999.000   8.996 999.000 123.254 999.000   4.039 999.000
      43     SER  60.828 999.000  63.198 999.000 176.003 999.000   8.446 999.000 114.134 999.000   4.367 999.000
      44     GLU  59.045 999.000  29.070 999.000 178.300 999.000   7.972 999.000 122.672 999.000   4.022 999.000
      45     ALA  54.976 999.000  18.309 999.000 179.421 999.000   7.531 999.000 120.955 999.000   3.882 999.000
      46     VAL  66.097 999.000  31.239 999.000 177.858 999.000   7.357 999.000 118.911 999.000   3.539 999.000
      47     LYS  60.252 999.000  31.991 999.000 178.800 999.000   8.053 999.000 119.625 999.000   3.906 999.000
      48     GLN  58.759 999.000  28.101 999.000 178.194 999.000   8.186 999.000 118.896 999.000   3.947 999.000
      49     ALA  54.992 999.000  18.134 999.000 179.610 999.000   7.869 999.000 122.198 999.000   4.073 999.000
      50     LEU  57.677 999.000  41.556 999.000 178.798 999.000   8.154 999.000 118.940 999.000   4.132 999.000
      51     ARG  59.589 999.000  29.729 999.000 178.729 999.000   8.027 999.000 119.215 999.000   3.925 999.000
      52     GLU  58.967 999.000  29.333 999.000 178.752 999.000   8.267 999.000 119.137 999.000   4.081 999.000
      53     ALA  54.527 999.000  18.198 999.000 179.614 999.000   8.062 999.000 121.630 999.000   4.182 999.000
      54     GLY  47.064 999.000-999.000-999.000 175.423 999.000   8.384 999.000 106.635 999.000   4.201 999.000
      55     ASP  56.287 999.000  40.488 999.000 177.682 999.000   8.099 999.000 121.470 999.000   4.598 999.000
      56     GLU  58.270 999.000  29.793 999.000 177.808 999.000   7.701 999.000 119.837 999.000   4.169 999.000
      57     PHE  60.504 999.000  39.414 999.000 176.736 999.000   8.177 999.000 119.094 999.000   4.318 999.000
      58     GLU  56.410 999.000  29.803 999.000 177.141 999.000   7.765 999.000 117.404 999.000   4.192 999.000
      59     LEU  55.307 999.000  41.906 999.000 177.046 999.000   7.819 999.000 121.611 999.000   4.206 999.000
      60     ARG  56.817 999.000  29.127 999.000 175.770 999.000   8.747 999.000 123.617 999.000   3.918 999.000
      61     TYR  58.532 999.000  35.884 999.000 175.332 999.000   7.897 999.000 116.104 999.000   4.194 999.000
      62     ARG  56.821 999.000  30.786 999.000 176.325 999.000   7.479 999.000 119.460 999.000   4.263 999.000
      63     ARG  56.526 999.000  30.733 999.000 175.876 999.000   8.118 999.000 117.435 999.000   4.205 999.000
      64     ALA  51.806 999.000  19.171 999.000 177.033 999.000   7.758 999.000 121.904 999.000   4.225 999.000
      65     PHE  57.219 999.000  38.845 999.000 176.565 999.000   8.354 999.000 118.932 999.000   4.614 999.000
      66     SER  61.456 999.000  62.631 999.000 175.781 999.000   8.787 999.000 118.521 999.000   4.179 999.000
      67     ASP  55.997 999.000  39.966 999.000 176.804 999.000   8.407 999.000 121.004 999.000   4.436 999.000
      68     LEU  55.471 999.000  43.123 999.000 177.292 999.000   7.570 999.000 117.786 999.000   4.528 999.000
      69     THR  62.594 999.000  70.280 999.000 175.168 999.000   7.713 999.000 108.742 999.000   4.388 999.000
      70     SER  59.673 999.000  64.072 999.000 174.718 999.000   8.407 999.000 115.381 999.000   4.522 999.000
      71     GLN  55.132 999.000  28.004 999.000 175.805 999.000   8.120 999.000 121.496 999.000   4.437 999.000
      72     LEU  55.054 999.000  41.830 999.000 176.654 999.000   7.706 999.000 121.342 999.000   4.288 999.000
      73     HIS  55.685 999.000  30.337 999.000 175.297 999.000   8.616 999.000 122.824 999.000   4.657 999.000
      74     ILE  60.698 999.000  38.121 999.000 176.221 999.000   8.228 999.000 124.188 999.000   4.165 999.000
      75     THR  60.410 999.000  68.910 999.000 174.000 999.000   7.922 999.000 121.978 999.000   4.051 999.000
      76     PRO  63.377 999.000  32.303 999.000 176.924 999.000-999.000-999.000 999.000 999.000   4.335 999.000
      77     GLY  44.811 999.000-999.000-999.000 174.065 999.000   8.243 999.000 108.175 999.000   4.071 999.000
      78     THR  62.433 999.000  69.834 999.000 175.031 999.000   8.128 999.000 111.627 999.000   4.143 999.000
      79     ALA  52.346 999.000  19.591 999.000 177.060 999.000   7.984 999.000 124.011 999.000   4.234 999.000
      80     TYR  58.637 999.000  38.535 999.000 176.611 999.000   8.255 999.000 115.671 999.000   4.356 999.000
      81     GLN  58.146 999.000  28.097 999.000 177.429 999.000   7.984 999.000 119.877 999.000   3.967 999.000
      82     SER  60.649 999.000  63.125 999.000 175.843 999.000   7.886 999.000 115.164 999.000   4.250 999.000
      83     PHE  60.293 999.000  38.361 999.000 177.373 999.000   7.839 999.000 123.626 999.000   4.333 999.000
      84     GLU  59.792 999.000  29.400 999.000 178.190 999.000   7.499 999.000 120.279 999.000   3.468 999.000
      85     GLN  57.481 999.000  27.997 999.000 177.475 999.000   7.586 999.000 116.134 999.000   3.964 999.000
      86     VAL  65.475 999.000  32.070 999.000 176.931 999.000   7.155 999.000 119.617 999.000   3.667 999.000
      87     VAL  62.493 999.000  32.109 999.000 176.825 999.000   7.216 999.000 113.533 999.000   3.747 999.000
      88     ASN  55.710 999.000  38.266 999.000 175.744 999.000   7.925 999.000 118.881 999.000   3.746 999.000
      89     GLU  56.364 999.000  31.086 999.000 176.693 999.000   7.694 999.000 115.729 999.000   4.314 999.000
      90     LEU  57.279 999.000  41.909 999.000 176.834 999.000   7.455 999.000 119.893 999.000   3.655 999.000
      91     PHE  57.438 999.000  39.381 999.000 176.150 999.000   7.593 999.000 112.933 999.000   4.565 999.000
      92     ARG  58.343 999.000  30.020 999.000 176.783 999.000   7.585 999.000 119.803 999.000   3.267 999.000
      93     ASP  53.968 999.000  40.901 999.000 176.109 999.000   7.740 999.000 116.053 999.000   4.494 999.000
      94     GLY  45.346 999.000-999.000-999.000 173.200 999.000   7.316 999.000 108.290 999.000   3.978 999.000
      95     VAL  61.078 999.000  30.129 999.000 175.587 999.000   8.017 999.000 117.283 999.000   4.298 999.000
      96     ASN  53.223 999.000  39.507 999.000 175.886 999.000   7.769 999.000 120.248 999.000   4.429 999.000
      97     TRP  59.687 999.000  29.086 999.000 177.377 999.000   8.454 999.000 124.817 999.000   4.278 999.000
      98     GLY  47.747 999.000-999.000-999.000 175.416 999.000   7.785 999.000 107.906 999.000   3.674 999.000
      99     ARG  59.179 999.000  30.103 999.000 178.086 999.000   7.866 999.000 120.751 999.000   4.051 999.000
     100     ILE  65.020 999.000  37.496 999.000 177.423 999.000   7.531 999.000 119.908 999.000   3.717 999.000
     101     VAL  66.826 999.000  31.145 999.000 176.823 999.000   8.488 999.000 118.971 999.000   3.113 999.000
     102     ALA  55.410 999.000  18.058 999.000 178.200 999.000   8.155 999.000 122.351 999.000   3.830 999.000
     103     PHE  60.524 999.000  39.060 999.000 176.841 999.000   7.974 999.000 119.413 999.000   4.426 999.000
     104     PHE  58.631 999.000  37.792 999.000 177.718 999.000   8.923 999.000 118.185 999.000   4.236 999.000
     105     SER  61.767 999.000  62.694 999.000 176.311 999.000   8.553 999.000 115.931 999.000   4.492 999.000
     106     PHE  60.583 999.000  38.831 999.000 176.832 999.000   8.612 999.000 122.987 999.000   4.352 999.000
     107     GLY  47.628 999.000-999.000-999.000 176.222 999.000   8.474 999.000 106.615 999.000   3.683 999.000
     108     GLY  47.282 999.000-999.000-999.000 175.446 999.000   8.601 999.000 109.768 999.000   3.957 999.000
     109     ALA  54.830 999.000  18.356 999.000 178.944 999.000   8.122 999.000 124.690 999.000   4.124 999.000
     110     LEU  58.049 999.000  41.534 999.000 178.334 999.000   8.325 999.000 119.422 999.000   3.937 999.000
     111     CYS 999.000 999.000 999.000 999.000 999.000 999.000 999.000 999.000 999.000 999.000   4.095 999.000
     112     VAL  65.083 999.000  31.980 999.000 177.242 999.000   8.048 999.000 119.353 999.000   3.861 999.000
     113     GLU  56.663 999.000  29.046 999.000 176.958 999.000   8.383 999.000 116.983 999.000   4.308 999.000
     114     SER  58.476 999.000  63.523 999.000 174.579 999.000   7.500 999.000 115.424 999.000   4.464 999.000
     115     VAL  63.304 999.000  32.435 999.000 175.658 999.000   8.205 999.000 119.775 999.000   3.975 999.000
     116     ASP  54.293 999.000  40.647 999.000 176.528 999.000   8.310 999.000 118.143 999.000   4.637 999.000
     117     LYS  55.932 999.000  33.108 999.000 176.304 999.000   7.605 999.000 120.710 999.000   4.339 999.000
     118     GLU  56.179 999.000  29.945 999.000 176.744 999.000   8.724 999.000 121.596 999.000   4.274 999.000
     119     MET  57.645 999.000  31.194 999.000 177.810 999.000   8.814 999.000 124.790 999.000   4.061 999.000
     120     GLN  57.865 999.000  28.414 999.000 176.831 999.000   8.247 999.000 117.795 999.000   4.157 999.000
     121     VAL  61.940 999.000  33.721 999.000 176.928 999.000   7.525 999.000 113.737 999.000   4.338 999.000
     122     LEU  58.587 999.000  41.635 999.000 177.801 999.000   7.998 999.000 122.079 999.000   3.939 999.000
     123     VAL  66.295 999.000  31.316 999.000 178.051 999.000   7.850 999.000 117.783 999.000   3.349 999.000
     124     SER  61.801 999.000  62.890 999.000 176.632 999.000   7.767 999.000 116.200 999.000   4.348 999.000
     125     ARG  58.953 999.000  29.916 999.000 178.500 999.000   7.951 999.000 122.391 999.000   3.994 999.000
     126     ILE  64.950 999.000  37.442 999.000 177.531 999.000   8.435 999.000 120.562 999.000   3.752 999.000
     127     ALA  55.507 999.000  18.098 999.000 179.244 999.000   8.602 999.000 121.261 999.000   3.974 999.000
     128     ALA  55.342 999.000  18.165 999.000 178.894 999.000   7.798 999.000 121.180 999.000   3.997 999.000
     129     TRP  60.297 999.000  29.776 999.000 178.693 999.000   8.319 999.000 119.319 999.000   4.229 999.000
     130     MET  59.800 999.000  32.777 999.000 177.577 999.000   8.893 999.000 118.073 999.000   4.347 999.000
     131     ALA  55.270 999.000  18.238 999.000 178.529 999.000   8.407 999.000 121.400 999.000   4.121 999.000
     132     THR  66.598 999.000  68.037 999.000 176.216 999.000   8.175 999.000 115.320 999.000   3.937 999.000
     133     TYR  59.391 999.000  38.108 999.000 177.763 999.000   8.339 999.000 120.067 999.000   4.667 999.000
     134     LEU  58.035 999.000  41.347 999.000 177.648 999.000   8.927 999.000 119.499 999.000   4.130 999.000
     135     ASN  56.332 999.000  39.026 999.000 176.888 999.000   8.098 999.000 116.386 999.000   4.443 999.000
     136     ASP  55.624 999.000  41.120 999.000 176.800 999.000   7.600 999.000 117.999 999.000   4.527 999.000
     137     HIS  56.273 999.000  31.409 999.000 174.757 999.000   8.087 999.000 113.715 999.000   4.772 999.000
     138     LEU  56.262 999.000  43.983 999.000 176.800 999.000   8.180 999.000 120.209 999.000   4.528 999.000
     139     GLU  61.736 999.000  27.882 999.000 176.328 999.000   8.594 999.000 118.237 999.000   3.998 999.000
     140     PRO  65.346 999.000  31.365 999.000 178.141 999.000-999.000-999.000 999.000 999.000   4.176 999.000
     141     TRP  58.190 999.000  30.088 999.000 178.408 999.000   7.074 999.000 116.604 999.000   4.649 999.000
     142     ILE  64.699 999.000  37.288 999.000 177.296 999.000   8.196 999.000 120.016 999.000   3.755 999.000
     143     GLN  59.027 999.000  27.752 999.000 178.688 999.000   8.336 999.000 119.049 999.000   4.096 999.000
     144     GLU  58.420 999.000  29.472 999.000 177.876 999.000   7.842 999.000 118.755 999.000   4.103 999.000
     145     ASN  54.425 999.000  39.685 999.000 175.617 999.000   7.826 999.000 115.211 999.000   4.553 999.000
     146     GLY  45.484 999.000-999.000-999.000 173.971 999.000   7.771 999.000 106.327 999.000   4.126 999.000
     147     GLY  44.839 999.000-999.000-999.000 173.466 999.000   8.307 999.000 107.767 999.000   4.126 999.000
     148     TRP  60.379 999.000  29.559 999.000 177.675 999.000   9.006 999.000 123.477 999.000   4.562 999.000
     149     ASP  57.237 999.000  39.810 999.000 177.780 999.000   8.318 999.000 119.208 999.000   4.288 999.000
     150     THR  65.049 999.000  68.423 999.000 176.124 999.000   7.695 999.000 113.619 999.000   3.975 999.000
     151     PHE  60.115 999.000  39.517 999.000 177.543 999.000   7.688 999.000 120.999 999.000   4.323 999.000
     152     VAL  65.561 999.000  31.054 999.000 177.745 999.000   7.646 999.000 117.719 999.000   3.527 999.000
     153     GLU  58.833 999.000  28.926 999.000 178.357 999.000   7.519 999.000 120.497 999.000   3.858 999.000
     154     LEU  57.282 999.000  41.651 999.000 177.914 999.000   7.150 999.000 120.004 999.000   3.645 999.000
     155     TYR  57.956 999.000  38.882 999.000 176.744 999.000   7.594 999.000 117.890 999.000   4.480 999.000
     156     GLY  45.217 999.000-999.000-999.000 174.460 999.000   7.831 999.000 106.798 999.000   3.773 999.000
     157     ASN  53.368 999.000  38.971 999.000 175.671 999.000   7.983 999.000 117.815 999.000   4.554 999.000
     158     ASN  54.017 999.000  39.047 999.000 176.052 999.000   8.157 999.000 118.464 999.000   4.542 999.000
     159     ALA  54.938 999.000  18.514 999.000 179.145 999.000   8.434 999.000 122.650 999.000   4.056 999.000
     160     ALA  54.067 999.000  18.120 999.000 179.622 999.000   7.652 999.000 120.136 999.000   4.229 999.000
     161     ALA  54.193 999.000  18.215 999.000 179.697 999.000   7.522 999.000 120.608 999.000   4.208 999.000
     162     GLU  58.786 999.000  29.186 999.000 178.980 999.000   8.009 999.000 118.078 999.000   4.074 999.000
     163     SER  60.962 999.000  63.136 999.000 176.262 999.000   7.850 999.000 114.762 999.000   4.262 999.000
     164     ARG  57.598 999.000  29.929 999.000 177.900 999.000   7.559 999.000 121.713 999.000   4.259 999.000
     165     LYS  57.176 999.000  32.278 999.000 178.100 999.000   7.758 999.000 119.137 999.000   4.236 999.000
     166     GLY  45.404 999.000-999.000-999.000 174.464 999.000   7.836 999.000 106.938 999.000   3.952 999.000
     167     GLN  56.268 999.000  29.328 999.000 176.354 999.000   7.891 999.000 119.491 999.000   4.303 999.000
     168     GLU  56.933 999.000  29.791 999.000 176.502 999.000   8.022 999.000 118.982 999.000   4.286 999.000
     169     ARG 999.000 999.000 999.000 999.000 999.000 999.000 999.000 999.000 999.000 999.000 999.000 999.000
     630     GLU 999.000 999.000 999.000 999.000 999.000 999.000-999.000-999.000 999.000 999.000 999.000 999.000
     631     GLU 999.000 999.000 999.000 999.000 999.000 999.000 999.000 999.000 999.000 999.000 999.000 999.000
     632     GLN  57.526 999.000  28.089 999.000 177.556 999.000   8.163 999.000 118.595 999.000   4.143 999.000
     633     TRP  60.383 999.000  28.858 999.000 177.779 999.000   7.944 999.000 121.186 999.000   4.288 999.000
     634     ALA  55.103 999.000  18.138 999.000 179.180 999.000   7.995 999.000 120.975 999.000   3.697 999.000
     635     ARG  59.331 999.000  29.744 999.000 178.547 999.000   8.033 999.000 118.111 999.000   3.944 999.000
     636     GLU  59.021 999.000  29.415 999.000 179.028 999.000   7.680 999.000 119.612 999.000   4.072 999.000
     637     ILE  63.814 999.000  36.691 999.000 178.029 999.000   7.936 999.000 119.622 999.000   3.583 999.000
     638     GLY  47.613 999.000-999.000-999.000 176.019 999.000   8.349 999.000 107.617 999.000   3.747 999.000
     639     ALA  54.800 999.000  18.203 999.000 178.930 999.000   7.917 999.000 124.231 999.000   4.040 999.000
     640     GLN  58.880 999.000  28.314 999.000 178.426 999.000   7.917 999.000 118.466 999.000   3.923 999.000
     641     LEU  58.175 999.000  41.329 999.000 178.690 999.000   8.558 999.000 120.233 999.000   3.928 999.000
     642     ARG  59.277 999.000  29.913 999.000 178.507 999.000   7.899 999.000 118.473 999.000   3.908 999.000
     643     ARG  58.040 999.000  30.037 999.000 178.037 999.000   7.704 999.000 118.451 999.000   4.164 999.000
     644     MET  58.164 999.000  32.910 999.000 176.840 999.000   8.287 999.000 118.793 999.000   3.900 999.000
     645     ALA  52.068 999.000  19.274 999.000 176.452 999.000   7.483 999.000 119.692 999.000   4.359 999.000
     646     ASP  53.860 999.000  41.435 999.000 175.972 999.000   7.695 999.000 117.845 999.000   4.500 999.000
     647     ASP  54.106 999.000  40.998 999.000 176.578 999.000   8.379 999.000 121.580 999.000   4.466 999.000
     648     LEU  55.643 999.000  42.051 999.000 177.012 999.000   7.881 999.000 120.107 999.000   4.115 999.000
     649     ASN  53.274 999.000  38.799 999.000 175.338 999.000   8.190 999.000 117.220 999.000   4.556 999.000
     650     ALA  52.389 999.000  19.387 999.000 177.265 999.000   7.979 999.000 121.903 999.000   4.228 999.000
     651     GLN  56.230 999.000  29.148 999.000 176.011 999.000   8.141 999.000 118.230 999.000   4.116 999.000
     652     TYR  58.241 999.000  38.631 999.000 175.496 999.000   8.259 999.000 118.470 999.000   4.512 999.000
     653     GLU  56.971 999.000  30.249 999.000 176.476 999.000   8.174 999.000 119.776 999.000   4.249 999.000
     654     ARG 999.000 999.000 999.000 999.000 999.000 999.000 999.000 999.000 999.000 999.000 999.000 999.000
