   index residue  pre_ca  exp_ca  pre_cb  exp_cb   pre_c   exp_c   pre_h   exp_h   pre_n   exp_n  pre_ha  exp_ha
       1     MET 999.000 999.000 999.000 999.000 999.000 999.000-999.000-999.000 999.000 999.000 999.000 999.000
       2     SER 999.000 999.000 999.000 999.000 999.000 999.000 999.000 999.000 999.000 999.000 999.000 999.000
       3     GLN  57.016 999.000  28.192 999.000 177.375 999.000   8.691 999.000 121.467 999.000   4.324 999.000
       4     SER  61.232 999.000  62.918 999.000 175.854 999.000   8.743 999.000 115.191 999.000   4.162 999.000
       5     ASN  55.221 999.000  38.574 999.000 176.437 999.000   8.058 999.000 119.654 999.000   4.705 999.000
       6     ARG  59.448 999.000  29.781 999.000 177.942 999.000   7.846 999.000 121.389 999.000   4.112 999.000
       7     GLU  59.116 999.000  29.104 999.000 178.859 999.000   8.043 999.000 118.660 999.000   3.989 999.000
       8     LEU  57.544 999.000  41.638 999.000 178.610 999.000   7.349 999.000 119.335 999.000   4.009 999.000
       9     VAL  66.459 999.000  31.415 999.000 177.553 999.000   7.730 999.000 119.270 999.000   3.638 999.000
      10     VAL  67.058 999.000  31.222 999.000 176.391 999.000   8.450 999.000 119.183 999.000   3.103 999.000
      11     ASP  57.613 999.000  41.039 999.000 177.661 999.000   7.586 999.000 119.867 999.000   4.218 999.000
      12     PHE  61.435 999.000  39.634 999.000 177.002 999.000   7.629 999.000 120.654 999.000   4.168 999.000
      13     LEU  58.147 999.000  41.014 999.000 178.583 999.000   8.523 999.000 118.200 999.000   3.923 999.000
      14     SER  62.104 999.000  62.583 999.000 176.440 999.000   8.158 999.000 115.058 999.000   4.136 999.000
      15     TYR  61.109 999.000  37.920 999.000 176.975 999.000   7.978 999.000 124.031 999.000   4.262 999.000
      16     LYS  58.488 999.000  31.354 999.000 178.932 999.000   7.909 999.000 118.040 999.000   3.709 999.000
      17     LEU  57.610 999.000  41.707 999.000 178.818 999.000   8.383 999.000 118.961 999.000   4.227 999.000
      18     SER  61.562 999.000  62.928 999.000 177.100 999.000   8.460 999.000 115.894 999.000   4.230 999.000
      19     GLN  57.925 999.000  28.518 999.000 177.158 999.000   7.971 999.000 119.843 999.000   4.053 999.000
      20     LYS  55.603 999.000  32.393 999.000 176.553 999.000   7.330 999.000 116.775 999.000   4.266 999.000
      21     GLY  45.432 999.000-999.000-999.000 174.008 999.000   7.577 999.000 107.571 999.000   3.831 999.000
      22     TYR  56.622 999.000  39.428 999.000 175.552 999.000   7.909 999.000 120.088 999.000   4.817 999.000
      23     SER  57.163 999.000  64.284 999.000 174.949 999.000   8.280 999.000 117.198 999.000   4.617 999.000
      24     TRP  59.590 999.000  29.897 999.000 177.532 999.000   9.118 999.000 126.693 999.000   4.571 999.000
      25     SER  61.185 999.000  62.445 999.000 176.121 999.000   8.433 999.000 114.641 999.000   4.079 999.000
      26     GLN  57.443 999.000  28.739 999.000 176.302 999.000   7.332 999.000 120.741 999.000   3.931 999.000
      27     PHE  57.654 999.000  40.321 999.000 176.110 999.000   7.251 999.000 115.987 999.000   4.367 999.000
      28     SER  57.547 999.000  64.821 999.000 174.125 999.000   7.143 999.000 114.439 999.000   4.258 999.000
      29     ASP  53.515 999.000  40.553 999.000 176.959 999.000   8.412 999.000 122.473 999.000   4.623 999.000
      30     VAL  64.232 999.000  31.717 999.000 177.425 999.000   8.241 999.000 120.985 999.000   3.870 999.000
      31     GLU  58.059 999.000  29.169 999.000 177.539 999.000   8.377 999.000 119.647 999.000   4.154 999.000
      32     GLU  57.125 999.000  30.196 999.000 177.147 999.000   7.820 999.000 117.768 999.000   4.225 999.000
      33     ASN  53.210 999.000  38.733 999.000 175.622 999.000   7.668 999.000 117.621 999.000   4.703 999.000
      34     ARG  56.288 999.000  30.539 999.000 176.703 999.000   8.272 999.000 121.034 999.000   4.377 999.000
      35     THR  62.141 999.000  69.770 999.000 174.791 999.000   7.984 999.000 113.086 999.000   4.324 999.000
      36     GLU  56.315 999.000  30.456 999.000 175.742 999.000   8.461 999.000 122.055 999.000   4.309 999.000
      37     ALA  50.867 999.000  18.292 999.000 175.626 999.000   8.219 999.000 123.761 999.000   4.495 999.000
      38     PRO  63.112 999.000  32.337 999.000 176.629 999.000-999.000-999.000 999.000 999.000   4.532 999.000
      39     GLU  56.182 999.000  30.483 999.000 176.814 999.000   8.463 999.000 119.732 999.000   4.275 999.000
      40     GLY  45.245 999.000-999.000-999.000 174.678 999.000   8.525 999.000 109.314 999.000   4.062 999.000
      41     THR  61.463 999.000  70.560 999.000 174.982 999.000   8.121 999.000 112.814 999.000   4.457 999.000
      42     GLU  58.018 999.000  29.298 999.000 177.328 999.000   8.876 999.000 121.571 999.000   4.216 999.000
      43     SER  60.072 999.000  63.303 999.000 175.675 999.000   8.269 999.000 114.788 999.000   4.257 999.000
      44     GLU  59.353 999.000  29.001 999.000 178.407 999.000   7.994 999.000 123.200 999.000   3.951 999.000
      45     ALA  54.853 999.000  18.316 999.000 179.630 999.000   7.950 999.000 120.430 999.000   4.186 999.000
      46     VAL  65.833 999.000  31.382 999.000 177.827 999.000   7.418 999.000 119.332 999.000   3.649 999.000
      47     LYS  60.142 999.000  32.009 999.000 178.891 999.000   8.211 999.000 119.718 999.000   3.740 999.000
      48     GLN  58.743 999.000  28.255 999.000 178.180 999.000   8.119 999.000 118.666 999.000   3.968 999.000
      49     ALA  55.108 999.000  18.152 999.000 179.579 999.000   7.850 999.000 122.402 999.000   4.064 999.000
      50     LEU  58.132 999.000  41.548 999.000 178.826 999.000   8.515 999.000 118.907 999.000   4.081 999.000
      51     ARG  59.805 999.000  29.804 999.000 178.468 999.000   8.005 999.000 118.875 999.000   3.933 999.000
      52     GLU  59.043 999.000  29.180 999.000 178.912 999.000   8.162 999.000 118.904 999.000   4.141 999.000
      53     ALA  54.859 999.000  18.193 999.000 179.424 999.000   8.482 999.000 121.788 999.000   4.214 999.000
      54     GLY  47.329 999.000-999.000-999.000 175.510 999.000   8.590 999.000 106.652 999.000   4.107 999.000
      55     ASP  56.788 999.000  40.393 999.000 177.999 999.000   8.361 999.000 122.053 999.000   4.598 999.000
      56     GLU  58.937 999.000  29.677 999.000 178.229 999.000   7.822 999.000 120.315 999.000   4.202 999.000
      57     PHE  61.890 999.000  38.965 999.000 178.076 999.000   8.718 999.000 119.550 999.000   4.264 999.000
      58     GLU  58.902 999.000  29.408 999.000 178.313 999.000   8.300 999.000 118.490 999.000   4.256 999.000
      59     LEU  56.972 999.000  42.570 999.000 177.810 999.000   7.525 999.000 120.052 999.000   4.259 999.000
      60     ARG  57.246 999.000  31.396 999.000 176.603 999.000   8.146 999.000 115.232 999.000   4.034 999.000
      61     TYR  56.308 999.000  38.078 999.000 175.620 999.000   7.920 999.000 117.397 999.000   4.791 999.000
      62     ARG  59.017 999.000  30.000 999.000 177.577 999.000   7.932 999.000 120.965 999.000   3.767 999.000
      63     ARG  57.638 999.000  29.421 999.000 177.728 999.000   8.297 999.000 117.650 999.000   4.165 999.000
      64     ALA  54.144 999.000  18.635 999.000 177.876 999.000   7.660 999.000 120.931 999.000   4.207 999.000
      65     PHE  57.716 999.000  39.932 999.000 176.293 999.000   7.584 999.000 112.900 999.000   4.795 999.000
      66     SER  61.258 999.000  62.546 999.000 176.239 999.000   8.293 999.000 116.768 999.000   4.192 999.000
      67     ASP  56.113 999.000  39.982 999.000 178.129 999.000   7.844 999.000 122.031 999.000   4.500 999.000
      68     LEU  57.439 999.000  41.605 999.000 178.698 999.000   7.582 999.000 119.964 999.000   4.013 999.000
      69     THR  65.345 999.000  68.619 999.000 176.740 999.000   8.221 999.000 112.721 999.000   4.243 999.000
      70     SER  60.383 999.000  63.440 999.000 175.673 999.000   7.793 999.000 116.683 999.000   4.356 999.000
      71     GLN  57.329 999.000  28.955 999.000 177.070 999.000   7.549 999.000 121.100 999.000   4.226 999.000
      72     LEU  54.710 999.000  42.183 999.000 176.216 999.000   7.256 999.000 120.781 999.000   4.281 999.000
      73     HIS  55.890 999.000  29.925 999.000 175.394 999.000   8.591 999.000 125.686 999.000   4.634 999.000
      74     ILE  60.908 999.000  38.823 999.000 175.179 999.000   8.069 999.000 123.903 999.000   4.432 999.000
      75     THR  58.463 999.000  69.980 999.000 173.734 999.000   7.997 999.000 116.966 999.000   4.784 999.000
      76     PRO  64.671 999.000  31.652 999.000 177.547 999.000-999.000-999.000 999.000 999.000   4.415 999.000
      77     GLY  45.067 999.000-999.000-999.000 175.049 999.000   8.339 999.000 107.488 999.000   4.136 999.000
      78     THR  63.597 999.000  69.495 999.000 174.183 999.000   7.698 999.000 117.657 999.000   4.231 999.000
      79     ALA  50.875 999.000  21.108 999.000 176.803 999.000   8.616 999.000 128.747 999.000   4.695 999.000
      80     TYR  61.035 999.000  38.033 999.000 177.284 999.000   8.892 999.000 120.792 999.000   3.101 999.000
      81     GLN  58.746 999.000  27.720 999.000 178.168 999.000   8.452 999.000 118.179 999.000   3.837 999.000
      82     SER  60.801 999.000  62.925 999.000 176.004 999.000   7.584 999.000 114.619 999.000   4.260 999.000
      83     PHE  60.877 999.000  39.386 999.000 176.602 999.000   7.152 999.000 123.585 999.000   4.183 999.000
      84     GLU  59.906 999.000  29.336 999.000 178.359 999.000   8.545 999.000 119.230 999.000   3.586 999.000
      85     GLN  58.533 999.000  28.307 999.000 178.339 999.000   7.578 999.000 117.318 999.000   3.972 999.000
      86     VAL  65.024 999.000  31.949 999.000 177.740 999.000   7.081 999.000 119.228 999.000   3.701 999.000
      87     VAL  65.570 999.000  31.120 999.000 177.763 999.000   7.691 999.000 118.737 999.000   3.312 999.000
      88     ASN  55.964 999.000  37.841 999.000 177.347 999.000   8.424 999.000 118.235 999.000   4.302 999.000
      89     GLU  58.435 999.000  29.580 999.000 178.043 999.000   7.336 999.000 119.574 999.000   4.070 999.000
      90     LEU  56.932 999.000  41.894 999.000 177.081 999.000   7.307 999.000 119.331 999.000   3.944 999.000
      91     PHE  58.569 999.000  39.065 999.000 176.223 999.000   7.646 999.000 114.911 999.000   4.461 999.000
      92     ARG  58.686 999.000  29.794 999.000 176.887 999.000   7.528 999.000 120.434 999.000   3.952 999.000
      93     ASP  53.842 999.000  40.700 999.000 176.290 999.000   8.110 999.000 116.858 999.000   4.621 999.000
      94     GLY  44.665 999.000-999.000-999.000 173.338 999.000   7.533 999.000 107.966 999.000   4.076 999.000
      95     VAL  62.095 999.000  32.526 999.000 175.226 999.000   7.987 999.000 119.676 999.000   3.889 999.000
      96     ASN  51.982 999.000  41.153 999.000 174.607 999.000   7.674 999.000 122.193 999.000   4.303 999.000
      97     TRP  60.128 999.000  30.409 999.000 178.151 999.000   8.912 999.000 120.660 999.000   4.531 999.000
      98     GLY  47.102 999.000-999.000-999.000 175.941 999.000   8.900 999.000 106.941 999.000   4.137 999.000
      99     ARG  58.802 999.000  29.878 999.000 178.278 999.000   8.014 999.000 121.496 999.000   4.164 999.000
     100     ILE  65.319 999.000  37.686 999.000 177.581 999.000   7.987 999.000 120.695 999.000   4.032 999.000
     101     VAL  66.943 999.000  31.288 999.000 176.751 999.000   8.341 999.000 119.498 999.000   3.431 999.000
     102     ALA  55.523 999.000  18.042 999.000 178.714 999.000   8.237 999.000 122.680 999.000   3.937 999.000
     103     PHE  60.752 999.000  38.508 999.000 176.916 999.000   8.295 999.000 119.649 999.000   4.256 999.000
     104     PHE  62.668 999.000  38.771 999.000 177.635 999.000   8.683 999.000 118.500 999.000   3.610 999.000
     105     SER  61.966 999.000  62.645 999.000 176.460 999.000   8.396 999.000 115.345 999.000   4.135 999.000
     106     PHE  60.106 999.000  38.321 999.000 176.818 999.000   8.796 999.000 123.696 999.000   4.340 999.000
     107     GLY  47.538 999.000-999.000-999.000 176.200 999.000   8.227 999.000 106.674 999.000   3.629 999.000
     108     GLY  47.310 999.000-999.000-999.000 175.493 999.000   8.451 999.000 109.662 999.000   3.942 999.000
     109     ALA  54.851 999.000  18.347 999.000 178.950 999.000   8.214 999.000 124.589 999.000   4.178 999.000
     110     LEU  58.014 999.000  41.628 999.000 177.624 999.000   8.577 999.000 119.744 999.000   4.117 999.000
     111     CYS 999.000 999.000 999.000 999.000 999.000 999.000 999.000 999.000 999.000 999.000   3.937 999.000
     112     VAL  66.418 999.000  31.286 999.000 177.565 999.000   8.031 999.000 120.265 999.000   3.494 999.000
     113     GLU  59.539 999.000  29.043 999.000 178.495 999.000   8.415 999.000 120.406 999.000   4.012 999.000
     114     SER  62.073 999.000  63.028 999.000 176.310 999.000   8.147 999.000 115.633 999.000   4.107 999.000
     115     VAL  65.262 999.000  31.244 999.000 177.633 999.000   7.601 999.000 120.877 999.000   3.591 999.000
     116     ASP  56.383 999.000  41.155 999.000 177.699 999.000   7.916 999.000 119.904 999.000   4.433 999.000
     117     LYS  56.474 999.000  32.141 999.000 176.007 999.000   7.805 999.000 116.608 999.000   4.218 999.000
     118     GLU  57.423 999.000  27.216 999.000 175.572 999.000   7.918 999.000 115.547 999.000   4.012 999.000
     119     MET  54.780 999.000  32.010 999.000 176.110 999.000   8.414 999.000 118.944 999.000   4.729 999.000
     120     GLN  58.766 999.000  27.905 999.000 177.584 999.000   7.969 999.000 119.729 999.000   3.882 999.000
     121     VAL  64.096 999.000  31.535 999.000 177.249 999.000   7.643 999.000 118.017 999.000   3.864 999.000
     122     LEU  56.857 999.000  41.333 999.000 178.126 999.000   7.807 999.000 119.803 999.000   3.953 999.000
     123     VAL  66.638 999.000  31.269 999.000 177.783 999.000   7.445 999.000 118.839 999.000   3.275 999.000
     124     SER  61.430 999.000  62.783 999.000 176.328 999.000   8.295 999.000 114.487 999.000   4.120 999.000
     125     ARG  58.509 999.000  30.033 999.000 178.102 999.000   6.845 999.000 122.564 999.000   3.773 999.000
     126     ILE  65.628 999.000  37.761 999.000 177.408 999.000   8.238 999.000 120.847 999.000   2.937 999.000
     127     ALA  55.485 999.000  18.121 999.000 179.169 999.000   7.840 999.000 120.619 999.000   3.909 999.000
     128     ALA  54.960 999.000  18.438 999.000 178.829 999.000   7.237 999.000 121.246 999.000   4.160 999.000
     129     TRP  58.633 999.000  28.555 999.000 178.828 999.000   8.711 999.000 119.899 999.000   4.346 999.000
     130     MET  59.769 999.000  32.766 999.000 177.770 999.000   8.733 999.000 117.331 999.000   4.513 999.000
     131     ALA  55.161 999.000  18.273 999.000 178.639 999.000   8.045 999.000 121.591 999.000   4.186 999.000
     132     THR  66.786 999.000  67.961 999.000 175.560 999.000   8.432 999.000 116.174 999.000   4.009 999.000
     133     TYR  62.212 999.000  38.794 999.000 176.874 999.000   8.712 999.000 122.960 999.000   4.197 999.000
     134     LEU  58.557 999.000  41.419 999.000 177.780 999.000   8.693 999.000 119.181 999.000   4.055 999.000
     135     ASN  56.195 999.000  38.927 999.000 177.205 999.000   8.093 999.000 116.594 999.000   4.380 999.000
     136     ASP  55.964 999.000  40.884 999.000 176.928 999.000   8.153 999.000 118.188 999.000   4.395 999.000
     137     HIS  57.264 999.000  31.908 999.000 175.874 999.000   7.776 999.000 114.118 999.000   4.415 999.000
     138     LEU  56.199 999.000  42.435 999.000 177.640 999.000   7.920 999.000 116.614 999.000   4.156 999.000
     139     GLU  61.663 999.000  28.156 999.000 176.124 999.000   8.790 999.000 119.760 999.000   4.023 999.000
     140     PRO  65.418 999.000  31.449 999.000 178.046 999.000-999.000-999.000 999.000 999.000   4.205 999.000
     141     TRP  60.540 999.000  29.491 999.000 177.773 999.000   7.114 999.000 118.568 999.000   4.184 999.000
     142     ILE  65.624 999.000  37.903 999.000 177.236 999.000   8.442 999.000 119.946 999.000   3.144 999.000
     143     GLN  59.021 999.000  28.049 999.000 178.588 999.000   8.354 999.000 118.029 999.000   3.974 999.000
     144     GLU  58.251 999.000  29.674 999.000 177.832 999.000   7.488 999.000 119.141 999.000   3.995 999.000
     145     ASN  54.490 999.000  39.638 999.000 175.640 999.000   7.688 999.000 115.315 999.000   4.272 999.000
     146     GLY  45.168 999.000-999.000-999.000 174.682 999.000   7.552 999.000 107.435 999.000   4.105 999.000
     147     GLY  44.278 999.000-999.000-999.000 173.633 999.000   8.293 999.000 107.547 999.000   4.136 999.000
     148     TRP  59.873 999.000  29.724 999.000 177.598 999.000   8.896 999.000 119.995 999.000   4.611 999.000
     149     ASP  56.816 999.000  39.704 999.000 178.145 999.000   8.445 999.000 119.669 999.000   4.431 999.000
     150     THR  64.500 999.000  68.650 999.000 175.982 999.000   7.604 999.000 113.562 999.000   4.120 999.000
     151     PHE  60.567 999.000  39.545 999.000 176.554 999.000   7.602 999.000 123.496 999.000   3.807 999.000
     152     VAL  64.897 999.000  31.181 999.000 177.526 999.000   7.782 999.000 116.086 999.000   3.771 999.000
     153     GLU  57.745 999.000  29.764 999.000 176.808 999.000   7.452 999.000 118.636 999.000   4.115 999.000
     154     LEU  56.001 999.000  43.646 999.000 176.763 999.000   7.131 999.000 117.984 999.000   4.089 999.000
     155     TYR  57.717 999.000  40.936 999.000 175.492 999.000   7.982 999.000 114.943 999.000   4.503 999.000
     156     GLY  44.558 999.000-999.000-999.000 174.241 999.000   8.193 999.000 106.943 999.000   4.087 999.000
     157     ASN  55.725 999.000  38.455 999.000 176.912 999.000   8.790 999.000 118.946 999.000   4.349 999.000
     158     ASN  55.215 999.000  38.146 999.000 176.688 999.000   8.425 999.000 117.088 999.000   4.533 999.000
     159     ALA  54.540 999.000  18.313 999.000 179.309 999.000   7.704 999.000 123.088 999.000   4.067 999.000
     160     ALA  54.448 999.000  17.991 999.000 179.666 999.000   7.944 999.000 120.295 999.000   4.112 999.000
     161     ALA  54.554 999.000  18.006 999.000 179.911 999.000   7.694 999.000 120.538 999.000   4.167 999.000
     162     GLU  58.915 999.000  29.071 999.000 179.220 999.000   7.921 999.000 117.923 999.000   4.127 999.000
     163     SER  60.967 999.000  63.024 999.000 176.657 999.000   7.982 999.000 115.258 999.000   4.267 999.000
     164     ARG  58.166 999.000  29.626 999.000 178.361 999.000   7.804 999.000 122.056 999.000   4.181 999.000
     165     LYS  57.974 999.000  32.001 999.000 178.701 999.000   7.895 999.000 118.976 999.000   4.191 999.000
     166     GLY  45.869 999.000-999.000-999.000 175.158 999.000   7.837 999.000 107.172 999.000   3.972 999.000
     167     GLN  57.060 999.000  28.956 999.000 177.126 999.000   7.789 999.000 120.048 999.000   4.258 999.000
     168     GLU  57.128 999.000  29.891 999.000 176.986 999.000   7.665 999.000 118.622 999.000   4.290 999.000
     169     ARG 999.000 999.000 999.000 999.000 999.000 999.000 999.000 999.000 999.000 999.000 999.000 999.000
