   index residue  pre_ca  exp_ca  pre_cb  exp_cb   pre_c   exp_c   pre_h   exp_h   pre_n   exp_n  pre_ha  exp_ha
       1     MET 999.000 999.000 999.000 999.000 999.000 999.000-999.000-999.000 999.000 999.000 999.000 999.000
       2     SER 999.000 999.000 999.000 999.000 999.000 999.000 999.000 999.000 999.000 999.000 999.000 999.000
       3     GLN  56.296 999.000  28.310 999.000 177.016 999.000   8.438 999.000 121.545 999.000   4.421 999.000
       4     SER  61.235 999.000  62.998 999.000 175.764 999.000   8.756 999.000 116.207 999.000   4.156 999.000
       5     ASN  55.088 999.000  38.467 999.000 176.251 999.000   8.124 999.000 119.486 999.000   4.703 999.000
       6     ARG  59.363 999.000  29.719 999.000 177.892 999.000   7.796 999.000 121.366 999.000   4.131 999.000
       7     GLU  59.153 999.000  29.121 999.000 178.900 999.000   7.920 999.000 118.587 999.000   3.993 999.000
       8     LEU  57.667 999.000  41.497 999.000 178.662 999.000   7.377 999.000 119.652 999.000   4.004 999.000
       9     VAL  66.497 999.000  31.387 999.000 177.598 999.000   7.737 999.000 119.446 999.000   3.616 999.000
      10     VAL  67.041 999.000  31.202 999.000 176.453 999.000   8.443 999.000 118.998 999.000   3.094 999.000
      11     ASP  57.662 999.000  41.044 999.000 177.659 999.000   7.639 999.000 119.995 999.000   4.218 999.000
      12     PHE  61.482 999.000  39.650 999.000 177.035 999.000   7.687 999.000 120.777 999.000   4.166 999.000
      13     LEU  58.097 999.000  40.980 999.000 178.541 999.000   8.539 999.000 118.253 999.000   3.912 999.000
      14     SER  62.075 999.000  62.564 999.000 176.451 999.000   8.097 999.000 115.072 999.000   4.149 999.000
      15     TYR  61.068 999.000  37.843 999.000 176.991 999.000   7.987 999.000 123.906 999.000   4.262 999.000
      16     LYS  58.496 999.000  31.357 999.000 178.933 999.000   7.846 999.000 118.064 999.000   3.688 999.000
      17     LEU  57.613 999.000  41.695 999.000 178.821 999.000   8.367 999.000 119.009 999.000   4.224 999.000
      18     SER  61.558 999.000  62.910 999.000 177.083 999.000   8.494 999.000 115.862 999.000   4.234 999.000
      19     GLN  57.906 999.000  28.565 999.000 177.137 999.000   7.924 999.000 119.833 999.000   4.068 999.000
      20     LYS  55.555 999.000  32.380 999.000 176.551 999.000   7.323 999.000 116.781 999.000   4.269 999.000
      21     GLY  45.438 999.000-999.000-999.000 173.981 999.000   7.578 999.000 107.570 999.000   3.831 999.000
      22     TYR  56.598 999.000  39.477 999.000 175.522 999.000   7.885 999.000 120.082 999.000   4.818 999.000
      23     SER  57.148 999.000  64.321 999.000 174.945 999.000   8.295 999.000 117.212 999.000   4.621 999.000
      24     TRP  59.691 999.000  29.888 999.000 177.558 999.000   9.118 999.000 126.643 999.000   4.545 999.000
      25     SER  61.148 999.000  62.430 999.000 176.093 999.000   8.435 999.000 114.523 999.000   4.091 999.000
      26     GLN  57.400 999.000  28.758 999.000 176.267 999.000   7.316 999.000 120.798 999.000   3.928 999.000
      27     PHE  57.635 999.000  40.333 999.000 176.106 999.000   7.251 999.000 115.927 999.000   4.375 999.000
      28     SER  57.508 999.000  64.866 999.000 174.125 999.000   7.159 999.000 114.342 999.000   4.278 999.000
      29     ASP  53.555 999.000  40.642 999.000 176.966 999.000   8.411 999.000 122.299 999.000   4.614 999.000
      30     VAL  64.297 999.000  31.686 999.000 177.517 999.000   8.270 999.000 121.008 999.000   3.862 999.000
      31     GLU  58.151 999.000  29.122 999.000 177.668 999.000   8.376 999.000 119.700 999.000   4.153 999.000
      32     GLU  57.193 999.000  30.111 999.000 177.234 999.000   7.840 999.000 117.933 999.000   4.223 999.000
      33     ASN  53.334 999.000  38.774 999.000 175.719 999.000   7.714 999.000 117.535 999.000   4.716 999.000
      34     ARG  56.375 999.000  30.538 999.000 176.440 999.000   8.099 999.000 120.018 999.000   4.389 999.000
      35     THR  62.014 999.000  69.879 999.000 174.832 999.000   8.043 999.000 113.797 999.000   4.342 999.000
      36     GLU  56.422 999.000  30.360 999.000 175.813 999.000   8.540 999.000 121.394 999.000   4.305 999.000
      37     ALA  50.854 999.000  18.314 999.000 175.616 999.000   8.155 999.000 123.466 999.000   4.496 999.000
      38     PRO  62.939 999.000  32.425 999.000 176.581 999.000-999.000-999.000 999.000 999.000   4.538 999.000
      39     GLU  56.334 999.000  30.324 999.000 176.854 999.000   8.526 999.000 120.705 999.000   4.245 999.000
      40     GLY  45.213 999.000-999.000-999.000 174.702 999.000   8.546 999.000 109.185 999.000   4.071 999.000
      41     THR  61.736 999.000  70.354 999.000 175.172 999.000   8.151 999.000 112.685 999.000   4.409 999.000
      42     GLU  58.229 999.000  29.217 999.000 177.471 999.000   8.826 999.000 121.315 999.000   4.192 999.000
      43     SER  60.270 999.000  63.251 999.000 175.784 999.000   8.227 999.000 114.765 999.000   4.239 999.000
      44     GLU  59.341 999.000  28.962 999.000 178.464 999.000   7.954 999.000 123.004 999.000   3.950 999.000
      45     ALA  54.880 999.000  18.310 999.000 179.635 999.000   7.929 999.000 120.503 999.000   4.186 999.000
      46     VAL  65.819 999.000  31.374 999.000 177.837 999.000   7.418 999.000 119.325 999.000   3.640 999.000
      47     LYS  60.137 999.000  32.008 999.000 178.879 999.000   8.192 999.000 119.739 999.000   3.739 999.000
      48     GLN  58.745 999.000  28.195 999.000 178.144 999.000   8.087 999.000 118.718 999.000   3.968 999.000
      49     ALA  55.126 999.000  18.142 999.000 179.615 999.000   7.860 999.000 122.335 999.000   4.050 999.000
      50     LEU  58.174 999.000  41.552 999.000 178.821 999.000   8.510 999.000 118.890 999.000   4.075 999.000
      51     ARG  59.810 999.000  29.825 999.000 178.502 999.000   8.024 999.000 118.696 999.000   3.949 999.000
      52     GLU  59.093 999.000  29.181 999.000 178.920 999.000   8.222 999.000 119.064 999.000   4.137 999.000
      53     ALA  54.840 999.000  18.200 999.000 179.414 999.000   8.447 999.000 121.760 999.000   4.201 999.000
      54     GLY  47.340 999.000-999.000-999.000 175.543 999.000   8.589 999.000 106.619 999.000   4.118 999.000
      55     ASP  56.815 999.000  40.330 999.000 177.981 999.000   8.365 999.000 121.948 999.000   4.617 999.000
      56     GLU  58.888 999.000  29.675 999.000 178.296 999.000   7.812 999.000 120.410 999.000   4.206 999.000
      57     PHE  61.902 999.000  38.990 999.000 178.004 999.000   8.750 999.000 119.759 999.000   4.256 999.000
      58     GLU  58.876 999.000  29.388 999.000 178.316 999.000   8.290 999.000 118.386 999.000   4.233 999.000
      59     LEU  56.942 999.000  42.543 999.000 177.868 999.000   7.526 999.000 119.996 999.000   4.251 999.000
      60     ARG  57.371 999.000  31.260 999.000 176.718 999.000   8.113 999.000 115.556 999.000   4.020 999.000
      61     TYR  56.296 999.000  38.025 999.000 175.629 999.000   7.931 999.000 117.654 999.000   4.789 999.000
      62     ARG  58.849 999.000  30.042 999.000 177.441 999.000   7.977 999.000 120.911 999.000   3.822 999.000
      63     ARG  57.360 999.000  29.697 999.000 177.507 999.000   8.281 999.000 117.534 999.000   4.211 999.000
      64     ALA  54.206 999.000  18.612 999.000 177.973 999.000   7.732 999.000 120.878 999.000   4.174 999.000
      65     PHE  57.846 999.000  39.814 999.000 176.317 999.000   7.580 999.000 113.169 999.000   4.767 999.000
      66     SER  61.319 999.000  62.531 999.000 176.237 999.000   8.167 999.000 116.789 999.000   4.196 999.000
      67     ASP  56.135 999.000  39.940 999.000 178.135 999.000   7.846 999.000 121.993 999.000   4.499 999.000
      68     LEU  57.475 999.000  41.648 999.000 178.663 999.000   7.546 999.000 120.016 999.000   4.021 999.000
      69     THR  65.284 999.000  68.631 999.000 176.721 999.000   8.271 999.000 112.552 999.000   4.243 999.000
      70     SER  60.411 999.000  63.432 999.000 175.659 999.000   7.817 999.000 116.719 999.000   4.356 999.000
      71     GLN  57.295 999.000  28.941 999.000 177.030 999.000   7.545 999.000 121.008 999.000   4.222 999.000
      72     LEU  54.671 999.000  42.236 999.000 176.205 999.000   7.245 999.000 120.780 999.000   4.286 999.000
      73     HIS  55.885 999.000  29.864 999.000 175.440 999.000   8.590 999.000 125.575 999.000   4.630 999.000
      74     ILE  60.943 999.000  38.784 999.000 175.184 999.000   8.075 999.000 123.842 999.000   4.419 999.000
      75     THR  58.449 999.000  69.996 999.000 173.729 999.000   7.991 999.000 116.980 999.000   4.784 999.000
      76     PRO  64.734 999.000  31.636 999.000 177.561 999.000-999.000-999.000 999.000 999.000   4.409 999.000
      77     GLY  45.068 999.000-999.000-999.000 175.069 999.000   8.324 999.000 107.522 999.000   4.131 999.000
      78     THR  63.642 999.000  69.462 999.000 174.184 999.000   7.711 999.000 117.879 999.000   4.221 999.000
      79     ALA  50.854 999.000  21.152 999.000 176.806 999.000   8.614 999.000 128.885 999.000   4.698 999.000
      80     TYR  61.166 999.000  38.052 999.000 177.281 999.000   8.885 999.000 120.819 999.000   3.103 999.000
      81     GLN  58.735 999.000  27.710 999.000 178.149 999.000   8.451 999.000 118.168 999.000   3.845 999.000
      82     SER  60.748 999.000  62.946 999.000 175.983 999.000   7.578 999.000 114.618 999.000   4.270 999.000
      83     PHE  60.907 999.000  39.383 999.000 176.596 999.000   7.152 999.000 123.590 999.000   4.170 999.000
      84     GLU  59.916 999.000  29.311 999.000 178.371 999.000   8.541 999.000 119.170 999.000   3.574 999.000
      85     GLN  58.468 999.000  28.345 999.000 178.263 999.000   7.535 999.000 117.247 999.000   3.972 999.000
      86     VAL  64.994 999.000  31.996 999.000 177.734 999.000   7.085 999.000 119.181 999.000   3.699 999.000
      87     VAL  65.321 999.000  31.081 999.000 177.770 999.000   7.642 999.000 118.034 999.000   3.327 999.000
      88     ASN  56.037 999.000  37.971 999.000 177.235 999.000   8.375 999.000 118.535 999.000   4.298 999.000
      89     GLU  58.439 999.000  29.526 999.000 177.970 999.000   7.383 999.000 119.343 999.000   4.082 999.000
      90     LEU  56.567 999.000  41.778 999.000 176.834 999.000   7.215 999.000 118.829 999.000   3.997 999.000
      91     PHE  58.801 999.000  39.511 999.000 176.335 999.000   7.597 999.000 115.679 999.000   4.418 999.000
      92     ARG  58.707 999.000  29.812 999.000 176.892 999.000   7.615 999.000 120.456 999.000   3.940 999.000
      93     ASP  53.786 999.000  40.678 999.000 176.281 999.000   8.086 999.000 116.994 999.000   4.615 999.000
      94     GLY  44.696 999.000-999.000-999.000 173.328 999.000   7.523 999.000 108.022 999.000   4.056 999.000
      95     VAL  61.876 999.000  32.701 999.000 175.142 999.000   7.953 999.000 119.553 999.000   3.902 999.000
      96     ASN  51.964 999.000  41.096 999.000 174.635 999.000   7.650 999.000 121.896 999.000   4.285 999.000
      97     TRP  60.105 999.000  30.381 999.000 178.154 999.000   8.901 999.000 120.428 999.000   4.543 999.000
      98     GLY  47.094 999.000-999.000-999.000 175.913 999.000   8.877 999.000 107.057 999.000   4.142 999.000
      99     ARG  58.914 999.000  30.000 999.000 178.265 999.000   8.014 999.000 121.353 999.000   4.165 999.000
     100     ILE  65.232 999.000  37.651 999.000 177.590 999.000   7.966 999.000 120.673 999.000   4.006 999.000
     101     VAL  66.941 999.000  31.280 999.000 176.748 999.000   8.344 999.000 119.468 999.000   3.435 999.000
     102     ALA  55.502 999.000  18.053 999.000 178.706 999.000   8.245 999.000 122.674 999.000   3.908 999.000
     103     PHE  60.707 999.000  38.510 999.000 176.920 999.000   8.302 999.000 119.661 999.000   4.266 999.000
     104     PHE  62.575 999.000  38.718 999.000 177.625 999.000   8.686 999.000 118.538 999.000   3.629 999.000
     105     SER  61.980 999.000  62.616 999.000 176.436 999.000   8.406 999.000 115.389 999.000   4.157 999.000
     106     PHE  60.195 999.000  38.406 999.000 176.828 999.000   8.821 999.000 123.631 999.000   4.299 999.000
     107     GLY  47.572 999.000-999.000-999.000 176.203 999.000   8.226 999.000 106.647 999.000   3.632 999.000
     108     GLY  47.312 999.000-999.000-999.000 175.497 999.000   8.463 999.000 109.691 999.000   3.936 999.000
     109     ALA  54.861 999.000  18.323 999.000 178.986 999.000   8.212 999.000 124.602 999.000   4.165 999.000
     110     LEU  58.057 999.000  41.604 999.000 177.602 999.000   8.568 999.000 119.681 999.000   4.102 999.000
     111     CYS 999.000 999.000 999.000 999.000 999.000 999.000 999.000 999.000 999.000 999.000   3.936 999.000
     112     VAL  66.413 999.000  31.290 999.000 177.550 999.000   8.035 999.000 120.169 999.000   3.493 999.000
     113     GLU  59.497 999.000  29.094 999.000 178.434 999.000   8.392 999.000 120.578 999.000   4.011 999.000
     114     SER  62.135 999.000  63.026 999.000 176.340 999.000   8.179 999.000 115.614 999.000   4.098 999.000
     115     VAL  65.245 999.000  31.218 999.000 177.635 999.000   7.606 999.000 120.547 999.000   3.592 999.000
     116     ASP  56.371 999.000  41.179 999.000 177.703 999.000   7.888 999.000 119.996 999.000   4.438 999.000
     117     LYS  56.490 999.000  32.149 999.000 176.026 999.000   7.840 999.000 116.545 999.000   4.218 999.000
     118     GLU  57.391 999.000  27.201 999.000 175.573 999.000   7.918 999.000 115.725 999.000   4.005 999.000
     119     MET  54.757 999.000  31.955 999.000 176.118 999.000   8.469 999.000 118.878 999.000   4.735 999.000
     120     GLN  58.761 999.000  27.912 999.000 177.591 999.000   7.978 999.000 119.667 999.000   3.878 999.000
     121     VAL  64.084 999.000  31.544 999.000 177.252 999.000   7.634 999.000 118.036 999.000   3.864 999.000
     122     LEU  56.838 999.000  41.307 999.000 178.130 999.000   7.824 999.000 119.667 999.000   3.942 999.000
     123     VAL  66.598 999.000  31.269 999.000 177.793 999.000   7.418 999.000 118.847 999.000   3.272 999.000
     124     SER  61.418 999.000  62.796 999.000 176.335 999.000   8.274 999.000 114.528 999.000   4.119 999.000
     125     ARG  58.473 999.000  30.035 999.000 178.107 999.000   6.823 999.000 122.458 999.000   3.778 999.000
     126     ILE  65.625 999.000  37.755 999.000 177.403 999.000   8.252 999.000 120.835 999.000   2.950 999.000
     127     ALA  55.461 999.000  18.124 999.000 179.157 999.000   7.773 999.000 120.554 999.000   3.925 999.000
     128     ALA  54.912 999.000  18.465 999.000 178.866 999.000   7.221 999.000 121.216 999.000   4.170 999.000
     129     TRP  58.637 999.000  28.547 999.000 178.825 999.000   8.750 999.000 119.889 999.000   4.366 999.000
     130     MET  59.820 999.000  32.776 999.000 177.787 999.000   8.723 999.000 117.313 999.000   4.527 999.000
     131     ALA  55.220 999.000  18.259 999.000 178.636 999.000   8.024 999.000 121.698 999.000   4.175 999.000
     132     THR  66.776 999.000  67.964 999.000 175.582 999.000   8.424 999.000 116.088 999.000   3.996 999.000
     133     TYR  62.191 999.000  38.764 999.000 176.893 999.000   8.715 999.000 122.943 999.000   4.206 999.000
     134     LEU  58.537 999.000  41.459 999.000 177.825 999.000   8.698 999.000 119.233 999.000   4.046 999.000
     135     ASN  56.173 999.000  38.874 999.000 177.224 999.000   8.101 999.000 116.649 999.000   4.381 999.000
     136     ASP  55.998 999.000  40.885 999.000 176.935 999.000   8.128 999.000 118.189 999.000   4.390 999.000
     137     HIS  57.300 999.000  31.895 999.000 175.886 999.000   7.793 999.000 114.006 999.000   4.405 999.000
     138     LEU  56.156 999.000  42.480 999.000 177.689 999.000   7.924 999.000 116.507 999.000   4.191 999.000
     139     GLU  61.691 999.000  28.119 999.000 176.161 999.000   8.811 999.000 119.681 999.000   4.030 999.000
     140     PRO  65.422 999.000  31.445 999.000 178.016 999.000-999.000-999.000 999.000 999.000   4.207 999.000
     141     TRP  60.509 999.000  29.513 999.000 177.766 999.000   7.127 999.000 118.528 999.000   4.187 999.000
     142     ILE  65.614 999.000  37.902 999.000 177.258 999.000   8.460 999.000 119.896 999.000   3.155 999.000
     143     GLN  59.008 999.000  28.042 999.000 178.565 999.000   8.348 999.000 118.043 999.000   3.978 999.000
     144     GLU  58.239 999.000  29.688 999.000 177.802 999.000   7.507 999.000 119.078 999.000   3.993 999.000
     145     ASN  54.411 999.000  39.569 999.000 175.585 999.000   7.681 999.000 115.256 999.000   4.305 999.000
     146     GLY  45.183 999.000-999.000-999.000 174.761 999.000   7.556 999.000 107.611 999.000   4.108 999.000
     147     GLY  44.325 999.000-999.000-999.000 173.646 999.000   8.288 999.000 107.479 999.000   4.124 999.000
     148     TRP  59.773 999.000  29.706 999.000 177.568 999.000   8.871 999.000 119.926 999.000   4.604 999.000
     149     ASP  56.792 999.000  39.712 999.000 178.112 999.000   8.448 999.000 119.663 999.000   4.427 999.000
     150     THR  64.441 999.000  68.727 999.000 175.953 999.000   7.602 999.000 113.461 999.000   4.117 999.000
     151     PHE  60.569 999.000  39.544 999.000 176.522 999.000   7.568 999.000 123.468 999.000   3.802 999.000
     152     VAL  64.728 999.000  31.164 999.000 177.384 999.000   7.761 999.000 115.680 999.000   3.785 999.000
     153     GLU  57.628 999.000  29.805 999.000 176.702 999.000   7.449 999.000 118.662 999.000   4.124 999.000
     154     LEU  55.932 999.000  43.688 999.000 176.744 999.000   7.150 999.000 117.915 999.000   4.094 999.000
     155     TYR  57.743 999.000  41.004 999.000 175.367 999.000   7.921 999.000 115.138 999.000   4.503 999.000
     156     GLY  44.557 999.000-999.000-999.000 174.275 999.000   8.260 999.000 107.576 999.000   4.084 999.000
     157     ASN  55.685 999.000  38.451 999.000 176.898 999.000   8.783 999.000 118.969 999.000   4.355 999.000
     158     ASN  55.246 999.000  38.195 999.000 176.692 999.000   8.419 999.000 117.129 999.000   4.537 999.000
     159     ALA  54.548 999.000  18.290 999.000 179.300 999.000   7.685 999.000 122.960 999.000   4.058 999.000
     160     ALA  54.416 999.000  18.007 999.000 179.621 999.000   7.870 999.000 120.231 999.000   4.131 999.000
     161     ALA  54.549 999.000  17.976 999.000 179.853 999.000   7.688 999.000 120.697 999.000   4.174 999.000
     162     GLU  59.042 999.000  29.025 999.000 179.294 999.000   7.959 999.000 118.007 999.000   4.117 999.000
     163     SER  61.037 999.000  63.008 999.000 176.776 999.000   7.980 999.000 115.392 999.000   4.282 999.000
     164     ARG  58.398 999.000  29.582 999.000 178.519 999.000   7.889 999.000 122.123 999.000   4.160 999.000
     165     LYS  58.437 999.000  31.765 999.000 179.002 999.000   8.028 999.000 119.098 999.000   4.150 999.000
     166     GLY  46.249 999.000-999.000-999.000 175.742 999.000   7.857 999.000 107.453 999.000   3.961 999.000
     167     GLN  57.397 999.000  28.704 999.000 177.471 999.000   7.824 999.000 120.520 999.000   4.219 999.000
     168     GLU  57.456 999.000  29.709 999.000 177.297 999.000   7.733 999.000 118.473 999.000   4.260 999.000
     169     ARG 999.000 999.000 999.000 999.000 999.000 999.000 999.000 999.000 999.000 999.000 999.000 999.000
