   index residue  pre_ca  exp_ca  pre_cb  exp_cb   pre_c   exp_c   pre_h   exp_h   pre_n   exp_n  pre_ha  exp_ha
       1     MET 999.000 999.000 999.000 999.000 999.000 999.000-999.000-999.000 999.000 999.000 999.000 999.000
       2     SER 999.000 999.000 999.000 999.000 999.000 999.000 999.000 999.000 999.000 999.000 999.000 999.000
       3     GLN  57.641 999.000  28.629 999.000 177.527 999.000   8.218 999.000 120.031 999.000   4.184 999.000
       4     SER  60.660 999.000  63.043 999.000 176.091 999.000   7.763 999.000 115.487 999.000   4.086 999.000
       5     ASN  55.706 999.000  38.293 999.000 176.696 999.000   8.131 999.000 120.707 999.000   4.512 999.000
       6     ARG  59.164 999.000  29.972 999.000 177.825 999.000   7.801 999.000 120.169 999.000   4.072 999.000
       7     GLU  59.024 999.000  29.205 999.000 178.842 999.000   7.745 999.000 118.852 999.000   4.004 999.000
       8     LEU  57.640 999.000  41.433 999.000 178.629 999.000   7.570 999.000 119.075 999.000   4.131 999.000
       9     VAL  66.191 999.000  31.298 999.000 177.620 999.000   7.351 999.000 119.203 999.000   2.963 999.000
      10     VAL  67.059 999.000  31.220 999.000 176.296 999.000   7.990 999.000 119.441 999.000   3.701 999.000
      11     ASP  57.600 999.000  41.271 999.000 177.430 999.000   7.858 999.000 120.051 999.000   4.395 999.000
      12     PHE  61.529 999.000  39.652 999.000 177.340 999.000   8.109 999.000 120.468 999.000   4.221 999.000
      13     LEU  58.302 999.000  41.177 999.000 178.612 999.000   8.702 999.000 118.546 999.000   4.095 999.000
      14     SER  62.336 999.000  62.558 999.000 176.492 999.000   8.521 999.000 115.118 999.000   4.358 999.000
      15     TYR  60.925 999.000  37.846 999.000 177.010 999.000   8.579 999.000 124.319 999.000   4.339 999.000
      16     LYS  58.527 999.000  31.390 999.000 179.138 999.000   8.127 999.000 118.398 999.000   3.783 999.000
      17     LEU  58.086 999.000  41.538 999.000 178.653 999.000   8.526 999.000 119.887 999.000   4.038 999.000
      18     SER  61.787 999.000  62.795 999.000 177.162 999.000   8.456 999.000 115.915 999.000   4.265 999.000
      19     GLN  57.833 999.000  28.526 999.000 177.519 999.000   8.029 999.000 120.493 999.000   4.043 999.000
      20     LYS  56.434 999.000  32.678 999.000 177.194 999.000   7.302 999.000 117.847 999.000   4.067 999.000
      21     GLY  45.531 999.000-999.000-999.000 174.037 999.000   7.521 999.000 107.655 999.000   3.985 999.000
      22     TYR  54.509 999.000  40.113 999.000 175.235 999.000   8.323 999.000 119.540 999.000   4.799 999.000
      23     SER  56.355 999.000  66.063 999.000 174.547 999.000   8.662 999.000 113.330 999.000   4.763 999.000
      24     TRP  59.801 999.000  29.716 999.000 176.450 999.000   8.495 999.000 120.988 999.000   4.223 999.000
      25     SER  58.672 999.000  64.446 999.000 173.741 999.000   7.967 999.000 111.047 999.000   4.408 999.000
      26     GLN  54.525 999.000  31.961 999.000 174.967 999.000   7.547 999.000 119.716 999.000   4.340 999.000
      27     PHE  58.157 999.000  37.841 999.000 175.641 999.000   8.343 999.000 120.673 999.000   4.041 999.000
      28     SER  57.097 999.000  65.030 999.000 174.176 999.000   7.406 999.000 113.656 999.000   4.759 999.000
      29     ASP  54.975 999.000  39.609 999.000 177.096 999.000   8.615 999.000 124.764 999.000   4.419 999.000
      30     VAL  63.434 999.000  31.934 999.000 176.587 999.000   7.812 999.000 117.778 999.000   3.981 999.000
      31     GLU  56.275 999.000  30.184 999.000 176.271 999.000   8.033 999.000 120.327 999.000   4.307 999.000
      32     GLU  56.755 999.000  30.350 999.000 176.578 999.000   8.089 999.000 119.698 999.000   4.253 999.000
      33     ASN  53.507 999.000  38.301 999.000 175.505 999.000   8.627 999.000 118.343 999.000   4.626 999.000
      34     ARG  55.911 999.000  30.640 999.000 176.344 999.000   8.033 999.000 120.023 999.000   4.336 999.000
      35     THR  61.604 999.000  70.094 999.000 174.967 999.000   8.201 999.000 115.188 999.000   4.353 999.000
      36     GLU  56.614 999.000  30.016 999.000 175.920 999.000   8.603 999.000 122.958 999.000   4.198 999.000
      37     ALA  50.895 999.000  18.254 999.000 175.613 999.000   8.265 999.000 125.000 999.000   4.417 999.000
      38     PRO  62.892 999.000  32.365 999.000 176.813 999.000-999.000-999.000 999.000 999.000   4.519 999.000
      39     GLU  56.712 999.000  30.039 999.000 176.947 999.000   8.555 999.000 121.603 999.000   4.203 999.000
      40     GLY  45.399 999.000-999.000-999.000 174.895 999.000   8.617 999.000 110.633 999.000   4.083 999.000
      41     THR  62.135 999.000  70.102 999.000 175.247 999.000   7.714 999.000 114.048 999.000   4.344 999.000
      42     GLU  58.873 999.000  29.351 999.000 177.538 999.000   8.988 999.000 122.475 999.000   4.066 999.000
      43     SER  60.674 999.000  63.256 999.000 175.856 999.000   8.390 999.000 114.140 999.000   4.396 999.000
      44     GLU  59.110 999.000  29.126 999.000 178.214 999.000   7.963 999.000 122.818 999.000   3.999 999.000
      45     ALA  54.998 999.000  18.336 999.000 179.420 999.000   7.600 999.000 120.709 999.000   3.873 999.000
      46     VAL  66.050 999.000  31.255 999.000 177.820 999.000   7.329 999.000 118.984 999.000   3.555 999.000
      47     LYS  60.257 999.000  31.994 999.000 178.802 999.000   8.094 999.000 119.623 999.000   3.896 999.000
      48     GLN  58.736 999.000  28.096 999.000 178.199 999.000   8.184 999.000 118.827 999.000   3.949 999.000
      49     ALA  54.986 999.000  18.137 999.000 179.619 999.000   7.850 999.000 122.167 999.000   4.086 999.000
      50     LEU  57.668 999.000  41.543 999.000 178.826 999.000   8.199 999.000 118.730 999.000   4.155 999.000
      51     ARG  59.550 999.000  29.700 999.000 178.655 999.000   8.012 999.000 119.452 999.000   3.922 999.000
      52     GLU  58.998 999.000  29.333 999.000 178.802 999.000   8.188 999.000 119.053 999.000   4.085 999.000
      53     ALA  54.578 999.000  18.201 999.000 179.623 999.000   8.106 999.000 121.650 999.000   4.189 999.000
      54     GLY  47.110 999.000-999.000-999.000 175.471 999.000   8.439 999.000 106.809 999.000   4.200 999.000
      55     ASP  56.342 999.000  40.450 999.000 177.720 999.000   8.168 999.000 121.617 999.000   4.576 999.000
      56     GLU  58.334 999.000  29.801 999.000 177.912 999.000   7.741 999.000 119.801 999.000   4.176 999.000
      57     PHE  60.716 999.000  39.481 999.000 176.757 999.000   8.267 999.000 119.352 999.000   4.274 999.000
      58     GLU  56.712 999.000  29.858 999.000 177.490 999.000   7.819 999.000 116.839 999.000   4.152 999.000
      59     LEU  55.695 999.000  41.632 999.000 176.881 999.000   7.675 999.000 121.762 999.000   4.130 999.000
      60     ARG  57.061 999.000  28.656 999.000 175.659 999.000   8.814 999.000 123.523 999.000   3.879 999.000
      61     TYR  58.562 999.000  35.728 999.000 175.401 999.000   7.711 999.000 115.589 999.000   4.161 999.000
      62     ARG  57.299 999.000  30.590 999.000 176.599 999.000   7.514 999.000 119.365 999.000   4.188 999.000
      63     ARG  56.452 999.000  30.809 999.000 175.928 999.000   7.934 999.000 116.645 999.000   4.187 999.000
      64     ALA  51.821 999.000  18.856 999.000 176.908 999.000   7.643 999.000 122.111 999.000   4.217 999.000
      65     PHE  56.857 999.000  39.485 999.000 176.702 999.000   8.339 999.000 119.607 999.000   4.674 999.000
      66     SER  61.424 999.000  62.639 999.000 175.832 999.000   9.034 999.000 119.304 999.000   4.173 999.000
      67     ASP  56.117 999.000  39.975 999.000 176.904 999.000   8.409 999.000 121.039 999.000   4.436 999.000
      68     LEU  55.258 999.000  43.021 999.000 177.201 999.000   7.562 999.000 117.396 999.000   4.552 999.000
      69     THR  62.611 999.000  70.293 999.000 175.173 999.000   7.684 999.000 109.159 999.000   4.394 999.000
      70     SER  59.597 999.000  64.068 999.000 174.696 999.000   8.462 999.000 115.370 999.000   4.529 999.000
      71     GLN  55.100 999.000  27.932 999.000 175.814 999.000   8.111 999.000 121.624 999.000   4.427 999.000
      72     LEU  55.063 999.000  41.746 999.000 176.720 999.000   7.776 999.000 121.529 999.000   4.267 999.000
      73     HIS  55.779 999.000  30.379 999.000 175.397 999.000   8.564 999.000 122.445 999.000   4.657 999.000
      74     ILE  60.751 999.000  38.133 999.000 176.237 999.000   8.266 999.000 123.417 999.000   4.244 999.000
      75     THR  60.402 999.000  68.879 999.000 174.002 999.000   8.225 999.000 121.488 999.000   3.993 999.000
      76     PRO  63.421 999.000  32.291 999.000 177.025 999.000-999.000-999.000 999.000 999.000   4.327 999.000
      77     GLY  44.874 999.000-999.000-999.000 174.251 999.000   8.213 999.000 108.263 999.000   4.055 999.000
      78     THR  62.420 999.000  69.851 999.000 175.039 999.000   8.085 999.000 112.165 999.000   4.132 999.000
      79     ALA  52.580 999.000  19.480 999.000 177.235 999.000   8.035 999.000 123.698 999.000   4.166 999.000
      80     TYR  58.388 999.000  38.315 999.000 176.656 999.000   8.113 999.000 115.298 999.000   4.340 999.000
      81     GLN  58.106 999.000  28.186 999.000 177.376 999.000   7.906 999.000 119.981 999.000   3.978 999.000
      82     SER  60.563 999.000  63.153 999.000 175.787 999.000   7.859 999.000 114.943 999.000   4.247 999.000
      83     PHE  60.391 999.000  38.337 999.000 177.394 999.000   7.824 999.000 123.418 999.000   4.313 999.000
      84     GLU  59.833 999.000  29.387 999.000 178.215 999.000   7.489 999.000 120.338 999.000   3.476 999.000
      85     GLN  57.530 999.000  28.039 999.000 177.479 999.000   7.584 999.000 116.179 999.000   3.969 999.000
      86     VAL  65.479 999.000  32.049 999.000 177.000 999.000   7.163 999.000 119.663 999.000   3.672 999.000
      87     VAL  62.704 999.000  32.023 999.000 176.887 999.000   7.370 999.000 113.724 999.000   3.760 999.000
      88     ASN  55.703 999.000  38.247 999.000 175.830 999.000   7.912 999.000 118.803 999.000   3.796 999.000
      89     GLU  56.500 999.000  30.998 999.000 176.791 999.000   7.666 999.000 115.908 999.000   4.305 999.000
      90     LEU  57.289 999.000  41.871 999.000 176.931 999.000   7.427 999.000 119.819 999.000   3.690 999.000
      91     PHE  57.596 999.000  39.274 999.000 176.193 999.000   7.526 999.000 113.047 999.000   4.543 999.000
      92     ARG  58.330 999.000  29.952 999.000 176.884 999.000   7.594 999.000 119.863 999.000   3.363 999.000
      93     ASP  54.034 999.000  40.908 999.000 176.147 999.000   7.698 999.000 115.962 999.000   4.499 999.000
      94     GLY  45.224 999.000-999.000-999.000 173.183 999.000   7.269 999.000 108.286 999.000   3.963 999.000
      95     VAL  61.147 999.000  30.060 999.000 175.642 999.000   7.950 999.000 116.993 999.000   4.269 999.000
      96     ASN  53.213 999.000  39.405 999.000 175.899 999.000   7.773 999.000 120.308 999.000   4.461 999.000
      97     TRP  59.686 999.000  29.016 999.000 177.260 999.000   8.505 999.000 124.549 999.000   4.262 999.000
      98     GLY  47.712 999.000-999.000-999.000 175.393 999.000   7.687 999.000 107.955 999.000   3.672 999.000
      99     ARG  59.182 999.000  30.075 999.000 178.074 999.000   7.849 999.000 120.568 999.000   4.053 999.000
     100     ILE  64.938 999.000  37.431 999.000 177.428 999.000   7.493 999.000 119.898 999.000   3.688 999.000
     101     VAL  66.877 999.000  31.161 999.000 176.788 999.000   8.465 999.000 118.899 999.000   3.094 999.000
     102     ALA  55.430 999.000  18.040 999.000 178.207 999.000   8.132 999.000 122.414 999.000   3.811 999.000
     103     PHE  60.514 999.000  39.076 999.000 176.863 999.000   7.922 999.000 119.376 999.000   4.428 999.000
     104     PHE  58.499 999.000  37.747 999.000 177.743 999.000   8.902 999.000 118.208 999.000   4.251 999.000
     105     SER  61.790 999.000  62.681 999.000 176.304 999.000   8.551 999.000 116.003 999.000   4.488 999.000
     106     PHE  60.505 999.000  38.834 999.000 176.830 999.000   8.612 999.000 122.986 999.000   4.371 999.000
     107     GLY  47.620 999.000-999.000-999.000 176.217 999.000   8.434 999.000 106.563 999.000   3.681 999.000
     108     GLY  47.290 999.000-999.000-999.000 175.462 999.000   8.643 999.000 109.817 999.000   3.970 999.000
     109     ALA  54.819 999.000  18.373 999.000 178.933 999.000   8.151 999.000 124.669 999.000   4.131 999.000
     110     LEU  58.098 999.000  41.554 999.000 178.271 999.000   8.326 999.000 119.403 999.000   3.944 999.000
     111     CYS 999.000 999.000 999.000 999.000 999.000 999.000 999.000 999.000 999.000 999.000   4.097 999.000
     112     VAL  64.923 999.000  32.017 999.000 177.176 999.000   8.006 999.000 119.094 999.000   3.877 999.000
     113     GLU  56.957 999.000  29.160 999.000 177.068 999.000   8.363 999.000 117.211 999.000   4.277 999.000
     114     SER  58.339 999.000  63.436 999.000 174.634 999.000   7.570 999.000 115.279 999.000   4.513 999.000
     115     VAL  63.423 999.000  32.239 999.000 175.726 999.000   8.115 999.000 119.712 999.000   3.924 999.000
     116     ASP  54.324 999.000  40.425 999.000 176.504 999.000   8.279 999.000 118.252 999.000   4.624 999.000
     117     LYS  55.843 999.000  33.132 999.000 176.276 999.000   7.576 999.000 120.779 999.000   4.358 999.000
     118     GLU  56.113 999.000  29.800 999.000 176.708 999.000   8.705 999.000 121.284 999.000   4.293 999.000
     119     MET  57.618 999.000  31.229 999.000 177.773 999.000   8.768 999.000 124.325 999.000   4.067 999.000
     120     GLN  57.873 999.000  28.412 999.000 176.859 999.000   8.240 999.000 117.766 999.000   4.155 999.000
     121     VAL  61.962 999.000  33.688 999.000 176.930 999.000   7.510 999.000 113.655 999.000   4.335 999.000
     122     LEU  58.576 999.000  41.641 999.000 177.832 999.000   7.963 999.000 122.044 999.000   3.936 999.000
     123     VAL  66.302 999.000  31.315 999.000 178.046 999.000   7.830 999.000 117.728 999.000   3.359 999.000
     124     SER  61.776 999.000  62.893 999.000 176.617 999.000   7.753 999.000 116.202 999.000   4.324 999.000
     125     ARG  58.984 999.000  29.972 999.000 178.493 999.000   7.962 999.000 122.434 999.000   4.004 999.000
     126     ILE  65.025 999.000  37.516 999.000 177.510 999.000   8.415 999.000 120.567 999.000   3.752 999.000
     127     ALA  55.491 999.000  18.107 999.000 179.242 999.000   8.575 999.000 121.193 999.000   3.966 999.000
     128     ALA  55.344 999.000  18.164 999.000 178.897 999.000   7.817 999.000 121.208 999.000   4.002 999.000
     129     TRP  60.334 999.000  29.750 999.000 178.697 999.000   8.311 999.000 119.305 999.000   4.239 999.000
     130     MET  59.810 999.000  32.789 999.000 177.598 999.000   8.868 999.000 117.948 999.000   4.368 999.000
     131     ALA  55.287 999.000  18.240 999.000 178.534 999.000   8.426 999.000 121.507 999.000   4.135 999.000
     132     THR  66.597 999.000  68.012 999.000 176.211 999.000   8.201 999.000 115.261 999.000   3.934 999.000
     133     TYR  59.462 999.000  38.123 999.000 177.777 999.000   8.278 999.000 120.050 999.000   4.669 999.000
     134     LEU  58.047 999.000  41.364 999.000 177.636 999.000   8.912 999.000 119.588 999.000   4.122 999.000
     135     ASN  56.322 999.000  39.002 999.000 176.944 999.000   8.141 999.000 116.399 999.000   4.441 999.000
     136     ASP  55.677 999.000  41.063 999.000 176.829 999.000   7.630 999.000 118.061 999.000   4.524 999.000
     137     HIS  56.321 999.000  31.439 999.000 174.824 999.000   8.063 999.000 113.746 999.000   4.740 999.000
     138     LEU  56.274 999.000  43.885 999.000 176.859 999.000   8.166 999.000 120.048 999.000   4.507 999.000
     139     GLU  61.699 999.000  27.905 999.000 176.297 999.000   8.603 999.000 118.364 999.000   4.012 999.000
     140     PRO  65.376 999.000  31.371 999.000 178.169 999.000-999.000-999.000 999.000 999.000   4.186 999.000
     141     TRP  58.312 999.000  30.067 999.000 178.422 999.000   7.099 999.000 116.758 999.000   4.635 999.000
     142     ILE  64.656 999.000  37.151 999.000 177.331 999.000   8.219 999.000 120.036 999.000   3.758 999.000
     143     GLN  59.043 999.000  27.754 999.000 178.731 999.000   8.373 999.000 118.988 999.000   4.109 999.000
     144     GLU  58.433 999.000  29.512 999.000 177.906 999.000   7.833 999.000 118.831 999.000   4.107 999.000
     145     ASN  54.513 999.000  39.757 999.000 175.646 999.000   7.875 999.000 115.251 999.000   4.531 999.000
     146     GLY  45.513 999.000-999.000-999.000 173.980 999.000   7.771 999.000 106.304 999.000   4.118 999.000
     147     GLY  44.890 999.000-999.000-999.000 173.530 999.000   8.320 999.000 107.772 999.000   4.130 999.000
     148     TRP  60.373 999.000  29.567 999.000 177.707 999.000   8.992 999.000 123.578 999.000   4.575 999.000
     149     ASP  57.254 999.000  39.758 999.000 177.820 999.000   8.302 999.000 119.296 999.000   4.268 999.000
     150     THR  65.339 999.000  68.351 999.000 176.197 999.000   7.683 999.000 114.405 999.000   3.936 999.000
     151     PHE  60.071 999.000  39.430 999.000 177.579 999.000   7.699 999.000 120.542 999.000   4.325 999.000
     152     VAL  65.740 999.000  31.154 999.000 177.679 999.000   7.620 999.000 118.459 999.000   3.504 999.000
     153     GLU  59.037 999.000  28.999 999.000 178.458 999.000   7.625 999.000 120.386 999.000   3.832 999.000
     154     LEU  57.236 999.000  41.690 999.000 177.817 999.000   7.183 999.000 119.598 999.000   3.746 999.000
     155     TYR  58.319 999.000  39.087 999.000 177.061 999.000   7.645 999.000 117.002 999.000   4.474 999.000
     156     GLY  45.289 999.000-999.000-999.000 174.442 999.000   7.942 999.000 106.389 999.000   3.824 999.000
     157     ASN  52.924 999.000  39.083 999.000 175.626 999.000   7.996 999.000 117.747 999.000   4.592 999.000
     158     ASN  54.714 999.000  38.702 999.000 176.309 999.000   8.247 999.000 119.957 999.000   4.452 999.000
     159     ALA  54.787 999.000  18.483 999.000 179.149 999.000   8.257 999.000 122.232 999.000   4.097 999.000
     160     ALA  54.041 999.000  18.133 999.000 179.608 999.000   7.596 999.000 120.293 999.000   4.222 999.000
     161     ALA  54.148 999.000  18.183 999.000 179.739 999.000   7.571 999.000 120.379 999.000   4.185 999.000
     162     GLU  58.689 999.000  29.198 999.000 178.915 999.000   7.952 999.000 117.884 999.000   4.108 999.000
     163     SER  60.900 999.000  63.176 999.000 176.156 999.000   7.806 999.000 114.785 999.000   4.267 999.000
     164     ARG  57.414 999.000  29.925 999.000 177.692 999.000   7.579 999.000 121.624 999.000   4.265 999.000
     165     LYS  57.023 999.000  32.344 999.000 177.912 999.000   7.680 999.000 119.172 999.000   4.243 999.000
     166     GLY  45.260 999.000-999.000-999.000 174.332 999.000   7.868 999.000 107.006 999.000   3.955 999.000
     167     GLN  56.130 999.000  29.386 999.000 176.199 999.000   7.968 999.000 119.373 999.000   4.306 999.000
     168     GLU  56.834 999.000  29.786 999.000 176.365 999.000   8.199 999.000 119.296 999.000   4.283 999.000
     169     ARG 999.000 999.000 999.000 999.000 999.000 999.000 999.000 999.000 999.000 999.000 999.000 999.000
     630     GLU 999.000 999.000 999.000 999.000 999.000 999.000-999.000-999.000 999.000 999.000 999.000 999.000
     631     GLU 999.000 999.000 999.000 999.000 999.000 999.000 999.000 999.000 999.000 999.000 999.000 999.000
     632     GLN  57.226 999.000  28.064 999.000 177.375 999.000   8.131 999.000 118.831 999.000   4.140 999.000
     633     TRP  60.154 999.000  28.961 999.000 177.780 999.000   7.915 999.000 121.085 999.000   4.285 999.000
     634     ALA  54.977 999.000  18.149 999.000 179.154 999.000   7.842 999.000 120.960 999.000   3.749 999.000
     635     ARG  59.343 999.000  29.734 999.000 178.540 999.000   8.037 999.000 118.108 999.000   3.947 999.000
     636     GLU  59.015 999.000  29.381 999.000 179.035 999.000   7.685 999.000 119.496 999.000   4.076 999.000
     637     ILE  63.982 999.000  36.812 999.000 178.021 999.000   7.858 999.000 119.565 999.000   3.602 999.000
     638     GLY  47.611 999.000-999.000-999.000 176.034 999.000   8.363 999.000 107.694 999.000   3.753 999.000
     639     ALA  54.866 999.000  18.172 999.000 178.942 999.000   7.991 999.000 124.285 999.000   4.040 999.000
     640     GLN  58.869 999.000  28.293 999.000 178.410 999.000   7.905 999.000 118.431 999.000   3.906 999.000
     641     LEU  58.180 999.000  41.330 999.000 178.698 999.000   8.574 999.000 120.382 999.000   3.952 999.000
     642     ARG  59.403 999.000  29.909 999.000 178.583 999.000   8.001 999.000 118.621 999.000   3.900 999.000
     643     ARG  58.196 999.000  29.965 999.000 178.172 999.000   7.781 999.000 118.707 999.000   4.157 999.000
     644     MET  58.210 999.000  32.904 999.000 176.876 999.000   8.331 999.000 118.796 999.000   3.997 999.000
     645     ALA  52.328 999.000  19.176 999.000 176.597 999.000   7.542 999.000 119.490 999.000   4.329 999.000
     646     ASP  53.881 999.000  41.513 999.000 175.977 999.000   7.532 999.000 117.597 999.000   4.496 999.000
     647     ASP  54.345 999.000  40.934 999.000 176.665 999.000   8.399 999.000 122.200 999.000   4.450 999.000
     648     LEU  55.972 999.000  41.973 999.000 177.159 999.000   7.785 999.000 120.000 999.000   4.085 999.000
     649     ASN  53.487 999.000  38.666 999.000 175.434 999.000   8.147 999.000 116.636 999.000   4.550 999.000
     650     ALA  52.452 999.000  19.374 999.000 177.270 999.000   7.849 999.000 121.683 999.000   4.247 999.000
     651     GLN  56.024 999.000  29.212 999.000 175.924 999.000   7.989 999.000 118.022 999.000   4.138 999.000
     652     TYR  58.379 999.000  38.602 999.000 175.425 999.000   8.336 999.000 119.112 999.000   4.485 999.000
     653     GLU  56.937 999.000  30.325 999.000 176.422 999.000   8.215 999.000 119.830 999.000   4.261 999.000
     654     ARG 999.000 999.000 999.000 999.000 999.000 999.000 999.000 999.000 999.000 999.000 999.000 999.000
