   index residue  pre_ca  exp_ca  pre_cb  exp_cb   pre_c   exp_c   pre_h   exp_h   pre_n   exp_n  pre_ha  exp_ha
       1     MET 999.000 999.000 999.000 999.000 999.000 999.000-999.000-999.000 999.000 999.000 999.000 999.000
       2     SER 999.000 999.000 999.000 999.000 999.000 999.000 999.000 999.000 999.000 999.000 999.000 999.000
       3     GLN  57.675 999.000  28.604 999.000 177.558 999.000   8.218 999.000 120.061 999.000   4.180 999.000
       4     SER  60.677 999.000  63.032 999.000 176.104 999.000   7.756 999.000 115.510 999.000   4.084 999.000
       5     ASN  55.719 999.000  38.317 999.000 176.699 999.000   8.127 999.000 120.700 999.000   4.514 999.000
       6     ARG  59.183 999.000  29.970 999.000 177.832 999.000   7.813 999.000 120.184 999.000   4.070 999.000
       7     GLU  59.030 999.000  29.202 999.000 178.851 999.000   7.756 999.000 118.855 999.000   4.004 999.000
       8     LEU  57.651 999.000  41.433 999.000 178.626 999.000   7.572 999.000 119.123 999.000   4.136 999.000
       9     VAL  66.208 999.000  31.294 999.000 177.624 999.000   7.376 999.000 119.234 999.000   2.970 999.000
      10     VAL  67.070 999.000  31.224 999.000 176.294 999.000   8.007 999.000 119.452 999.000   3.704 999.000
      11     ASP  57.586 999.000  41.264 999.000 177.435 999.000   7.864 999.000 120.058 999.000   4.399 999.000
      12     PHE  61.522 999.000  39.651 999.000 177.335 999.000   8.122 999.000 120.490 999.000   4.223 999.000
      13     LEU  58.298 999.000  41.179 999.000 178.614 999.000   8.713 999.000 118.551 999.000   4.095 999.000
      14     SER  62.337 999.000  62.558 999.000 176.497 999.000   8.528 999.000 115.121 999.000   4.357 999.000
      15     TYR  60.935 999.000  37.845 999.000 177.001 999.000   8.576 999.000 124.309 999.000   4.338 999.000
      16     LYS  58.524 999.000  31.390 999.000 179.137 999.000   8.129 999.000 118.398 999.000   3.780 999.000
      17     LEU  58.081 999.000  41.534 999.000 178.656 999.000   8.526 999.000 119.879 999.000   4.037 999.000
      18     SER  61.785 999.000  62.796 999.000 177.159 999.000   8.455 999.000 115.918 999.000   4.265 999.000
      19     GLN  57.830 999.000  28.528 999.000 177.515 999.000   8.029 999.000 120.486 999.000   4.044 999.000
      20     LYS  56.430 999.000  32.675 999.000 177.189 999.000   7.300 999.000 117.832 999.000   4.067 999.000
      21     GLY  45.537 999.000-999.000-999.000 174.035 999.000   7.516 999.000 107.670 999.000   3.984 999.000
      22     TYR  54.512 999.000  40.130 999.000 175.222 999.000   8.324 999.000 119.536 999.000   4.798 999.000
      23     SER  56.355 999.000  66.074 999.000 174.543 999.000   8.665 999.000 113.278 999.000   4.762 999.000
      24     TRP  59.817 999.000  29.718 999.000 176.457 999.000   8.506 999.000 121.004 999.000   4.221 999.000
      25     SER  58.673 999.000  64.445 999.000 173.740 999.000   7.975 999.000 111.057 999.000   4.412 999.000
      26     GLN  54.528 999.000  31.962 999.000 174.961 999.000   7.547 999.000 119.712 999.000   4.341 999.000
      27     PHE  58.132 999.000  37.825 999.000 175.638 999.000   8.343 999.000 120.692 999.000   4.038 999.000
      28     SER  57.093 999.000  65.054 999.000 174.153 999.000   7.405 999.000 113.655 999.000   4.758 999.000
      29     ASP  54.922 999.000  39.620 999.000 177.058 999.000   8.617 999.000 124.614 999.000   4.422 999.000
      30     VAL  63.358 999.000  31.972 999.000 176.558 999.000   7.815 999.000 117.743 999.000   3.990 999.000
      31     GLU  56.285 999.000  30.184 999.000 176.272 999.000   8.055 999.000 120.421 999.000   4.305 999.000
      32     GLU  56.744 999.000  30.349 999.000 176.564 999.000   8.107 999.000 119.760 999.000   4.251 999.000
      33     ASN  53.476 999.000  38.328 999.000 175.501 999.000   8.628 999.000 118.434 999.000   4.629 999.000
      34     ARG  55.913 999.000  30.641 999.000 176.336 999.000   8.047 999.000 119.963 999.000   4.338 999.000
      35     THR  61.586 999.000  70.109 999.000 174.947 999.000   8.200 999.000 115.179 999.000   4.356 999.000
      36     GLU  56.643 999.000  29.995 999.000 175.939 999.000   8.615 999.000 122.940 999.000   4.197 999.000
      37     ALA  50.891 999.000  18.251 999.000 175.618 999.000   8.243 999.000 124.724 999.000   4.418 999.000
      38     PRO  62.895 999.000  32.361 999.000 176.810 999.000-999.000-999.000 999.000 999.000   4.519 999.000
      39     GLU  56.689 999.000  30.045 999.000 176.957 999.000   8.553 999.000 121.599 999.000   4.204 999.000
      40     GLY  45.391 999.000-999.000-999.000 174.903 999.000   8.616 999.000 110.598 999.000   4.083 999.000
      41     THR  62.148 999.000  70.094 999.000 175.267 999.000   7.738 999.000 113.932 999.000   4.343 999.000
      42     GLU  58.867 999.000  29.348 999.000 177.532 999.000   8.974 999.000 122.295 999.000   4.066 999.000
      43     SER  60.656 999.000  63.276 999.000 175.858 999.000   8.384 999.000 114.120 999.000   4.397 999.000
      44     GLU  59.115 999.000  29.111 999.000 178.218 999.000   7.958 999.000 122.824 999.000   3.999 999.000
      45     ALA  55.006 999.000  18.334 999.000 179.423 999.000   7.600 999.000 120.700 999.000   3.871 999.000
      46     VAL  66.032 999.000  31.257 999.000 177.819 999.000   7.328 999.000 118.965 999.000   3.557 999.000
      47     LYS  60.250 999.000  31.996 999.000 178.805 999.000   8.087 999.000 119.626 999.000   3.899 999.000
      48     GLN  58.747 999.000  28.095 999.000 178.210 999.000   8.191 999.000 118.831 999.000   3.948 999.000
      49     ALA  54.997 999.000  18.132 999.000 179.622 999.000   7.854 999.000 122.177 999.000   4.085 999.000
      50     LEU  57.678 999.000  41.547 999.000 178.817 999.000   8.193 999.000 118.758 999.000   4.150 999.000
      51     ARG  59.551 999.000  29.703 999.000 178.661 999.000   8.015 999.000 119.416 999.000   3.921 999.000
      52     GLU  59.002 999.000  29.333 999.000 178.802 999.000   8.205 999.000 119.086 999.000   4.085 999.000
      53     ALA  54.578 999.000  18.202 999.000 179.623 999.000   8.107 999.000 121.646 999.000   4.191 999.000
      54     GLY  47.110 999.000-999.000-999.000 175.463 999.000   8.439 999.000 106.804 999.000   4.202 999.000
      55     ASP  56.335 999.000  40.473 999.000 177.715 999.000   8.168 999.000 121.599 999.000   4.580 999.000
      56     GLU  58.308 999.000  29.806 999.000 177.887 999.000   7.734 999.000 119.786 999.000   4.177 999.000
      57     PHE  60.690 999.000  39.488 999.000 176.739 999.000   8.260 999.000 119.390 999.000   4.280 999.000
      58     GLU  56.648 999.000  29.893 999.000 177.450 999.000   7.816 999.000 116.818 999.000   4.155 999.000
      59     LEU  55.661 999.000  41.663 999.000 176.920 999.000   7.695 999.000 121.716 999.000   4.136 999.000
      60     ARG  57.024 999.000  28.718 999.000 175.676 999.000   8.806 999.000 123.538 999.000   3.885 999.000
      61     TYR  58.584 999.000  35.764 999.000 175.395 999.000   7.732 999.000 115.634 999.000   4.163 999.000
      62     ARG  57.226 999.000  30.634 999.000 176.566 999.000   7.508 999.000 119.352 999.000   4.200 999.000
      63     ARG  56.456 999.000  30.777 999.000 175.901 999.000   7.956 999.000 116.781 999.000   4.188 999.000
      64     ALA  51.802 999.000  18.917 999.000 176.925 999.000   7.658 999.000 122.079 999.000   4.217 999.000
      65     PHE  56.873 999.000  39.409 999.000 176.698 999.000   8.350 999.000 119.530 999.000   4.674 999.000
      66     SER  61.438 999.000  62.625 999.000 175.830 999.000   9.008 999.000 119.251 999.000   4.171 999.000
      67     ASP  56.123 999.000  39.984 999.000 176.904 999.000   8.404 999.000 121.040 999.000   4.438 999.000
      68     LEU  55.278 999.000  43.044 999.000 177.235 999.000   7.568 999.000 117.439 999.000   4.552 999.000
      69     THR  62.630 999.000  70.274 999.000 175.180 999.000   7.697 999.000 109.128 999.000   4.389 999.000
      70     SER  59.600 999.000  64.067 999.000 174.701 999.000   8.457 999.000 115.368 999.000   4.530 999.000
      71     GLN  55.113 999.000  27.932 999.000 175.824 999.000   8.115 999.000 121.595 999.000   4.428 999.000
      72     LEU  55.043 999.000  41.761 999.000 176.717 999.000   7.762 999.000 121.449 999.000   4.275 999.000
      73     HIS  55.801 999.000  30.376 999.000 175.389 999.000   8.571 999.000 122.456 999.000   4.652 999.000
      74     ILE  60.714 999.000  38.105 999.000 176.237 999.000   8.258 999.000 123.560 999.000   4.241 999.000
      75     THR  60.392 999.000  68.879 999.000 174.000 999.000   8.201 999.000 121.519 999.000   4.003 999.000
      76     PRO  63.422 999.000  32.288 999.000 177.028 999.000-999.000-999.000 999.000 999.000   4.327 999.000
      77     GLY  44.865 999.000-999.000-999.000 174.233 999.000   8.211 999.000 108.206 999.000   4.056 999.000
      78     THR  62.381 999.000  69.860 999.000 175.030 999.000   8.086 999.000 112.042 999.000   4.136 999.000
      79     ALA  52.561 999.000  19.478 999.000 177.202 999.000   8.028 999.000 123.797 999.000   4.175 999.000
      80     TYR  58.379 999.000  38.342 999.000 176.609 999.000   8.127 999.000 115.338 999.000   4.344 999.000
      81     GLN  58.123 999.000  28.189 999.000 177.379 999.000   7.912 999.000 119.979 999.000   3.981 999.000
      82     SER  60.567 999.000  63.155 999.000 175.788 999.000   7.881 999.000 114.916 999.000   4.248 999.000
      83     PHE  60.393 999.000  38.344 999.000 177.388 999.000   7.826 999.000 123.452 999.000   4.314 999.000
      84     GLU  59.827 999.000  29.393 999.000 178.205 999.000   7.498 999.000 120.327 999.000   3.475 999.000
      85     GLN  57.519 999.000  28.027 999.000 177.475 999.000   7.587 999.000 116.172 999.000   3.967 999.000
      86     VAL  65.478 999.000  32.053 999.000 176.977 999.000   7.157 999.000 119.651 999.000   3.671 999.000
      87     VAL  62.660 999.000  32.066 999.000 176.868 999.000   7.344 999.000 113.717 999.000   3.758 999.000
      88     ASN  55.694 999.000  38.215 999.000 175.812 999.000   7.923 999.000 118.812 999.000   3.786 999.000
      89     GLU  56.481 999.000  31.001 999.000 176.772 999.000   7.667 999.000 115.912 999.000   4.307 999.000
      90     LEU  57.280 999.000  41.879 999.000 176.913 999.000   7.428 999.000 119.828 999.000   3.686 999.000
      91     PHE  57.557 999.000  39.289 999.000 176.182 999.000   7.535 999.000 113.038 999.000   4.551 999.000
      92     ARG  58.329 999.000  29.954 999.000 176.877 999.000   7.595 999.000 119.860 999.000   3.355 999.000
      93     ASP  54.032 999.000  40.895 999.000 176.148 999.000   7.707 999.000 115.938 999.000   4.497 999.000
      94     GLY  45.212 999.000-999.000-999.000 173.184 999.000   7.273 999.000 108.299 999.000   3.966 999.000
      95     VAL  61.186 999.000  30.036 999.000 175.635 999.000   7.965 999.000 117.094 999.000   4.258 999.000
      96     ASN  53.176 999.000  39.391 999.000 175.903 999.000   7.794 999.000 120.345 999.000   4.460 999.000
      97     TRP  59.676 999.000  29.038 999.000 177.291 999.000   8.494 999.000 124.697 999.000   4.269 999.000
      98     GLY  47.717 999.000-999.000-999.000 175.394 999.000   7.720 999.000 107.930 999.000   3.682 999.000
      99     ARG  59.183 999.000  30.080 999.000 178.074 999.000   7.851 999.000 120.589 999.000   4.054 999.000
     100     ILE  64.960 999.000  37.445 999.000 177.427 999.000   7.509 999.000 119.914 999.000   3.690 999.000
     101     VAL  66.882 999.000  31.161 999.000 176.794 999.000   8.462 999.000 118.914 999.000   3.091 999.000
     102     ALA  55.425 999.000  18.043 999.000 178.207 999.000   8.131 999.000 122.399 999.000   3.797 999.000
     103     PHE  60.509 999.000  39.076 999.000 176.858 999.000   7.933 999.000 119.399 999.000   4.428 999.000
     104     PHE  58.509 999.000  37.760 999.000 177.733 999.000   8.911 999.000 118.195 999.000   4.251 999.000
     105     SER  61.786 999.000  62.681 999.000 176.307 999.000   8.546 999.000 115.999 999.000   4.488 999.000
     106     PHE  60.513 999.000  38.830 999.000 176.830 999.000   8.613 999.000 122.983 999.000   4.370 999.000
     107     GLY  47.622 999.000-999.000-999.000 176.215 999.000   8.435 999.000 106.571 999.000   3.680 999.000
     108     GLY  47.287 999.000-999.000-999.000 175.463 999.000   8.642 999.000 109.818 999.000   3.968 999.000
     109     ALA  54.818 999.000  18.378 999.000 178.927 999.000   8.151 999.000 124.673 999.000   4.132 999.000
     110     LEU  58.106 999.000  41.549 999.000 178.270 999.000   8.330 999.000 119.401 999.000   3.944 999.000
     111     CYS 999.000 999.000 999.000 999.000 999.000 999.000 999.000 999.000 999.000 999.000   4.096 999.000
     112     VAL  64.903 999.000  32.033 999.000 177.169 999.000   7.996 999.000 119.059 999.000   3.877 999.000
     113     GLU  56.946 999.000  29.166 999.000 177.072 999.000   8.367 999.000 117.174 999.000   4.278 999.000
     114     SER  58.315 999.000  63.385 999.000 174.653 999.000   7.569 999.000 115.326 999.000   4.515 999.000
     115     VAL  63.456 999.000  32.207 999.000 175.744 999.000   8.107 999.000 119.698 999.000   3.919 999.000
     116     ASP  54.324 999.000  40.442 999.000 176.500 999.000   8.274 999.000 118.295 999.000   4.626 999.000
     117     LYS  55.832 999.000  33.147 999.000 176.276 999.000   7.572 999.000 120.771 999.000   4.358 999.000
     118     GLU  56.122 999.000  29.796 999.000 176.707 999.000   8.706 999.000 121.311 999.000   4.291 999.000
     119     MET  57.611 999.000  31.224 999.000 177.773 999.000   8.771 999.000 124.383 999.000   4.069 999.000
     120     GLN  57.870 999.000  28.411 999.000 176.852 999.000   8.246 999.000 117.765 999.000   4.155 999.000
     121     VAL  61.936 999.000  33.684 999.000 176.914 999.000   7.499 999.000 113.578 999.000   4.338 999.000
     122     LEU  58.578 999.000  41.642 999.000 177.827 999.000   7.952 999.000 122.077 999.000   3.936 999.000
     123     VAL  66.299 999.000  31.316 999.000 178.043 999.000   7.839 999.000 117.733 999.000   3.357 999.000
     124     SER  61.781 999.000  62.894 999.000 176.621 999.000   7.755 999.000 116.207 999.000   4.325 999.000
     125     ARG  58.988 999.000  29.963 999.000 178.499 999.000   7.963 999.000 122.435 999.000   4.004 999.000
     126     ILE  65.037 999.000  37.524 999.000 177.509 999.000   8.410 999.000 120.564 999.000   3.745 999.000
     127     ALA  55.491 999.000  18.107 999.000 179.239 999.000   8.578 999.000 121.204 999.000   3.967 999.000
     128     ALA  55.348 999.000  18.163 999.000 178.895 999.000   7.823 999.000 121.204 999.000   3.999 999.000
     129     TRP  60.340 999.000  29.750 999.000 178.697 999.000   8.308 999.000 119.300 999.000   4.236 999.000
     130     MET  59.811 999.000  32.789 999.000 177.595 999.000   8.868 999.000 117.971 999.000   4.368 999.000
     131     ALA  55.283 999.000  18.241 999.000 178.532 999.000   8.431 999.000 121.495 999.000   4.133 999.000
     132     THR  66.600 999.000  68.016 999.000 176.215 999.000   8.201 999.000 115.271 999.000   3.934 999.000
     133     TYR  59.465 999.000  38.122 999.000 177.776 999.000   8.286 999.000 120.052 999.000   4.668 999.000
     134     LEU  58.034 999.000  41.361 999.000 177.634 999.000   8.911 999.000 119.566 999.000   4.126 999.000
     135     ASN  56.325 999.000  39.012 999.000 176.939 999.000   8.133 999.000 116.399 999.000   4.441 999.000
     136     ASP  55.672 999.000  41.070 999.000 176.825 999.000   7.625 999.000 118.049 999.000   4.523 999.000
     137     HIS  56.307 999.000  31.437 999.000 174.811 999.000   8.064 999.000 113.740 999.000   4.746 999.000
     138     LEU  56.272 999.000  43.906 999.000 176.853 999.000   8.164 999.000 120.061 999.000   4.512 999.000
     139     GLU  61.703 999.000  27.899 999.000 176.304 999.000   8.601 999.000 118.348 999.000   4.011 999.000
     140     PRO  65.378 999.000  31.369 999.000 178.169 999.000-999.000-999.000 999.000 999.000   4.184 999.000
     141     TRP  58.291 999.000  30.068 999.000 178.424 999.000   7.093 999.000 116.740 999.000   4.636 999.000
     142     ILE  64.687 999.000  37.178 999.000 177.330 999.000   8.214 999.000 120.042 999.000   3.756 999.000
     143     GLN  59.045 999.000  27.757 999.000 178.731 999.000   8.370 999.000 118.989 999.000   4.109 999.000
     144     GLU  58.428 999.000  29.506 999.000 177.905 999.000   7.837 999.000 118.832 999.000   4.106 999.000
     145     ASN  54.516 999.000  39.740 999.000 175.658 999.000   7.875 999.000 115.271 999.000   4.533 999.000
     146     GLY  45.512 999.000-999.000-999.000 173.970 999.000   7.775 999.000 106.283 999.000   4.120 999.000
     147     GLY  44.858 999.000-999.000-999.000 173.513 999.000   8.317 999.000 107.743 999.000   4.134 999.000
     148     TRP  60.381 999.000  29.567 999.000 177.697 999.000   8.998 999.000 123.523 999.000   4.569 999.000
     149     ASP  57.243 999.000  39.771 999.000 177.808 999.000   8.308 999.000 119.272 999.000   4.274 999.000
     150     THR  65.280 999.000  68.368 999.000 176.173 999.000   7.696 999.000 114.282 999.000   3.947 999.000
     151     PHE  60.088 999.000  39.454 999.000 177.576 999.000   7.698 999.000 120.662 999.000   4.326 999.000
     152     VAL  65.717 999.000  31.129 999.000 177.687 999.000   7.635 999.000 118.285 999.000   3.506 999.000
     153     GLU  58.997 999.000  28.965 999.000 178.452 999.000   7.595 999.000 120.420 999.000   3.837 999.000
     154     LEU  57.256 999.000  41.681 999.000 177.835 999.000   7.177 999.000 119.710 999.000   3.716 999.000
     155     TYR  58.269 999.000  39.057 999.000 177.020 999.000   7.641 999.000 117.142 999.000   4.475 999.000
     156     GLY  45.278 999.000-999.000-999.000 174.445 999.000   7.921 999.000 106.386 999.000   3.816 999.000
     157     ASN  52.995 999.000  39.081 999.000 175.635 999.000   7.998 999.000 117.741 999.000   4.587 999.000
     158     ASN  54.620 999.000  38.740 999.000 176.285 999.000   8.237 999.000 119.716 999.000   4.465 999.000
     159     ALA  54.808 999.000  18.487 999.000 179.146 999.000   8.279 999.000 122.267 999.000   4.092 999.000
     160     ALA  54.049 999.000  18.132 999.000 179.614 999.000   7.604 999.000 120.278 999.000   4.222 999.000
     161     ALA  54.159 999.000  18.182 999.000 179.737 999.000   7.561 999.000 120.408 999.000   4.186 999.000
     162     GLU  58.701 999.000  29.197 999.000 178.924 999.000   7.959 999.000 117.916 999.000   4.104 999.000
     163     SER  60.912 999.000  63.167 999.000 176.184 999.000   7.812 999.000 114.798 999.000   4.267 999.000
     164     ARG  57.451 999.000  29.928 999.000 177.723 999.000   7.577 999.000 121.627 999.000   4.263 999.000
     165     LYS  57.046 999.000  32.335 999.000 177.953 999.000   7.695 999.000 119.177 999.000   4.242 999.000
     166     GLY  45.287 999.000-999.000-999.000 174.348 999.000   7.864 999.000 106.980 999.000   3.954 999.000
     167     GLN  56.137 999.000  29.376 999.000 176.219 999.000   7.956 999.000 119.387 999.000   4.306 999.000
     168     GLU  56.836 999.000  29.785 999.000 176.375 999.000   8.175 999.000 119.248 999.000   4.285 999.000
     169     ARG 999.000 999.000 999.000 999.000 999.000 999.000 999.000 999.000 999.000 999.000 999.000 999.000
     630     GLU 999.000 999.000 999.000 999.000 999.000 999.000-999.000-999.000 999.000 999.000 999.000 999.000
     631     GLU 999.000 999.000 999.000 999.000 999.000 999.000 999.000 999.000 999.000 999.000 999.000 999.000
     632     GLN  57.271 999.000  28.064 999.000 177.407 999.000   8.137 999.000 118.807 999.000   4.139 999.000
     633     TRP  60.189 999.000  28.946 999.000 177.779 999.000   7.919 999.000 121.083 999.000   4.284 999.000
     634     ALA  54.990 999.000  18.147 999.000 179.159 999.000   7.849 999.000 120.961 999.000   3.739 999.000
     635     ARG  59.348 999.000  29.736 999.000 178.546 999.000   8.042 999.000 118.100 999.000   3.946 999.000
     636     GLU  59.015 999.000  29.389 999.000 179.035 999.000   7.688 999.000 119.526 999.000   4.075 999.000
     637     ILE  63.958 999.000  36.795 999.000 178.021 999.000   7.867 999.000 119.578 999.000   3.601 999.000
     638     GLY  47.616 999.000-999.000-999.000 176.031 999.000   8.364 999.000 107.682 999.000   3.753 999.000
     639     ALA  54.856 999.000  18.175 999.000 178.942 999.000   7.983 999.000 124.278 999.000   4.040 999.000
     640     GLN  58.868 999.000  28.287 999.000 178.401 999.000   7.899 999.000 118.443 999.000   3.908 999.000
     641     LEU  58.181 999.000  41.328 999.000 178.703 999.000   8.573 999.000 120.344 999.000   3.949 999.000
     642     ARG  59.385 999.000  29.908 999.000 178.566 999.000   7.993 999.000 118.594 999.000   3.902 999.000
     643     ARG  58.182 999.000  29.988 999.000 178.160 999.000   7.775 999.000 118.703 999.000   4.159 999.000
     644     MET  58.208 999.000  32.908 999.000 176.881 999.000   8.341 999.000 118.730 999.000   4.002 999.000
     645     ALA  52.310 999.000  19.191 999.000 176.591 999.000   7.536 999.000 119.525 999.000   4.333 999.000
     646     ASP  53.861 999.000  41.509 999.000 175.981 999.000   7.555 999.000 117.602 999.000   4.499 999.000
     647     ASP  54.323 999.000  40.944 999.000 176.653 999.000   8.397 999.000 122.139 999.000   4.452 999.000
     648     LEU  55.947 999.000  41.980 999.000 177.146 999.000   7.799 999.000 120.019 999.000   4.086 999.000
     649     ASN  53.456 999.000  38.676 999.000 175.414 999.000   8.155 999.000 116.708 999.000   4.552 999.000
     650     ALA  52.441 999.000  19.377 999.000 177.256 999.000   7.868 999.000 121.702 999.000   4.246 999.000
     651     GLN  56.024 999.000  29.212 999.000 175.924 999.000   8.006 999.000 118.051 999.000   4.139 999.000
     652     TYR  58.374 999.000  38.605 999.000 175.436 999.000   8.339 999.000 119.155 999.000   4.488 999.000
     653     GLU  56.941 999.000  30.297 999.000 176.431 999.000   8.216 999.000 119.904 999.000   4.254 999.000
     654     ARG 999.000 999.000 999.000 999.000 999.000 999.000 999.000 999.000 999.000 999.000 999.000 999.000
