   index residue  pre_ca  exp_ca  pre_cb  exp_cb   pre_c   exp_c   pre_h   exp_h   pre_n   exp_n  pre_ha  exp_ha
       1     MET 999.000 999.000 999.000 999.000 999.000 999.000-999.000-999.000 999.000 999.000 999.000 999.000
       2     SER 999.000 999.000 999.000 999.000 999.000 999.000 999.000 999.000 999.000 999.000 999.000 999.000
       3     GLN  58.164 999.000  27.881 999.000 177.930 999.000   8.244 999.000 121.446 999.000   4.134 999.000
       4     SER  60.872 999.000  62.993 999.000 176.367 999.000   7.857 999.000 116.138 999.000   4.238 999.000
       5     ASN  55.511 999.000  37.892 999.000 176.572 999.000   8.445 999.000 121.035 999.000   4.670 999.000
       6     ARG  59.754 999.000  29.687 999.000 177.760 999.000   8.200 999.000 121.381 999.000   4.035 999.000
       7     GLU  59.137 999.000  29.206 999.000 178.919 999.000   7.809 999.000 118.450 999.000   4.075 999.000
       8     LEU  57.504 999.000  41.433 999.000 178.763 999.000   7.534 999.000 119.371 999.000   4.173 999.000
       9     VAL  66.558 999.000  31.265 999.000 177.594 999.000   8.177 999.000 119.816 999.000   3.464 999.000
      10     VAL  66.887 999.000  31.177 999.000 176.511 999.000   8.312 999.000 119.077 999.000   3.550 999.000
      11     ASP  57.396 999.000  41.244 999.000 177.329 999.000   7.784 999.000 119.914 999.000   4.398 999.000
      12     PHE  61.594 999.000  39.635 999.000 177.097 999.000   8.117 999.000 120.952 999.000   4.227 999.000
      13     LEU  58.116 999.000  41.157 999.000 178.509 999.000   8.747 999.000 118.250 999.000   4.058 999.000
      14     SER  62.059 999.000  62.604 999.000 176.519 999.000   8.491 999.000 114.964 999.000   4.240 999.000
      15     TYR  61.035 999.000  38.049 999.000 176.995 999.000   8.388 999.000 124.135 999.000   4.308 999.000
      16     LYS  58.636 999.000  31.471 999.000 179.017 999.000   8.076 999.000 118.955 999.000   3.795 999.000
      17     LEU  57.930 999.000  41.484 999.000 178.849 999.000   8.433 999.000 119.529 999.000   4.055 999.000
      18     SER  61.854 999.000  62.795 999.000 177.170 999.000   8.326 999.000 115.988 999.000   4.238 999.000
      19     GLN  57.819 999.000  28.597 999.000 177.500 999.000   8.026 999.000 120.527 999.000   4.048 999.000
      20     LYS  56.338 999.000  32.641 999.000 177.110 999.000   7.333 999.000 117.533 999.000   4.079 999.000
      21     GLY  45.598 999.000-999.000-999.000 173.921 999.000   7.470 999.000 107.838 999.000   3.937 999.000
      22     TYR  55.047 999.000  40.641 999.000 175.090 999.000   8.188 999.000 119.067 999.000   4.785 999.000
      23     SER  56.546 999.000  65.873 999.000 174.720 999.000   8.574 999.000 114.191 999.000   4.698 999.000
      24     TRP  58.660 999.000  28.787 999.000 176.245 999.000   8.515 999.000 118.194 999.000   4.446 999.000
      25     SER  58.704 999.000  64.197 999.000 173.821 999.000   7.063 999.000 111.589 999.000   4.282 999.000
      26     GLN  54.529 999.000  32.021 999.000 175.034 999.000   7.300 999.000 119.986 999.000   4.373 999.000
      27     PHE  58.842 999.000  38.256 999.000 175.860 999.000   8.478 999.000 120.306 999.000   4.107 999.000
      28     SER  57.157 999.000  64.935 999.000 173.964 999.000   7.320 999.000 113.538 999.000   4.601 999.000
      29     ASP  54.244 999.000  39.680 999.000 176.424 999.000   8.641 999.000 123.623 999.000   4.475 999.000
      30     VAL  63.498 999.000  31.550 999.000 176.066 999.000   8.128 999.000 116.204 999.000   3.911 999.000
      31     GLU  55.665 999.000  31.375 999.000 175.697 999.000   8.130 999.000 120.813 999.000   4.441 999.000
      32     GLU  57.228 999.000  30.407 999.000 176.363 999.000   8.818 999.000 121.724 999.000   4.109 999.000
      33     ASN  53.509 999.000  36.928 999.000 175.072 999.000   8.486 999.000 116.553 999.000   4.484 999.000
      34     ARG  56.201 999.000  30.081 999.000 176.498 999.000   8.073 999.000 119.027 999.000   4.378 999.000
      35     THR  61.983 999.000  69.893 999.000 175.075 999.000   8.337 999.000 116.042 999.000   4.357 999.000
      36     GLU  56.606 999.000  29.801 999.000 175.795 999.000   8.654 999.000 121.103 999.000   4.234 999.000
      37     ALA  50.818 999.000  18.212 999.000 175.564 999.000   7.974 999.000 123.302 999.000   4.479 999.000
      38     PRO  62.820 999.000  32.442 999.000 177.056 999.000-999.000-999.000 999.000 999.000   4.557 999.000
      39     GLU  57.275 999.000  29.632 999.000 177.217 999.000   8.691 999.000 121.534 999.000   4.167 999.000
      40     GLY  45.615 999.000-999.000-999.000 174.960 999.000   8.705 999.000 111.655 999.000   4.116 999.000
      41     THR  62.374 999.000  69.878 999.000 175.022 999.000   7.415 999.000 116.124 999.000   4.323 999.000
      42     GLU  59.352 999.000  29.322 999.000 177.855 999.000   9.141 999.000 126.313 999.000   3.996 999.000
      43     SER  61.418 999.000  62.873 999.000 176.193 999.000   8.689 999.000 114.512 999.000   4.287 999.000
      44     GLU  58.948 999.000  29.046 999.000 178.315 999.000   8.018 999.000 123.006 999.000   4.037 999.000
      45     ALA  54.923 999.000  18.307 999.000 179.318 999.000   7.351 999.000 121.421 999.000   3.574 999.000
      46     VAL  66.424 999.000  31.145 999.000 177.907 999.000   7.588 999.000 118.640 999.000   3.282 999.000
      47     LYS  60.204 999.000  31.915 999.000 178.740 999.000   8.168 999.000 119.875 999.000   3.774 999.000
      48     GLN  58.504 999.000  28.583 999.000 178.200 999.000   7.734 999.000 118.414 999.000   3.998 999.000
      49     ALA  55.066 999.000  18.178 999.000 179.401 999.000   8.091 999.000 122.371 999.000   4.063 999.000
      50     LEU  57.726 999.000  41.401 999.000 178.938 999.000   8.184 999.000 118.153 999.000   3.923 999.000
      51     ARG  58.919 999.000  29.478 999.000 178.551 999.000   7.538 999.000 119.065 999.000   4.021 999.000
      52     GLU  58.904 999.000  29.462 999.000 178.835 999.000   8.012 999.000 118.749 999.000   4.096 999.000
      53     ALA  54.666 999.000  18.159 999.000 179.398 999.000   8.517 999.000 121.288 999.000   4.116 999.000
      54     GLY  47.122 999.000-999.000-999.000 175.474 999.000   8.172 999.000 106.377 999.000   4.150 999.000
      55     ASP  56.431 999.000  40.562 999.000 177.578 999.000   7.960 999.000 121.140 999.000   4.607 999.000
      56     GLU  58.467 999.000  29.768 999.000 178.103 999.000   7.610 999.000 120.617 999.000   4.233 999.000
      57     PHE  60.398 999.000  39.536 999.000 176.608 999.000   8.802 999.000 119.961 999.000   4.388 999.000
      58     GLU  56.488 999.000  30.240 999.000 176.912 999.000   7.833 999.000 115.382 999.000   4.112 999.000
      59     LEU  55.939 999.000  40.253 999.000 176.381 999.000   7.917 999.000 121.390 999.000   4.183 999.000
      60     ARG  57.275 999.000  27.427 999.000 175.479 999.000   8.579 999.000 119.971 999.000   3.809 999.000
      61     TYR  58.789 999.000  35.822 999.000 175.332 999.000   7.887 999.000 115.954 999.000   4.165 999.000
      62     ARG  57.261 999.000  30.943 999.000 176.831 999.000   7.954 999.000 118.775 999.000   4.198 999.000
      63     ARG  57.147 999.000  30.430 999.000 176.764 999.000   7.801 999.000 116.991 999.000   4.049 999.000
      64     ALA  52.023 999.000  19.420 999.000 177.005 999.000   7.546 999.000 121.405 999.000   4.153 999.000
      65     PHE  57.334 999.000  40.738 999.000 176.435 999.000   8.487 999.000 119.669 999.000   4.646 999.000
      66     SER  61.402 999.000  62.442 999.000 175.729 999.000   8.983 999.000 117.449 999.000   4.048 999.000
      67     ASP  55.724 999.000  40.134 999.000 177.074 999.000   8.001 999.000 120.904 999.000   4.518 999.000
      68     LEU  56.280 999.000  42.594 999.000 178.184 999.000   7.704 999.000 119.365 999.000   4.300 999.000
      69     THR  63.615 999.000  69.204 999.000 176.271 999.000   7.965 999.000 110.111 999.000   4.121 999.000
      70     SER  58.476 999.000  64.335 999.000 174.739 999.000   7.807 999.000 117.953 999.000   4.418 999.000
      71     GLN  56.175 999.000  28.971 999.000 176.072 999.000   8.452 999.000 120.839 999.000   4.193 999.000
      72     LEU  55.347 999.000  41.690 999.000 176.004 999.000   8.289 999.000 125.550 999.000   4.119 999.000
      73     HIS  55.479 999.000  31.005 999.000 174.393 999.000   8.493 999.000 125.842 999.000   4.714 999.000
      74     ILE  59.780 999.000  40.611 999.000 175.559 999.000   7.967 999.000 122.109 999.000   4.552 999.000
      75     THR  61.109 999.000  68.653 999.000 174.500 999.000   8.209 999.000 120.402 999.000   4.327 999.000
      76     PRO  63.594 999.000  32.198 999.000 177.046 999.000-999.000-999.000 999.000 999.000   4.351 999.000
      77     GLY  45.233 999.000-999.000-999.000 174.614 999.000   8.470 999.000 110.168 999.000   4.101 999.000
      78     THR  61.543 999.000  70.152 999.000 175.379 999.000   7.561 999.000 110.838 999.000   4.328 999.000
      79     ALA  54.657 999.000  18.202 999.000 178.661 999.000   8.232 999.000 124.340 999.000   3.943 999.000
      80     TYR  59.302 999.000  37.736 999.000 178.274 999.000   7.619 999.000 115.667 999.000   4.408 999.000
      81     GLN  57.936 999.000  28.018 999.000 177.638 999.000   8.033 999.000 119.113 999.000   4.098 999.000
      82     SER  61.147 999.000  62.982 999.000 176.111 999.000   7.590 999.000 116.245 999.000   4.106 999.000
      83     PHE  61.920 999.000  38.407 999.000 177.838 999.000   7.883 999.000 121.713 999.000   4.208 999.000
      84     GLU  59.763 999.000  29.280 999.000 178.612 999.000   7.812 999.000 118.869 999.000   3.672 999.000
      85     GLN  58.166 999.000  28.597 999.000 177.922 999.000   7.233 999.000 117.252 999.000   4.010 999.000
      86     VAL  65.662 999.000  31.656 999.000 177.756 999.000   7.551 999.000 118.930 999.000   3.648 999.000
      87     VAL  65.619 999.000  31.104 999.000 177.091 999.000   8.385 999.000 118.602 999.000   3.507 999.000
      88     ASN  56.150 999.000  38.659 999.000 177.154 999.000   7.770 999.000 118.103 999.000   4.259 999.000
      89     GLU  57.775 999.000  29.627 999.000 177.402 999.000   7.591 999.000 117.164 999.000   4.188 999.000
      90     LEU  55.848 999.000  41.804 999.000 177.279 999.000   7.417 999.000 116.733 999.000   4.189 999.000
      91     PHE  58.983 999.000  38.711 999.000 176.630 999.000   7.801 999.000 116.281 999.000   4.195 999.000
      92     ARG  58.105 999.000  29.892 999.000 176.506 999.000   7.300 999.000 119.637 999.000   3.632 999.000
      93     ASP  53.843 999.000  41.325 999.000 176.087 999.000   7.554 999.000 116.628 999.000   4.562 999.000
      94     GLY  44.588 999.000-999.000-999.000 173.126 999.000   7.280 999.000 107.724 999.000   3.886 999.000
      95     VAL  61.028 999.000  31.361 999.000 175.255 999.000   8.346 999.000 118.819 999.000   4.239 999.000
      96     ASN  53.074 999.000  40.180 999.000 175.785 999.000   7.980 999.000 121.767 999.000   4.717 999.000
      97     TRP  60.047 999.000  28.979 999.000 177.041 999.000   8.631 999.000 120.845 999.000   4.209 999.000
      98     GLY  47.433 999.000-999.000-999.000 175.179 999.000   7.167 999.000 107.725 999.000   3.371 999.000
      99     ARG  58.917 999.000  30.034 999.000 177.937 999.000   7.844 999.000 120.402 999.000   4.070 999.000
     100     ILE  64.697 999.000  37.600 999.000 177.290 999.000   7.536 999.000 119.954 999.000   3.720 999.000
     101     VAL  66.846 999.000  31.256 999.000 176.888 999.000   7.956 999.000 119.124 999.000   3.336 999.000
     102     ALA  55.475 999.000  18.044 999.000 178.256 999.000   8.121 999.000 122.403 999.000   4.003 999.000
     103     PHE  61.057 999.000  39.082 999.000 177.034 999.000   7.800 999.000 119.339 999.000   4.295 999.000
     104     PHE  60.826 999.000  38.449 999.000 177.469 999.000   8.781 999.000 118.407 999.000   3.955 999.000
     105     SER  61.807 999.000  62.687 999.000 176.357 999.000   8.765 999.000 115.705 999.000   4.421 999.000
     106     PHE  61.069 999.000  38.983 999.000 176.978 999.000   8.516 999.000 122.938 999.000   4.166 999.000
     107     GLY  47.666 999.000-999.000-999.000 176.250 999.000   8.148 999.000 106.318 999.000   3.831 999.000
     108     GLY  47.328 999.000-999.000-999.000 175.335 999.000   8.600 999.000 109.847 999.000   4.027 999.000
     109     ALA  54.745 999.000  18.245 999.000 179.223 999.000   8.094 999.000 124.353 999.000   4.088 999.000
     110     LEU  58.144 999.000  41.553 999.000 177.558 999.000   8.280 999.000 119.264 999.000   3.863 999.000
     111     CYS 999.000 999.000 999.000 999.000 999.000 999.000 999.000 999.000 999.000 999.000   4.026 999.000
     112     VAL  65.024 999.000  31.331 999.000 177.435 999.000   8.073 999.000 116.766 999.000   3.751 999.000
     113     GLU  58.022 999.000  29.560 999.000 177.515 999.000   7.772 999.000 119.208 999.000   4.200 999.000
     114     SER  59.631 999.000  63.962 999.000 175.787 999.000   8.009 999.000 113.568 999.000   4.493 999.000
     115     VAL  64.847 999.000  31.169 999.000 176.522 999.000   7.402 999.000 120.616 999.000   3.726 999.000
     116     ASP  54.618 999.000  40.310 999.000 176.938 999.000   7.907 999.000 119.344 999.000   4.546 999.000
     117     LYS  57.958 999.000  33.148 999.000 176.939 999.000   7.932 999.000 119.092 999.000   4.101 999.000
     118     GLU  54.997 999.000  30.448 999.000 176.135 999.000   7.904 999.000 118.791 999.000   4.554 999.000
     119     MET  57.957 999.000  31.742 999.000 177.019 999.000   8.376 999.000 118.840 999.000   4.100 999.000
     120     GLN  57.324 999.000  29.252 999.000 176.859 999.000   8.337 999.000 116.965 999.000   4.419 999.000
     121     VAL  62.419 999.000  33.411 999.000 176.884 999.000   8.022 999.000 113.839 999.000   4.404 999.000
     122     LEU  58.398 999.000  41.276 999.000 178.006 999.000   7.925 999.000 122.394 999.000   4.125 999.000
     123     VAL  65.962 999.000  31.208 999.000 178.223 999.000   8.449 999.000 117.266 999.000   3.777 999.000
     124     SER  61.355 999.000  63.110 999.000 176.068 999.000   7.844 999.000 115.744 999.000   4.227 999.000
     125     ARG  58.110 999.000  30.325 999.000 178.070 999.000   7.832 999.000 122.146 999.000   4.180 999.000
     126     ILE  64.551 999.000  37.630 999.000 177.159 999.000   8.874 999.000 120.122 999.000   4.004 999.000
     127     ALA  55.429 999.000  18.108 999.000 179.174 999.000   7.877 999.000 120.577 999.000   3.962 999.000
     128     ALA  55.271 999.000  18.125 999.000 179.046 999.000   7.555 999.000 120.904 999.000   3.980 999.000
     129     TRP  60.664 999.000  29.871 999.000 178.509 999.000   8.078 999.000 119.345 999.000   4.130 999.000
     130     MET  59.480 999.000  32.665 999.000 177.623 999.000   8.862 999.000 118.571 999.000   3.799 999.000
     131     ALA  55.164 999.000  18.400 999.000 178.316 999.000   8.494 999.000 121.360 999.000   4.131 999.000
     132     THR  66.801 999.000  67.953 999.000 175.912 999.000   8.059 999.000 116.339 999.000   3.905 999.000
     133     TYR  60.269 999.000  37.797 999.000 177.887 999.000   8.588 999.000 121.006 999.000   4.392 999.000
     134     LEU  58.568 999.000  41.465 999.000 177.563 999.000   8.514 999.000 120.325 999.000   3.923 999.000
     135     ASN  56.464 999.000  39.206 999.000 177.310 999.000   8.141 999.000 116.857 999.000   4.354 999.000
     136     ASP  56.183 999.000  40.852 999.000 176.954 999.000   8.303 999.000 118.174 999.000   4.447 999.000
     137     HIS  56.996 999.000  31.687 999.000 175.761 999.000   7.816 999.000 114.348 999.000   4.571 999.000
     138     LEU  56.225 999.000  43.013 999.000 177.608 999.000   8.173 999.000 117.315 999.000   4.539 999.000
     139     GLU  61.739 999.000  27.913 999.000 176.228 999.000   8.605 999.000 119.589 999.000   4.055 999.000
     140     PRO  65.457 999.000  31.331 999.000 178.215 999.000-999.000-999.000 999.000 999.000   4.157 999.000
     141     TRP  58.817 999.000  29.862 999.000 178.449 999.000   7.190 999.000 116.527 999.000   4.556 999.000
     142     ILE  65.226 999.000  37.650 999.000 177.291 999.000   8.366 999.000 120.356 999.000   3.776 999.000
     143     GLN  58.969 999.000  27.825 999.000 178.571 999.000   8.548 999.000 118.597 999.000   4.118 999.000
     144     GLU  58.351 999.000  29.546 999.000 177.794 999.000   7.796 999.000 118.823 999.000   4.102 999.000
     145     ASN  54.575 999.000  39.725 999.000 175.888 999.000   8.003 999.000 114.978 999.000   4.582 999.000
     146     GLY  46.013 999.000-999.000-999.000 174.872 999.000   7.816 999.000 107.610 999.000   4.131 999.000
     147     GLY  46.359 999.000-999.000-999.000 174.143 999.000   8.646 999.000 107.612 999.000   3.924 999.000
     148     TRP  60.898 999.000  29.579 999.000 177.698 999.000   8.571 999.000 122.903 999.000   4.448 999.000
     149     ASP  57.120 999.000  39.796 999.000 178.005 999.000   8.247 999.000 118.812 999.000   4.471 999.000
     150     THR  65.936 999.000  68.104 999.000 176.367 999.000   7.855 999.000 115.425 999.000   3.977 999.000
     151     PHE  60.490 999.000  38.529 999.000 177.902 999.000   7.628 999.000 120.487 999.000   4.303 999.000
     152     VAL  66.093 999.000  31.325 999.000 178.132 999.000   7.459 999.000 119.351 999.000   3.671 999.000
     153     GLU  59.271 999.000  29.369 999.000 178.709 999.000   8.049 999.000 119.799 999.000   3.967 999.000
     154     LEU  57.595 999.000  41.630 999.000 178.926 999.000   7.662 999.000 120.158 999.000   4.049 999.000
     155     TYR  60.760 999.000  38.299 999.000 178.029 999.000   8.057 999.000 118.950 999.000   4.242 999.000
     156     GLY  45.261 999.000-999.000-999.000 174.513 999.000   7.829 999.000 105.684 999.000   3.893 999.000
     157     ASN  54.596 999.000  38.018 999.000 175.544 999.000   7.893 999.000 116.770 999.000   4.323 999.000
     158     ASN  55.215 999.000  38.659 999.000 176.399 999.000   7.927 999.000 118.151 999.000   4.445 999.000
     159     ALA  54.686 999.000  18.358 999.000 179.038 999.000   8.227 999.000 121.871 999.000   4.117 999.000
     160     ALA  54.130 999.000  18.283 999.000 179.507 999.000   7.703 999.000 120.482 999.000   4.166 999.000
     161     ALA  54.557 999.000  18.282 999.000 179.964 999.000   7.672 999.000 120.286 999.000   4.209 999.000
     162     GLU  58.933 999.000  29.057 999.000 179.191 999.000   8.026 999.000 118.013 999.000   4.114 999.000
     163     SER  61.130 999.000  63.137 999.000 176.589 999.000   7.931 999.000 115.135 999.000   4.237 999.000
     164     ARG  58.135 999.000  29.930 999.000 178.201 999.000   7.717 999.000 121.835 999.000   4.134 999.000
     165     LYS  57.692 999.000  32.058 999.000 178.284 999.000   7.797 999.000 118.895 999.000   4.205 999.000
     166     GLY  45.534 999.000-999.000-999.000 174.791 999.000   7.812 999.000 107.061 999.000   3.939 999.000
     167     GLN  55.881 999.000  29.270 999.000 175.729 999.000   7.743 999.000 120.705 999.000   4.337 999.000
     168     GLU  56.837 999.000  30.453 999.000 176.105 999.000   8.488 999.000 122.914 999.000   4.340 999.000
     169     ARG 999.000 999.000 999.000 999.000 999.000 999.000 999.000 999.000 999.000 999.000 999.000 999.000
     630     GLU 999.000 999.000 999.000 999.000 999.000 999.000-999.000-999.000 999.000 999.000 999.000 999.000
     631     GLU 999.000 999.000 999.000 999.000 999.000 999.000 999.000 999.000 999.000 999.000 999.000 999.000
     632     GLN  55.039 999.000  28.711 999.000 176.424 999.000   7.972 999.000 119.702 999.000   4.258 999.000
     633     TRP  58.610 999.000  29.914 999.000 177.671 999.000   7.860 999.000 121.060 999.000   4.438 999.000
     634     ALA  54.765 999.000  18.082 999.000 178.930 999.000   8.403 999.000 121.472 999.000   4.151 999.000
     635     ARG  59.190 999.000  29.842 999.000 178.418 999.000   7.964 999.000 118.050 999.000   3.995 999.000
     636     GLU  59.073 999.000  29.257 999.000 178.998 999.000   7.678 999.000 119.470 999.000   4.174 999.000
     637     ILE  63.550 999.000  36.608 999.000 178.094 999.000   8.176 999.000 119.511 999.000   3.836 999.000
     638     GLY  47.658 999.000-999.000-999.000 176.039 999.000   8.357 999.000 107.846 999.000   3.794 999.000
     639     ALA  54.935 999.000  18.141 999.000 178.998 999.000   8.032 999.000 124.396 999.000   4.110 999.000
     640     GLN  58.932 999.000  28.171 999.000 178.640 999.000   8.049 999.000 118.374 999.000   3.881 999.000
     641     LEU  58.098 999.000  41.404 999.000 178.521 999.000   8.696 999.000 120.237 999.000   4.129 999.000
     642     ARG  59.198 999.000  29.764 999.000 178.718 999.000   8.300 999.000 119.452 999.000   3.963 999.000
     643     ARG  58.338 999.000  30.031 999.000 178.018 999.000   7.997 999.000 118.205 999.000   4.110 999.000
     644     MET  58.263 999.000  32.756 999.000 177.135 999.000   8.309 999.000 119.837 999.000   4.192 999.000
     645     ALA  52.665 999.000  18.654 999.000 176.393 999.000   7.923 999.000 119.927 999.000   4.269 999.000
     646     ASP  53.895 999.000  41.131 999.000 174.892 999.000   7.599 999.000 118.014 999.000   4.582 999.000
     647     ASP  53.714 999.000  42.159 999.000 176.549 999.000   8.248 999.000 121.808 999.000   4.713 999.000
     648     LEU  57.474 999.000  41.884 999.000 177.866 999.000   7.627 999.000 120.648 999.000   3.902 999.000
     649     ASN  54.200 999.000  38.083 999.000 175.634 999.000   8.270 999.000 114.885 999.000   4.502 999.000
     650     ALA  52.292 999.000  18.586 999.000 177.479 999.000   7.680 999.000 122.738 999.000   4.408 999.000
     651     GLN  57.202 999.000  28.827 999.000 175.789 999.000   7.557 999.000 119.562 999.000   4.055 999.000
     652     TYR  59.589 999.000  37.068 999.000 175.307 999.000   8.446 999.000 117.380 999.000   4.174 999.000
     653     GLU  57.962 999.000  30.351 999.000 176.989 999.000   7.867 999.000 119.098 999.000   4.313 999.000
     654     ARG 999.000 999.000 999.000 999.000 999.000 999.000 999.000 999.000 999.000 999.000 999.000 999.000
