   index residue  pre_ca  exp_ca  pre_cb  exp_cb   pre_c   exp_c   pre_h   exp_h   pre_n   exp_n  pre_ha  exp_ha
       1     MET 999.000 999.000 999.000 999.000 999.000 999.000-999.000-999.000 999.000 999.000 999.000 999.000
       2     SER 999.000 999.000 999.000 999.000 999.000 999.000 999.000 999.000 999.000 999.000 999.000 999.000
       3     GLN  57.225 999.000  28.147 999.000 177.449 999.000   8.760 999.000 121.740 999.000   4.298 999.000
       4     SER  61.226 999.000  62.897 999.000 175.881 999.000   8.742 999.000 114.969 999.000   4.162 999.000
       5     ASN  55.221 999.000  38.554 999.000 176.498 999.000   8.052 999.000 119.713 999.000   4.699 999.000
       6     ARG  59.447 999.000  29.801 999.000 177.923 999.000   7.872 999.000 121.421 999.000   4.113 999.000
       7     GLU  59.131 999.000  29.109 999.000 178.884 999.000   8.097 999.000 118.704 999.000   3.985 999.000
       8     LEU  57.586 999.000  41.621 999.000 178.617 999.000   7.369 999.000 119.345 999.000   4.007 999.000
       9     VAL  66.452 999.000  31.411 999.000 177.568 999.000   7.689 999.000 119.305 999.000   3.654 999.000
      10     VAL  67.103 999.000  31.238 999.000 176.376 999.000   8.457 999.000 119.295 999.000   3.101 999.000
      11     ASP  57.611 999.000  41.054 999.000 177.662 999.000   7.626 999.000 119.902 999.000   4.218 999.000
      12     PHE  61.434 999.000  39.625 999.000 176.992 999.000   7.639 999.000 120.623 999.000   4.169 999.000
      13     LEU  58.127 999.000  41.042 999.000 178.573 999.000   8.528 999.000 118.154 999.000   3.922 999.000
      14     SER  62.121 999.000  62.578 999.000 176.433 999.000   8.145 999.000 115.045 999.000   4.123 999.000
      15     TYR  61.104 999.000  37.897 999.000 176.976 999.000   7.953 999.000 123.957 999.000   4.259 999.000
      16     LYS  58.531 999.000  31.366 999.000 178.938 999.000   7.886 999.000 118.120 999.000   3.706 999.000
      17     LEU  57.616 999.000  41.685 999.000 178.824 999.000   8.400 999.000 118.933 999.000   4.225 999.000
      18     SER  61.572 999.000  62.933 999.000 177.095 999.000   8.445 999.000 115.875 999.000   4.231 999.000
      19     GLN  57.904 999.000  28.487 999.000 177.171 999.000   7.973 999.000 119.834 999.000   4.056 999.000
      20     LYS  55.633 999.000  32.409 999.000 176.561 999.000   7.328 999.000 116.796 999.000   4.267 999.000
      21     GLY  45.419 999.000-999.000-999.000 174.015 999.000   7.574 999.000 107.594 999.000   3.829 999.000
      22     TYR  56.624 999.000  39.452 999.000 175.547 999.000   7.917 999.000 120.160 999.000   4.813 999.000
      23     SER  57.180 999.000  64.291 999.000 174.948 999.000   8.286 999.000 117.194 999.000   4.618 999.000
      24     TRP  59.588 999.000  29.899 999.000 177.529 999.000   9.112 999.000 126.672 999.000   4.577 999.000
      25     SER  61.214 999.000  62.447 999.000 176.137 999.000   8.435 999.000 114.673 999.000   4.076 999.000
      26     GLN  57.472 999.000  28.724 999.000 176.305 999.000   7.327 999.000 120.750 999.000   3.925 999.000
      27     PHE  57.612 999.000  40.315 999.000 176.126 999.000   7.262 999.000 115.963 999.000   4.369 999.000
      28     SER  57.623 999.000  64.801 999.000 174.144 999.000   7.123 999.000 114.501 999.000   4.238 999.000
      29     ASP  53.447 999.000  40.412 999.000 177.017 999.000   8.455 999.000 122.688 999.000   4.629 999.000
      30     VAL  64.242 999.000  31.683 999.000 177.373 999.000   8.142 999.000 120.580 999.000   3.860 999.000
      31     GLU  58.005 999.000  29.218 999.000 177.465 999.000   8.357 999.000 119.696 999.000   4.157 999.000
      32     GLU  57.123 999.000  30.309 999.000 177.112 999.000   7.797 999.000 117.694 999.000   4.230 999.000
      33     ASN  53.140 999.000  38.788 999.000 175.565 999.000   7.690 999.000 117.577 999.000   4.707 999.000
      34     ARG  56.244 999.000  30.557 999.000 176.670 999.000   8.309 999.000 121.395 999.000   4.379 999.000
      35     THR  62.120 999.000  69.784 999.000 174.760 999.000   7.940 999.000 113.325 999.000   4.331 999.000
      36     GLU  56.389 999.000  30.472 999.000 175.741 999.000   8.517 999.000 122.164 999.000   4.306 999.000
      37     ALA  50.809 999.000  18.379 999.000 175.562 999.000   8.190 999.000 123.370 999.000   4.510 999.000
      38     PRO  63.190 999.000  32.318 999.000 176.652 999.000-999.000-999.000 999.000 999.000   4.532 999.000
      39     GLU  56.168 999.000  30.535 999.000 176.803 999.000   8.456 999.000 119.396 999.000   4.284 999.000
      40     GLY  45.205 999.000-999.000-999.000 174.649 999.000   8.507 999.000 109.179 999.000   4.060 999.000
      41     THR  61.561 999.000  70.498 999.000 174.947 999.000   8.127 999.000 112.886 999.000   4.445 999.000
      42     GLU  57.717 999.000  29.478 999.000 177.118 999.000   8.865 999.000 121.886 999.000   4.243 999.000
      43     SER  59.695 999.000  63.417 999.000 175.550 999.000   8.343 999.000 114.611 999.000   4.298 999.000
      44     GLU  59.414 999.000  29.004 999.000 178.360 999.000   8.058 999.000 123.268 999.000   3.940 999.000
      45     ALA  54.863 999.000  18.316 999.000 179.638 999.000   8.000 999.000 120.397 999.000   4.181 999.000
      46     VAL  65.820 999.000  31.380 999.000 177.827 999.000   7.441 999.000 119.314 999.000   3.654 999.000
      47     LYS  60.150 999.000  32.016 999.000 178.907 999.000   8.200 999.000 119.723 999.000   3.744 999.000
      48     GLN  58.748 999.000  28.272 999.000 178.196 999.000   8.137 999.000 118.634 999.000   3.967 999.000
      49     ALA  55.106 999.000  18.150 999.000 179.563 999.000   7.851 999.000 122.419 999.000   4.066 999.000
      50     LEU  58.118 999.000  41.535 999.000 178.815 999.000   8.508 999.000 118.873 999.000   4.089 999.000
      51     ARG  59.755 999.000  29.763 999.000 178.437 999.000   7.994 999.000 119.010 999.000   3.919 999.000
      52     GLU  59.077 999.000  29.190 999.000 178.911 999.000   8.162 999.000 118.882 999.000   4.132 999.000
      53     ALA  54.863 999.000  18.190 999.000 179.448 999.000   8.474 999.000 121.686 999.000   4.198 999.000
      54     GLY  47.309 999.000-999.000-999.000 175.502 999.000   8.572 999.000 106.646 999.000   4.117 999.000
      55     ASP  56.803 999.000  40.406 999.000 178.021 999.000   8.355 999.000 122.088 999.000   4.596 999.000
      56     GLU  58.947 999.000  29.652 999.000 178.261 999.000   7.843 999.000 120.298 999.000   4.197 999.000
      57     PHE  61.879 999.000  39.002 999.000 177.990 999.000   8.691 999.000 119.711 999.000   4.252 999.000
      58     GLU  58.890 999.000  29.384 999.000 178.344 999.000   8.291 999.000 118.427 999.000   4.231 999.000
      59     LEU  56.978 999.000  42.505 999.000 177.902 999.000   7.531 999.000 120.062 999.000   4.248 999.000
      60     ARG  57.379 999.000  31.230 999.000 176.705 999.000   8.077 999.000 115.540 999.000   4.009 999.000
      61     TYR  56.299 999.000  38.066 999.000 175.620 999.000   7.930 999.000 117.669 999.000   4.777 999.000
      62     ARG  58.827 999.000  30.067 999.000 177.424 999.000   7.969 999.000 120.958 999.000   3.821 999.000
      63     ARG  57.224 999.000  29.651 999.000 177.415 999.000   8.268 999.000 117.443 999.000   4.223 999.000
      64     ALA  54.172 999.000  18.626 999.000 177.904 999.000   7.728 999.000 120.970 999.000   4.160 999.000
      65     PHE  57.742 999.000  39.864 999.000 176.316 999.000   7.549 999.000 112.991 999.000   4.778 999.000
      66     SER  61.304 999.000  62.554 999.000 176.233 999.000   8.162 999.000 116.726 999.000   4.197 999.000
      67     ASP  56.105 999.000  39.982 999.000 178.144 999.000   7.848 999.000 122.004 999.000   4.501 999.000
      68     LEU  57.512 999.000  41.626 999.000 178.703 999.000   7.569 999.000 120.035 999.000   4.019 999.000
      69     THR  65.253 999.000  68.635 999.000 176.717 999.000   8.246 999.000 112.341 999.000   4.232 999.000
      70     SER  60.398 999.000  63.447 999.000 175.690 999.000   7.790 999.000 116.805 999.000   4.356 999.000
      71     GLN  57.288 999.000  28.941 999.000 177.068 999.000   7.577 999.000 121.060 999.000   4.229 999.000
      72     LEU  54.724 999.000  42.159 999.000 176.292 999.000   7.254 999.000 120.754 999.000   4.279 999.000
      73     HIS  55.821 999.000  29.861 999.000 175.369 999.000   8.585 999.000 125.425 999.000   4.636 999.000
      74     ILE  60.942 999.000  38.667 999.000 175.217 999.000   8.073 999.000 124.172 999.000   4.420 999.000
      75     THR  58.459 999.000  69.969 999.000 173.728 999.000   8.003 999.000 117.074 999.000   4.795 999.000
      76     PRO  64.669 999.000  31.645 999.000 177.548 999.000-999.000-999.000 999.000 999.000   4.417 999.000
      77     GLY  45.069 999.000-999.000-999.000 175.050 999.000   8.343 999.000 107.480 999.000   4.134 999.000
      78     THR  63.618 999.000  69.491 999.000 174.182 999.000   7.692 999.000 117.720 999.000   4.229 999.000
      79     ALA  50.878 999.000  21.117 999.000 176.791 999.000   8.610 999.000 128.770 999.000   4.691 999.000
      80     TYR  61.056 999.000  38.035 999.000 177.294 999.000   8.886 999.000 120.749 999.000   3.103 999.000
      81     GLN  58.761 999.000  27.718 999.000 178.189 999.000   8.446 999.000 118.154 999.000   3.836 999.000
      82     SER  60.797 999.000  62.923 999.000 176.022 999.000   7.580 999.000 114.636 999.000   4.261 999.000
      83     PHE  60.894 999.000  39.376 999.000 176.615 999.000   7.164 999.000 123.611 999.000   4.173 999.000
      84     GLU  59.910 999.000  29.342 999.000 178.346 999.000   8.538 999.000 119.218 999.000   3.593 999.000
      85     GLN  58.528 999.000  28.305 999.000 178.351 999.000   7.572 999.000 117.323 999.000   3.971 999.000
      86     VAL  65.045 999.000  31.944 999.000 177.734 999.000   7.066 999.000 119.294 999.000   3.696 999.000
      87     VAL  65.635 999.000  31.140 999.000 177.742 999.000   7.721 999.000 118.935 999.000   3.306 999.000
      88     ASN  55.932 999.000  37.791 999.000 177.355 999.000   8.443 999.000 118.145 999.000   4.303 999.000
      89     GLU  58.388 999.000  29.603 999.000 178.014 999.000   7.325 999.000 119.559 999.000   4.068 999.000
      90     LEU  57.013 999.000  41.942 999.000 177.198 999.000   7.333 999.000 119.516 999.000   3.934 999.000
      91     PHE  58.514 999.000  38.836 999.000 176.157 999.000   7.658 999.000 114.892 999.000   4.471 999.000
      92     ARG  58.655 999.000  29.825 999.000 176.794 999.000   7.520 999.000 120.478 999.000   3.955 999.000
      93     ASP  53.809 999.000  40.700 999.000 176.274 999.000   8.113 999.000 116.933 999.000   4.625 999.000
      94     GLY  44.640 999.000-999.000-999.000 173.365 999.000   7.555 999.000 107.940 999.000   4.077 999.000
      95     VAL  62.171 999.000  32.458 999.000 175.257 999.000   7.993 999.000 119.717 999.000   3.874 999.000
      96     ASN  51.995 999.000  41.150 999.000 174.588 999.000   7.682 999.000 122.224 999.000   4.290 999.000
      97     TRP  60.103 999.000  30.425 999.000 178.146 999.000   8.914 999.000 120.697 999.000   4.533 999.000
      98     GLY  47.114 999.000-999.000-999.000 175.971 999.000   8.899 999.000 106.931 999.000   4.145 999.000
      99     ARG  58.726 999.000  29.781 999.000 178.303 999.000   8.022 999.000 121.473 999.000   4.165 999.000
     100     ILE  65.349 999.000  37.695 999.000 177.593 999.000   8.011 999.000 120.709 999.000   4.035 999.000
     101     VAL  66.958 999.000  31.287 999.000 176.755 999.000   8.363 999.000 119.491 999.000   3.445 999.000
     102     ALA  55.516 999.000  18.048 999.000 178.715 999.000   8.225 999.000 122.663 999.000   3.884 999.000
     103     PHE  60.749 999.000  38.503 999.000 176.904 999.000   8.298 999.000 119.664 999.000   4.239 999.000
     104     PHE  62.679 999.000  38.774 999.000 177.646 999.000   8.686 999.000 118.480 999.000   3.601 999.000
     105     SER  61.962 999.000  62.649 999.000 176.452 999.000   8.377 999.000 115.342 999.000   4.154 999.000
     106     PHE  60.122 999.000  38.336 999.000 176.822 999.000   8.777 999.000 123.692 999.000   4.252 999.000
     107     GLY  47.550 999.000-999.000-999.000 176.205 999.000   8.213 999.000 106.661 999.000   3.618 999.000
     108     GLY  47.316 999.000-999.000-999.000 175.495 999.000   8.430 999.000 109.664 999.000   3.940 999.000
     109     ALA  54.867 999.000  18.339 999.000 178.962 999.000   8.195 999.000 124.586 999.000   4.167 999.000
     110     LEU  58.016 999.000  41.634 999.000 177.615 999.000   8.556 999.000 119.744 999.000   4.109 999.000
     111     CYS 999.000 999.000 999.000 999.000 999.000 999.000 999.000 999.000 999.000 999.000   3.934 999.000
     112     VAL  66.417 999.000  31.280 999.000 177.557 999.000   8.059 999.000 120.208 999.000   3.492 999.000
     113     GLU  59.526 999.000  29.054 999.000 178.486 999.000   8.397 999.000 120.416 999.000   4.013 999.000
     114     SER  62.086 999.000  63.029 999.000 176.303 999.000   8.144 999.000 115.649 999.000   4.106 999.000
     115     VAL  65.232 999.000  31.244 999.000 177.617 999.000   7.593 999.000 120.787 999.000   3.598 999.000
     116     ASP  56.374 999.000  41.177 999.000 177.696 999.000   7.903 999.000 119.945 999.000   4.436 999.000
     117     LYS  56.484 999.000  32.150 999.000 176.020 999.000   7.822 999.000 116.617 999.000   4.216 999.000
     118     GLU  57.415 999.000  27.212 999.000 175.570 999.000   7.917 999.000 115.547 999.000   4.014 999.000
     119     MET  54.744 999.000  31.968 999.000 176.122 999.000   8.407 999.000 118.953 999.000   4.730 999.000
     120     GLN  58.793 999.000  27.894 999.000 177.612 999.000   7.974 999.000 119.760 999.000   3.882 999.000
     121     VAL  64.114 999.000  31.537 999.000 177.261 999.000   7.652 999.000 118.066 999.000   3.863 999.000
     122     LEU  56.894 999.000  41.329 999.000 178.137 999.000   7.782 999.000 119.817 999.000   3.947 999.000
     123     VAL  66.642 999.000  31.272 999.000 177.779 999.000   7.443 999.000 118.812 999.000   3.273 999.000
     124     SER  61.436 999.000  62.783 999.000 176.340 999.000   8.289 999.000 114.505 999.000   4.119 999.000
     125     ARG  58.529 999.000  30.011 999.000 178.100 999.000   6.836 999.000 122.573 999.000   3.769 999.000
     126     ILE  65.647 999.000  37.771 999.000 177.403 999.000   8.241 999.000 120.875 999.000   2.934 999.000
     127     ALA  55.481 999.000  18.120 999.000 179.179 999.000   7.853 999.000 120.630 999.000   3.911 999.000
     128     ALA  54.958 999.000  18.445 999.000 178.804 999.000   7.245 999.000 121.281 999.000   4.165 999.000
     129     TRP  58.625 999.000  28.554 999.000 178.817 999.000   8.719 999.000 119.938 999.000   4.350 999.000
     130     MET  59.771 999.000  32.774 999.000 177.766 999.000   8.746 999.000 117.325 999.000   4.515 999.000
     131     ALA  55.148 999.000  18.278 999.000 178.639 999.000   8.024 999.000 121.551 999.000   4.191 999.000
     132     THR  66.784 999.000  67.964 999.000 175.569 999.000   8.434 999.000 116.193 999.000   4.009 999.000
     133     TYR  62.218 999.000  38.794 999.000 176.866 999.000   8.725 999.000 122.988 999.000   4.196 999.000
     134     LEU  58.556 999.000  41.425 999.000 177.775 999.000   8.688 999.000 119.197 999.000   4.059 999.000
     135     ASN  56.206 999.000  38.931 999.000 177.198 999.000   8.095 999.000 116.569 999.000   4.380 999.000
     136     ASP  55.965 999.000  40.893 999.000 176.940 999.000   8.151 999.000 118.178 999.000   4.396 999.000
     137     HIS  57.286 999.000  31.884 999.000 175.872 999.000   7.783 999.000 114.130 999.000   4.413 999.000
     138     LEU  56.190 999.000  42.459 999.000 177.630 999.000   7.915 999.000 116.614 999.000   4.152 999.000
     139     GLU  61.681 999.000  28.143 999.000 176.130 999.000   8.787 999.000 119.731 999.000   4.019 999.000
     140     PRO  65.429 999.000  31.448 999.000 178.056 999.000-999.000-999.000 999.000 999.000   4.203 999.000
     141     TRP  60.539 999.000  29.485 999.000 177.764 999.000   7.121 999.000 118.556 999.000   4.182 999.000
     142     ILE  65.628 999.000  37.898 999.000 177.190 999.000   8.435 999.000 119.954 999.000   3.140 999.000
     143     GLN  59.014 999.000  28.063 999.000 178.586 999.000   8.359 999.000 118.029 999.000   3.977 999.000
     144     GLU  58.229 999.000  29.690 999.000 177.821 999.000   7.475 999.000 119.126 999.000   3.996 999.000
     145     ASN  54.528 999.000  39.695 999.000 175.697 999.000   7.697 999.000 115.365 999.000   4.256 999.000
     146     GLY  45.165 999.000-999.000-999.000 174.657 999.000   7.549 999.000 107.289 999.000   4.102 999.000
     147     GLY  44.283 999.000-999.000-999.000 173.625 999.000   8.313 999.000 107.527 999.000   4.142 999.000
     148     TRP  59.968 999.000  29.718 999.000 177.631 999.000   8.911 999.000 120.054 999.000   4.604 999.000
     149     ASP  56.869 999.000  39.719 999.000 178.177 999.000   8.438 999.000 119.676 999.000   4.430 999.000
     150     THR  64.454 999.000  68.618 999.000 175.990 999.000   7.616 999.000 113.255 999.000   4.128 999.000
     151     PHE  60.498 999.000  39.552 999.000 176.542 999.000   7.615 999.000 123.553 999.000   3.804 999.000
     152     VAL  65.056 999.000  31.205 999.000 177.644 999.000   7.812 999.000 116.477 999.000   3.739 999.000
     153     GLU  57.875 999.000  29.684 999.000 176.879 999.000   7.494 999.000 118.659 999.000   4.100 999.000
     154     LEU  56.006 999.000  43.647 999.000 176.785 999.000   7.123 999.000 117.957 999.000   4.091 999.000
     155     TYR  57.729 999.000  40.729 999.000 175.666 999.000   8.001 999.000 114.827 999.000   4.495 999.000
     156     GLY  44.605 999.000-999.000-999.000 174.193 999.000   8.084 999.000 106.599 999.000   4.079 999.000
     157     ASN  55.776 999.000  38.482 999.000 176.915 999.000   8.810 999.000 118.952 999.000   4.340 999.000
     158     ASN  55.216 999.000  38.136 999.000 176.692 999.000   8.430 999.000 117.040 999.000   4.529 999.000
     159     ALA  54.528 999.000  18.334 999.000 179.300 999.000   7.704 999.000 123.115 999.000   4.075 999.000
     160     ALA  54.436 999.000  17.995 999.000 179.645 999.000   7.990 999.000 120.323 999.000   4.109 999.000
     161     ALA  54.561 999.000  17.995 999.000 179.934 999.000   7.700 999.000 120.494 999.000   4.162 999.000
     162     GLU  58.873 999.000  29.103 999.000 179.179 999.000   7.887 999.000 117.886 999.000   4.129 999.000
     163     SER  60.943 999.000  63.052 999.000 176.627 999.000   7.969 999.000 115.240 999.000   4.272 999.000
     164     ARG  58.042 999.000  29.665 999.000 178.282 999.000   7.815 999.000 121.967 999.000   4.194 999.000
     165     LYS  57.849 999.000  32.035 999.000 178.612 999.000   7.861 999.000 118.971 999.000   4.204 999.000
     166     GLY  45.823 999.000-999.000-999.000 175.090 999.000   7.839 999.000 107.179 999.000   3.974 999.000
     167     GLN  57.039 999.000  28.961 999.000 177.081 999.000   7.789 999.000 119.961 999.000   4.256 999.000
     168     GLU  57.215 999.000  29.886 999.000 177.020 999.000   7.670 999.000 118.567 999.000   4.279 999.000
     169     ARG 999.000 999.000 999.000 999.000 999.000 999.000 999.000 999.000 999.000 999.000 999.000 999.000
