   index residue  pre_ca  exp_ca  pre_cb  exp_cb   pre_c   exp_c   pre_h   exp_h   pre_n   exp_n  pre_ha  exp_ha
       1     MET 999.000 999.000 999.000 999.000 999.000 999.000-999.000-999.000 999.000 999.000 999.000 999.000
       2     SER 999.000 999.000 999.000 999.000 999.000 999.000 999.000 999.000 999.000 999.000 999.000 999.000
       3     GLN  57.430 999.000  28.129 999.000 177.518 999.000   8.810 999.000 122.093 999.000   4.275 999.000
       4     SER  61.248 999.000  62.866 999.000 175.937 999.000   8.753 999.000 114.812 999.000   4.162 999.000
       5     ASN  55.253 999.000  38.504 999.000 176.576 999.000   8.051 999.000 119.821 999.000   4.695 999.000
       6     ARG  59.456 999.000  29.831 999.000 177.934 999.000   7.892 999.000 121.438 999.000   4.120 999.000
       7     GLU  59.150 999.000  29.122 999.000 178.936 999.000   8.150 999.000 118.807 999.000   3.983 999.000
       8     LEU  57.681 999.000  41.604 999.000 178.617 999.000   7.395 999.000 119.422 999.000   4.001 999.000
       9     VAL  66.463 999.000  31.405 999.000 177.568 999.000   7.679 999.000 119.353 999.000   3.659 999.000
      10     VAL  67.118 999.000  31.250 999.000 176.387 999.000   8.471 999.000 119.384 999.000   3.103 999.000
      11     ASP  57.621 999.000  41.097 999.000 177.627 999.000   7.664 999.000 119.987 999.000   4.218 999.000
      12     PHE  61.421 999.000  39.606 999.000 176.990 999.000   7.659 999.000 120.590 999.000   4.178 999.000
      13     LEU  58.137 999.000  41.066 999.000 178.560 999.000   8.553 999.000 118.142 999.000   3.915 999.000
      14     SER  62.105 999.000  62.577 999.000 176.436 999.000   8.122 999.000 115.052 999.000   4.115 999.000
      15     TYR  61.062 999.000  37.852 999.000 176.960 999.000   7.951 999.000 123.935 999.000   4.257 999.000
      16     LYS  58.569 999.000  31.375 999.000 178.949 999.000   7.872 999.000 118.209 999.000   3.684 999.000
      17     LEU  57.623 999.000  41.679 999.000 178.832 999.000   8.410 999.000 118.937 999.000   4.220 999.000
      18     SER  61.560 999.000  62.938 999.000 177.079 999.000   8.440 999.000 115.861 999.000   4.232 999.000
      19     GLN  57.925 999.000  28.480 999.000 177.205 999.000   7.981 999.000 119.947 999.000   4.059 999.000
      20     LYS  55.651 999.000  32.379 999.000 176.556 999.000   7.329 999.000 116.782 999.000   4.268 999.000
      21     GLY  45.429 999.000-999.000-999.000 174.028 999.000   7.578 999.000 107.659 999.000   3.828 999.000
      22     TYR  56.656 999.000  39.506 999.000 175.530 999.000   7.906 999.000 120.250 999.000   4.807 999.000
      23     SER  57.160 999.000  64.307 999.000 174.961 999.000   8.285 999.000 117.111 999.000   4.621 999.000
      24     TRP  59.577 999.000  29.896 999.000 177.549 999.000   9.114 999.000 126.669 999.000   4.580 999.000
      25     SER  61.214 999.000  62.450 999.000 176.138 999.000   8.426 999.000 114.702 999.000   4.077 999.000
      26     GLN  57.468 999.000  28.702 999.000 176.287 999.000   7.326 999.000 120.722 999.000   3.923 999.000
      27     PHE  57.573 999.000  40.317 999.000 176.073 999.000   7.248 999.000 115.959 999.000   4.374 999.000
      28     SER  57.592 999.000  64.847 999.000 174.122 999.000   7.092 999.000 114.481 999.000   4.251 999.000
      29     ASP  53.463 999.000  40.414 999.000 177.013 999.000   8.455 999.000 122.639 999.000   4.629 999.000
      30     VAL  64.233 999.000  31.690 999.000 177.351 999.000   8.132 999.000 120.550 999.000   3.863 999.000
      31     GLU  57.984 999.000  29.243 999.000 177.428 999.000   8.356 999.000 119.675 999.000   4.162 999.000
      32     GLU  57.060 999.000  30.320 999.000 177.078 999.000   7.786 999.000 117.603 999.000   4.236 999.000
      33     ASN  53.147 999.000  38.751 999.000 175.546 999.000   7.681 999.000 117.647 999.000   4.701 999.000
      34     ARG  56.144 999.000  30.646 999.000 176.599 999.000   8.305 999.000 121.466 999.000   4.389 999.000
      35     THR  62.046 999.000  69.818 999.000 174.779 999.000   7.985 999.000 113.516 999.000   4.341 999.000
      36     GLU  56.478 999.000  30.373 999.000 175.788 999.000   8.558 999.000 122.184 999.000   4.295 999.000
      37     ALA  50.812 999.000  18.390 999.000 175.552 999.000   8.162 999.000 123.198 999.000   4.510 999.000
      38     PRO  63.236 999.000  32.263 999.000 176.667 999.000-999.000-999.000 999.000 999.000   4.528 999.000
      39     GLU  56.139 999.000  30.585 999.000 176.776 999.000   8.445 999.000 119.330 999.000   4.290 999.000
      40     GLY  45.182 999.000-999.000-999.000 174.619 999.000   8.496 999.000 109.275 999.000   4.060 999.000
      41     THR  61.524 999.000  70.510 999.000 174.937 999.000   8.125 999.000 112.867 999.000   4.449 999.000
      42     GLU  57.697 999.000  29.482 999.000 177.058 999.000   8.875 999.000 122.063 999.000   4.247 999.000
      43     SER  59.594 999.000  63.481 999.000 175.504 999.000   8.343 999.000 114.480 999.000   4.310 999.000
      44     GLU  59.419 999.000  29.003 999.000 178.352 999.000   8.074 999.000 123.276 999.000   3.942 999.000
      45     ALA  54.843 999.000  18.327 999.000 179.633 999.000   8.009 999.000 120.362 999.000   4.186 999.000
      46     VAL  65.820 999.000  31.382 999.000 177.828 999.000   7.453 999.000 119.327 999.000   3.654 999.000
      47     LYS  60.150 999.000  32.016 999.000 178.903 999.000   8.195 999.000 119.681 999.000   3.742 999.000
      48     GLN  58.745 999.000  28.285 999.000 178.208 999.000   8.111 999.000 118.610 999.000   3.965 999.000
      49     ALA  55.087 999.000  18.168 999.000 179.532 999.000   7.839 999.000 122.400 999.000   4.069 999.000
      50     LEU  58.099 999.000  41.535 999.000 178.790 999.000   8.495 999.000 118.833 999.000   4.091 999.000
      51     ARG  59.699 999.000  29.730 999.000 178.434 999.000   7.982 999.000 118.955 999.000   3.906 999.000
      52     GLU  59.079 999.000  29.187 999.000 178.903 999.000   8.126 999.000 118.887 999.000   4.131 999.000
      53     ALA  54.849 999.000  18.204 999.000 179.436 999.000   8.466 999.000 121.650 999.000   4.200 999.000
      54     GLY  47.321 999.000-999.000-999.000 175.516 999.000   8.584 999.000 106.588 999.000   4.119 999.000
      55     ASP  56.802 999.000  40.404 999.000 178.018 999.000   8.334 999.000 121.971 999.000   4.606 999.000
      56     GLU  58.917 999.000  29.635 999.000 178.305 999.000   7.812 999.000 120.413 999.000   4.203 999.000
      57     PHE  61.846 999.000  38.977 999.000 177.914 999.000   8.711 999.000 119.651 999.000   4.255 999.000
      58     GLU  58.903 999.000  29.383 999.000 178.353 999.000   8.276 999.000 118.467 999.000   4.223 999.000
      59     LEU  56.945 999.000  42.451 999.000 177.958 999.000   7.521 999.000 120.024 999.000   4.244 999.000
      60     ARG  57.493 999.000  31.051 999.000 176.834 999.000   8.050 999.000 115.925 999.000   4.001 999.000
      61     TYR  56.378 999.000  37.943 999.000 175.630 999.000   7.966 999.000 117.914 999.000   4.761 999.000
      62     ARG  58.645 999.000  30.110 999.000 177.230 999.000   7.991 999.000 120.845 999.000   3.865 999.000
      63     ARG  57.002 999.000  29.924 999.000 177.247 999.000   8.247 999.000 117.262 999.000   4.260 999.000
      64     ALA  54.285 999.000  18.537 999.000 178.064 999.000   7.787 999.000 121.036 999.000   4.131 999.000
      65     PHE  57.954 999.000  39.657 999.000 176.478 999.000   7.544 999.000 113.270 999.000   4.745 999.000
      66     SER  61.320 999.000  62.544 999.000 176.279 999.000   8.021 999.000 116.651 999.000   4.205 999.000
      67     ASP  56.198 999.000  39.961 999.000 178.209 999.000   7.857 999.000 122.016 999.000   4.497 999.000
      68     LEU  57.564 999.000  41.658 999.000 178.710 999.000   7.509 999.000 120.025 999.000   4.024 999.000
      69     THR  65.180 999.000  68.650 999.000 176.732 999.000   8.226 999.000 112.051 999.000   4.222 999.000
      70     SER  60.457 999.000  63.410 999.000 175.719 999.000   7.829 999.000 116.895 999.000   4.348 999.000
      71     GLN  57.221 999.000  28.914 999.000 177.022 999.000   7.572 999.000 120.938 999.000   4.236 999.000
      72     LEU  54.722 999.000  42.188 999.000 176.315 999.000   7.231 999.000 120.789 999.000   4.281 999.000
      73     HIS  55.840 999.000  29.881 999.000 175.347 999.000   8.591 999.000 125.316 999.000   4.635 999.000
      74     ILE  60.900 999.000  38.782 999.000 175.182 999.000   8.064 999.000 124.055 999.000   4.429 999.000
      75     THR  58.459 999.000  69.977 999.000 173.737 999.000   7.999 999.000 116.926 999.000   4.794 999.000
      76     PRO  64.669 999.000  31.641 999.000 177.526 999.000-999.000-999.000 999.000 999.000   4.418 999.000
      77     GLY  45.065 999.000-999.000-999.000 175.047 999.000   8.336 999.000 107.530 999.000   4.135 999.000
      78     THR  63.628 999.000  69.497 999.000 174.187 999.000   7.690 999.000 117.709 999.000   4.230 999.000
      79     ALA  50.882 999.000  21.097 999.000 176.806 999.000   8.616 999.000 128.791 999.000   4.688 999.000
      80     TYR  61.069 999.000  38.039 999.000 177.292 999.000   8.875 999.000 120.762 999.000   3.102 999.000
      81     GLN  58.770 999.000  27.714 999.000 178.201 999.000   8.440 999.000 118.119 999.000   3.834 999.000
      82     SER  60.802 999.000  62.921 999.000 176.045 999.000   7.579 999.000 114.618 999.000   4.263 999.000
      83     PHE  60.902 999.000  39.347 999.000 176.621 999.000   7.150 999.000 123.596 999.000   4.175 999.000
      84     GLU  59.912 999.000  29.342 999.000 178.336 999.000   8.534 999.000 119.200 999.000   3.593 999.000
      85     GLN  58.540 999.000  28.283 999.000 178.384 999.000   7.570 999.000 117.363 999.000   3.971 999.000
      86     VAL  65.068 999.000  31.912 999.000 177.749 999.000   7.064 999.000 119.302 999.000   3.690 999.000
      87     VAL  65.690 999.000  31.156 999.000 177.744 999.000   7.711 999.000 119.094 999.000   3.300 999.000
      88     ASN  55.920 999.000  37.737 999.000 177.388 999.000   8.465 999.000 118.094 999.000   4.305 999.000
      89     GLU  58.389 999.000  29.619 999.000 178.035 999.000   7.315 999.000 119.591 999.000   4.064 999.000
      90     LEU  57.087 999.000  41.979 999.000 177.277 999.000   7.350 999.000 119.625 999.000   3.917 999.000
      91     PHE  58.539 999.000  38.782 999.000 176.143 999.000   7.669 999.000 114.672 999.000   4.475 999.000
      92     ARG  58.639 999.000  29.805 999.000 176.767 999.000   7.531 999.000 120.309 999.000   3.957 999.000
      93     ASP  53.810 999.000  40.747 999.000 176.268 999.000   8.126 999.000 116.839 999.000   4.629 999.000
      94     GLY  44.649 999.000-999.000-999.000 173.332 999.000   7.554 999.000 107.901 999.000   4.079 999.000
      95     VAL  62.189 999.000  32.442 999.000 175.271 999.000   8.001 999.000 119.724 999.000   3.879 999.000
      96     ASN  51.993 999.000  41.145 999.000 174.580 999.000   7.697 999.000 122.214 999.000   4.295 999.000
      97     TRP  60.112 999.000  30.413 999.000 178.153 999.000   8.915 999.000 120.661 999.000   4.540 999.000
      98     GLY  47.121 999.000-999.000-999.000 175.979 999.000   8.902 999.000 106.967 999.000   4.155 999.000
      99     ARG  58.753 999.000  29.800 999.000 178.295 999.000   8.055 999.000 121.445 999.000   4.159 999.000
     100     ILE  65.350 999.000  37.700 999.000 177.586 999.000   8.004 999.000 120.716 999.000   4.046 999.000
     101     VAL  66.946 999.000  31.289 999.000 176.755 999.000   8.353 999.000 119.481 999.000   3.445 999.000
     102     ALA  55.530 999.000  18.047 999.000 178.709 999.000   8.245 999.000 122.687 999.000   3.890 999.000
     103     PHE  60.757 999.000  38.482 999.000 176.922 999.000   8.297 999.000 119.642 999.000   4.230 999.000
     104     PHE  62.680 999.000  38.775 999.000 177.643 999.000   8.673 999.000 118.495 999.000   3.598 999.000
     105     SER  61.956 999.000  62.648 999.000 176.450 999.000   8.370 999.000 115.351 999.000   4.162 999.000
     106     PHE  60.153 999.000  38.363 999.000 176.818 999.000   8.761 999.000 123.633 999.000   4.247 999.000
     107     GLY  47.551 999.000-999.000-999.000 176.217 999.000   8.206 999.000 106.659 999.000   3.616 999.000
     108     GLY  47.325 999.000-999.000-999.000 175.497 999.000   8.443 999.000 109.670 999.000   3.934 999.000
     109     ALA  54.879 999.000  18.336 999.000 178.961 999.000   8.175 999.000 124.574 999.000   4.155 999.000
     110     LEU  58.014 999.000  41.636 999.000 177.603 999.000   8.548 999.000 119.751 999.000   4.105 999.000
     111     CYS 999.000 999.000 999.000 999.000 999.000 999.000 999.000 999.000 999.000 999.000   3.932 999.000
     112     VAL  66.445 999.000  31.282 999.000 177.541 999.000   8.057 999.000 120.241 999.000   3.485 999.000
     113     GLU  59.502 999.000  29.072 999.000 178.469 999.000   8.384 999.000 120.416 999.000   4.011 999.000
     114     SER  62.089 999.000  63.030 999.000 176.311 999.000   8.151 999.000 115.651 999.000   4.105 999.000
     115     VAL  65.249 999.000  31.244 999.000 177.623 999.000   7.602 999.000 120.819 999.000   3.597 999.000
     116     ASP  56.377 999.000  41.169 999.000 177.695 999.000   7.904 999.000 119.977 999.000   4.436 999.000
     117     LYS  56.498 999.000  32.162 999.000 176.022 999.000   7.833 999.000 116.612 999.000   4.215 999.000
     118     GLU  57.420 999.000  27.207 999.000 175.579 999.000   7.918 999.000 115.524 999.000   4.014 999.000
     119     MET  54.752 999.000  31.951 999.000 176.122 999.000   8.415 999.000 118.918 999.000   4.730 999.000
     120     GLN  58.777 999.000  27.888 999.000 177.605 999.000   7.966 999.000 119.761 999.000   3.883 999.000
     121     VAL  64.112 999.000  31.532 999.000 177.278 999.000   7.648 999.000 118.020 999.000   3.862 999.000
     122     LEU  56.920 999.000  41.318 999.000 178.158 999.000   7.796 999.000 119.810 999.000   3.943 999.000
     123     VAL  66.645 999.000  31.265 999.000 177.779 999.000   7.441 999.000 118.781 999.000   3.273 999.000
     124     SER  61.437 999.000  62.778 999.000 176.343 999.000   8.288 999.000 114.501 999.000   4.121 999.000
     125     ARG  58.513 999.000  30.008 999.000 178.105 999.000   6.832 999.000 122.561 999.000   3.773 999.000
     126     ILE  65.657 999.000  37.774 999.000 177.404 999.000   8.240 999.000 120.886 999.000   2.935 999.000
     127     ALA  55.480 999.000  18.120 999.000 179.181 999.000   7.856 999.000 120.608 999.000   3.911 999.000
     128     ALA  54.954 999.000  18.453 999.000 178.788 999.000   7.236 999.000 121.273 999.000   4.165 999.000
     129     TRP  58.623 999.000  28.554 999.000 178.822 999.000   8.722 999.000 119.933 999.000   4.354 999.000
     130     MET  59.787 999.000  32.780 999.000 177.768 999.000   8.747 999.000 117.312 999.000   4.519 999.000
     131     ALA  55.151 999.000  18.276 999.000 178.641 999.000   8.014 999.000 121.556 999.000   4.194 999.000
     132     THR  66.788 999.000  67.961 999.000 175.581 999.000   8.443 999.000 116.205 999.000   4.009 999.000
     133     TYR  62.226 999.000  38.798 999.000 176.870 999.000   8.728 999.000 123.005 999.000   4.197 999.000
     134     LEU  58.557 999.000  41.434 999.000 177.779 999.000   8.688 999.000 119.182 999.000   4.058 999.000
     135     ASN  56.222 999.000  38.939 999.000 177.184 999.000   8.091 999.000 116.573 999.000   4.381 999.000
     136     ASP  55.973 999.000  40.905 999.000 176.948 999.000   8.130 999.000 118.173 999.000   4.401 999.000
     137     HIS  57.285 999.000  31.874 999.000 175.863 999.000   7.786 999.000 114.120 999.000   4.409 999.000
     138     LEU  56.173 999.000  42.507 999.000 177.621 999.000   7.924 999.000 116.603 999.000   4.150 999.000
     139     GLU  61.684 999.000  28.146 999.000 176.128 999.000   8.785 999.000 119.730 999.000   4.016 999.000
     140     PRO  65.418 999.000  31.447 999.000 178.046 999.000-999.000-999.000 999.000 999.000   4.205 999.000
     141     TRP  60.530 999.000  29.490 999.000 177.769 999.000   7.127 999.000 118.562 999.000   4.180 999.000
     142     ILE  65.627 999.000  37.904 999.000 177.215 999.000   8.459 999.000 119.967 999.000   3.141 999.000
     143     GLN  59.010 999.000  28.066 999.000 178.582 999.000   8.359 999.000 118.049 999.000   3.975 999.000
     144     GLU  58.225 999.000  29.681 999.000 177.807 999.000   7.484 999.000 119.110 999.000   3.997 999.000
     145     ASN  54.488 999.000  39.669 999.000 175.636 999.000   7.678 999.000 115.313 999.000   4.272 999.000
     146     GLY  45.152 999.000-999.000-999.000 174.674 999.000   7.556 999.000 107.397 999.000   4.107 999.000
     147     GLY  44.281 999.000-999.000-999.000 173.637 999.000   8.304 999.000 107.570 999.000   4.140 999.000
     148     TRP  59.976 999.000  29.743 999.000 177.644 999.000   8.902 999.000 120.053 999.000   4.607 999.000
     149     ASP  56.896 999.000  39.732 999.000 178.203 999.000   8.440 999.000 119.622 999.000   4.426 999.000
     150     THR  64.556 999.000  68.608 999.000 176.036 999.000   7.621 999.000 113.449 999.000   4.117 999.000
     151     PHE  60.555 999.000  39.549 999.000 176.552 999.000   7.600 999.000 123.506 999.000   3.802 999.000
     152     VAL  65.139 999.000  31.207 999.000 177.683 999.000   7.841 999.000 116.662 999.000   3.728 999.000
     153     GLU  57.881 999.000  29.673 999.000 176.929 999.000   7.499 999.000 118.624 999.000   4.100 999.000
     154     LEU  56.054 999.000  43.595 999.000 176.793 999.000   7.110 999.000 118.084 999.000   4.081 999.000
     155     TYR  57.744 999.000  40.673 999.000 175.777 999.000   8.029 999.000 114.722 999.000   4.495 999.000
     156     GLY  44.644 999.000-999.000-999.000 174.199 999.000   8.026 999.000 106.419 999.000   4.078 999.000
     157     ASN  55.765 999.000  38.479 999.000 176.899 999.000   8.823 999.000 118.979 999.000   4.337 999.000
     158     ASN  55.188 999.000  38.138 999.000 176.667 999.000   8.429 999.000 117.003 999.000   4.526 999.000
     159     ALA  54.509 999.000  18.341 999.000 179.284 999.000   7.699 999.000 123.113 999.000   4.077 999.000
     160     ALA  54.408 999.000  18.007 999.000 179.615 999.000   7.958 999.000 120.288 999.000   4.106 999.000
     161     ALA  54.494 999.000  18.020 999.000 179.945 999.000   7.701 999.000 120.330 999.000   4.160 999.000
     162     GLU  58.713 999.000  29.174 999.000 178.983 999.000   7.836 999.000 117.719 999.000   4.136 999.000
     163     SER  60.795 999.000  63.162 999.000 176.456 999.000   7.920 999.000 115.058 999.000   4.289 999.000
     164     ARG  57.661 999.000  29.798 999.000 177.917 999.000   7.808 999.000 122.000 999.000   4.235 999.000
     165     LYS  57.524 999.000  32.168 999.000 178.340 999.000   7.790 999.000 118.873 999.000   4.219 999.000
     166     GLY  45.694 999.000-999.000-999.000 174.863 999.000   7.845 999.000 107.126 999.000   3.972 999.000
     167     GLN  56.828 999.000  29.094 999.000 176.850 999.000   7.815 999.000 119.727 999.000   4.274 999.000
     168     GLU  57.069 999.000  29.994 999.000 176.859 999.000   7.688 999.000 118.625 999.000   4.287 999.000
     169     ARG 999.000 999.000 999.000 999.000 999.000 999.000 999.000 999.000 999.000 999.000 999.000 999.000
