   index residue  pre_ca  exp_ca  pre_cb  exp_cb   pre_c   exp_c   pre_h   exp_h   pre_n   exp_n  pre_ha  exp_ha
       1     MET 999.000 999.000 999.000 999.000 999.000 999.000-999.000-999.000 999.000 999.000 999.000 999.000
       2     SER 999.000 999.000 999.000 999.000 999.000 999.000 999.000 999.000 999.000 999.000 999.000 999.000
       3     GLN  56.488 999.000  28.208 999.000 177.046 999.000   8.329 999.000 121.584 999.000   4.395 999.000
       4     SER  61.124 999.000  62.958 999.000 176.067 999.000   8.585 999.000 116.121 999.000   4.178 999.000
       5     ASN  55.981 999.000  38.226 999.000 176.737 999.000   8.012 999.000 120.249 999.000   4.573 999.000
       6     ARG  59.274 999.000  29.819 999.000 177.945 999.000   7.839 999.000 120.880 999.000   4.165 999.000
       7     GLU  59.107 999.000  29.125 999.000 179.112 999.000   7.908 999.000 118.772 999.000   4.012 999.000
       8     LEU  57.786 999.000  41.573 999.000 178.614 999.000   7.542 999.000 119.784 999.000   4.013 999.000
       9     VAL  66.331 999.000  31.410 999.000 177.610 999.000   7.714 999.000 118.998 999.000   3.715 999.000
      10     VAL  67.173 999.000  31.255 999.000 176.286 999.000   8.475 999.000 119.629 999.000   3.032 999.000
      11     ASP  57.512 999.000  40.670 999.000 177.925 999.000   7.606 999.000 119.569 999.000   4.251 999.000
      12     PHE  61.442 999.000  39.515 999.000 176.905 999.000   7.532 999.000 120.986 999.000   4.190 999.000
      13     LEU  58.043 999.000  41.011 999.000 178.603 999.000   8.605 999.000 118.552 999.000   3.896 999.000
      14     SER  62.414 999.000  62.513 999.000 176.527 999.000   8.350 999.000 115.139 999.000   4.186 999.000
      15     TYR  61.340 999.000  38.097 999.000 177.087 999.000   8.067 999.000 123.876 999.000   4.271 999.000
      16     LYS  58.681 999.000  31.388 999.000 178.972 999.000   7.988 999.000 118.260 999.000   3.756 999.000
      17     LEU  57.658 999.000  41.668 999.000 178.835 999.000   8.509 999.000 119.125 999.000   4.240 999.000
      18     SER  61.566 999.000  62.932 999.000 177.247 999.000   8.438 999.000 115.868 999.000   4.216 999.000
      19     GLN  57.959 999.000  28.410 999.000 177.097 999.000   8.041 999.000 119.553 999.000   4.034 999.000
      20     LYS  55.417 999.000  32.347 999.000 176.467 999.000   7.322 999.000 116.663 999.000   4.277 999.000
      21     GLY  45.423 999.000-999.000-999.000 174.002 999.000   7.621 999.000 107.581 999.000   3.823 999.000
      22     TYR  56.570 999.000  39.573 999.000 175.425 999.000   7.892 999.000 119.980 999.000   4.811 999.000
      23     SER  57.006 999.000  64.283 999.000 174.959 999.000   8.377 999.000 116.759 999.000   4.630 999.000
      24     TRP  60.129 999.000  29.771 999.000 177.616 999.000   9.076 999.000 127.098 999.000   4.394 999.000
      25     SER  61.057 999.000  62.461 999.000 176.033 999.000   8.424 999.000 114.129 999.000   4.098 999.000
      26     GLN  57.204 999.000  28.876 999.000 176.267 999.000   7.293 999.000 120.833 999.000   3.954 999.000
      27     PHE  57.609 999.000  40.199 999.000 176.015 999.000   7.319 999.000 115.799 999.000   4.432 999.000
      28     SER  57.505 999.000  64.770 999.000 174.249 999.000   7.168 999.000 114.152 999.000   4.265 999.000
      29     ASP  53.963 999.000  40.926 999.000 176.968 999.000   8.380 999.000 122.548 999.000   4.551 999.000
      30     VAL  64.208 999.000  31.793 999.000 177.404 999.000   8.365 999.000 121.669 999.000   3.919 999.000
      31     GLU  58.133 999.000  29.123 999.000 177.456 999.000   8.346 999.000 119.783 999.000   4.149 999.000
      32     GLU  56.764 999.000  30.115 999.000 176.791 999.000   7.861 999.000 117.478 999.000   4.244 999.000
      33     ASN  53.169 999.000  38.769 999.000 175.358 999.000   7.616 999.000 118.120 999.000   4.692 999.000
      34     ARG  55.602 999.000  30.595 999.000 176.189 999.000   8.509 999.000 123.922 999.000   4.449 999.000
      35     THR  62.769 999.000  69.315 999.000 175.293 999.000   8.283 999.000 115.096 999.000   4.214 999.000
      36     GLU  56.608 999.000  30.382 999.000 175.900 999.000   8.343 999.000 120.906 999.000   4.318 999.000
      37     ALA  50.744 999.000  18.516 999.000 175.475 999.000   7.914 999.000 122.786 999.000   4.532 999.000
      38     PRO  62.851 999.000  32.439 999.000 176.606 999.000-999.000-999.000 999.000 999.000   4.554 999.000
      39     GLU  56.297 999.000  30.351 999.000 176.873 999.000   8.503 999.000 120.966 999.000   4.231 999.000
      40     GLY  45.297 999.000-999.000-999.000 175.058 999.000   8.660 999.000 110.093 999.000   4.065 999.000
      41     THR  62.652 999.000  69.701 999.000 175.536 999.000   8.232 999.000 113.502 999.000   4.259 999.000
      42     GLU  58.130 999.000  29.361 999.000 177.434 999.000   8.695 999.000 121.094 999.000   4.217 999.000
      43     SER  60.307 999.000  63.277 999.000 175.932 999.000   8.164 999.000 114.777 999.000   4.239 999.000
      44     GLU  59.381 999.000  28.907 999.000 178.541 999.000   7.844 999.000 122.910 999.000   3.961 999.000
      45     ALA  54.927 999.000  18.284 999.000 179.646 999.000   7.908 999.000 120.379 999.000   4.164 999.000
      46     VAL  65.596 999.000  31.428 999.000 177.756 999.000   7.369 999.000 119.298 999.000   3.622 999.000
      47     LYS  60.169 999.000  32.017 999.000 178.832 999.000   8.210 999.000 120.114 999.000   3.750 999.000
      48     GLN  58.804 999.000  28.206 999.000 178.260 999.000   8.198 999.000 118.449 999.000   3.959 999.000
      49     ALA  55.147 999.000  18.163 999.000 179.526 999.000   7.757 999.000 122.513 999.000   4.042 999.000
      50     LEU  58.170 999.000  41.558 999.000 178.827 999.000   8.445 999.000 118.927 999.000   4.023 999.000
      51     ARG  59.806 999.000  29.793 999.000 178.459 999.000   8.147 999.000 119.131 999.000   4.010 999.000
      52     GLU  59.053 999.000  29.197 999.000 178.905 999.000   8.171 999.000 118.829 999.000   4.122 999.000
      53     ALA  54.917 999.000  18.135 999.000 179.496 999.000   8.400 999.000 121.705 999.000   3.998 999.000
      54     GLY  47.156 999.000-999.000-999.000 175.394 999.000   8.484 999.000 106.455 999.000   4.098 999.000
      55     ASP  56.737 999.000  40.400 999.000 178.005 999.000   8.162 999.000 122.141 999.000   4.577 999.000
      56     GLU  58.743 999.000  29.635 999.000 178.345 999.000   7.924 999.000 119.985 999.000   4.195 999.000
      57     PHE  61.765 999.000  39.208 999.000 177.303 999.000   8.645 999.000 120.635 999.000   4.202 999.000
      58     GLU  58.757 999.000  29.261 999.000 178.318 999.000   8.272 999.000 117.745 999.000   4.070 999.000
      59     LEU  56.778 999.000  42.135 999.000 178.219 999.000   7.481 999.000 119.928 999.000   4.221 999.000
      60     ARG  58.119 999.000  30.508 999.000 177.289 999.000   7.749 999.000 117.697 999.000   3.941 999.000
      61     TYR  56.315 999.000  37.691 999.000 175.476 999.000   8.174 999.000 118.924 999.000   4.754 999.000
      62     ARG  58.499 999.000  30.197 999.000 176.674 999.000   8.049 999.000 121.619 999.000   4.087 999.000
      63     ARG  56.110 999.000  30.808 999.000 176.029 999.000   8.165 999.000 117.185 999.000   4.432 999.000
      64     ALA  54.579 999.000  18.701 999.000 178.403 999.000   8.278 999.000 121.437 999.000   4.028 999.000
      65     PHE  59.083 999.000  38.958 999.000 176.603 999.000   8.051 999.000 114.944 999.000   4.654 999.000
      66     SER  61.445 999.000  62.504 999.000 176.256 999.000   8.107 999.000 116.210 999.000   4.215 999.000
      67     ASP  56.386 999.000  40.041 999.000 178.273 999.000   8.023 999.000 121.944 999.000   4.503 999.000
      68     LEU  57.672 999.000  41.877 999.000 178.593 999.000   7.611 999.000 120.565 999.000   4.075 999.000
      69     THR  64.516 999.000  68.683 999.000 176.638 999.000   8.344 999.000 109.732 999.000   4.174 999.000
      70     SER  60.455 999.000  63.366 999.000 175.588 999.000   7.738 999.000 117.222 999.000   4.353 999.000
      71     GLN  57.123 999.000  28.928 999.000 176.838 999.000   7.561 999.000 120.513 999.000   4.237 999.000
      72     LEU  54.626 999.000  42.512 999.000 176.348 999.000   7.199 999.000 120.603 999.000   4.293 999.000
      73     HIS  55.575 999.000  29.567 999.000 175.513 999.000   8.551 999.000 124.450 999.000   4.641 999.000
      74     ILE  61.218 999.000  38.532 999.000 175.282 999.000   8.019 999.000 123.492 999.000   4.356 999.000
      75     THR  58.456 999.000  70.018 999.000 173.712 999.000   8.002 999.000 116.700 999.000   4.802 999.000
      76     PRO  64.663 999.000  31.667 999.000 177.646 999.000-999.000-999.000 999.000 999.000   4.403 999.000
      77     GLY  45.069 999.000-999.000-999.000 175.063 999.000   8.352 999.000 107.459 999.000   4.131 999.000
      78     THR  63.301 999.000  69.577 999.000 174.130 999.000   7.640 999.000 117.257 999.000   4.247 999.000
      79     ALA  50.824 999.000  21.159 999.000 176.736 999.000   8.566 999.000 128.289 999.000   4.678 999.000
      80     TYR  61.171 999.000  38.070 999.000 177.289 999.000   8.824 999.000 120.772 999.000   3.015 999.000
      81     GLN  58.772 999.000  27.717 999.000 178.151 999.000   8.436 999.000 118.210 999.000   3.845 999.000
      82     SER  60.733 999.000  62.926 999.000 175.896 999.000   7.613 999.000 114.592 999.000   4.260 999.000
      83     PHE  60.811 999.000  39.481 999.000 176.518 999.000   7.221 999.000 123.636 999.000   4.171 999.000
      84     GLU  59.867 999.000  29.265 999.000 178.373 999.000   8.499 999.000 119.050 999.000   3.472 999.000
      85     GLN  58.227 999.000  28.460 999.000 177.852 999.000   7.517 999.000 116.684 999.000   3.977 999.000
      86     VAL  64.715 999.000  32.246 999.000 177.605 999.000   7.020 999.000 118.856 999.000   3.715 999.000
      87     VAL  63.781 999.000  30.906 999.000 177.138 999.000   7.356 999.000 113.643 999.000   3.468 999.000
      88     ASN  56.497 999.000  38.999 999.000 176.250 999.000   8.049 999.000 120.015 999.000   4.297 999.000
      89     GLU  58.834 999.000  29.115 999.000 177.481 999.000   7.838 999.000 118.125 999.000   4.109 999.000
      90     LEU  54.715 999.000  40.799 999.000 175.434 999.000   7.273 999.000 116.829 999.000   4.358 999.000
      91     PHE  59.714 999.000  41.988 999.000 176.582 999.000   7.589 999.000 118.186 999.000   4.314 999.000
      92     ARG  58.793 999.000  29.725 999.000 176.595 999.000   8.754 999.000 119.118 999.000   3.925 999.000
      93     ASP  53.411 999.000  40.346 999.000 176.101 999.000   8.076 999.000 117.372 999.000   4.610 999.000
      94     GLY  44.834 999.000-999.000-999.000 173.311 999.000   7.584 999.000 108.471 999.000   3.939 999.000
      95     VAL  60.662 999.000  33.847 999.000 174.655 999.000   7.764 999.000 118.859 999.000   4.016 999.000
      96     ASN  51.997 999.000  40.976 999.000 174.804 999.000   7.492 999.000 120.476 999.000   4.217 999.000
      97     TRP  60.185 999.000  30.271 999.000 178.183 999.000   8.853 999.000 119.720 999.000   4.565 999.000
      98     GLY  47.008 999.000-999.000-999.000 175.828 999.000   8.899 999.000 107.111 999.000   4.171 999.000
      99     ARG  59.050 999.000  30.182 999.000 178.191 999.000   7.952 999.000 121.493 999.000   4.253 999.000
     100     ILE  64.990 999.000  37.587 999.000 177.588 999.000   7.939 999.000 120.354 999.000   3.915 999.000
     101     VAL  66.842 999.000  31.276 999.000 176.750 999.000   8.342 999.000 119.442 999.000   3.556 999.000
     102     ALA  55.498 999.000  18.053 999.000 178.684 999.000   8.437 999.000 122.653 999.000   3.823 999.000
     103     PHE  60.967 999.000  38.607 999.000 176.941 999.000   8.151 999.000 119.408 999.000   4.202 999.000
     104     PHE  62.744 999.000  38.799 999.000 177.590 999.000   8.586 999.000 118.262 999.000   3.644 999.000
     105     SER  61.934 999.000  62.596 999.000 176.400 999.000   8.458 999.000 115.388 999.000   4.267 999.000
     106     PHE  60.569 999.000  38.654 999.000 176.846 999.000   8.748 999.000 123.259 999.000   4.023 999.000
     107     GLY  47.525 999.000-999.000-999.000 176.215 999.000   8.167 999.000 106.540 999.000   3.664 999.000
     108     GLY  47.345 999.000-999.000-999.000 175.480 999.000   8.528 999.000 109.661 999.000   3.959 999.000
     109     ALA  54.860 999.000  18.344 999.000 178.977 999.000   8.059 999.000 124.443 999.000   4.124 999.000
     110     LEU  58.007 999.000  41.624 999.000 177.524 999.000   8.406 999.000 119.707 999.000   4.036 999.000
     111     CYS 999.000 999.000 999.000 999.000 999.000 999.000 999.000 999.000 999.000 999.000   3.936 999.000
     112     VAL  66.392 999.000  31.334 999.000 177.503 999.000   8.019 999.000 120.264 999.000   3.466 999.000
     113     GLU  59.464 999.000  29.144 999.000 178.367 999.000   8.362 999.000 120.570 999.000   3.995 999.000
     114     SER  62.106 999.000  63.042 999.000 176.285 999.000   8.109 999.000 115.473 999.000   4.094 999.000
     115     VAL  65.194 999.000  31.254 999.000 177.591 999.000   7.512 999.000 120.677 999.000   3.526 999.000
     116     ASP  56.336 999.000  41.156 999.000 177.684 999.000   7.857 999.000 119.963 999.000   4.425 999.000
     117     LYS  56.539 999.000  32.185 999.000 176.051 999.000   7.810 999.000 116.593 999.000   4.213 999.000
     118     GLU  57.348 999.000  27.253 999.000 175.652 999.000   7.889 999.000 115.712 999.000   3.974 999.000
     119     MET  54.824 999.000  31.692 999.000 176.053 999.000   8.358 999.000 118.948 999.000   4.695 999.000
     120     GLN  58.682 999.000  28.078 999.000 177.570 999.000   7.957 999.000 119.745 999.000   3.846 999.000
     121     VAL  63.893 999.000  31.526 999.000 177.249 999.000   7.677 999.000 116.967 999.000   3.878 999.000
     122     LEU  56.953 999.000  41.274 999.000 178.229 999.000   7.677 999.000 119.843 999.000   3.950 999.000
     123     VAL  66.489 999.000  31.251 999.000 177.812 999.000   7.350 999.000 118.686 999.000   3.293 999.000
     124     SER  61.442 999.000  62.883 999.000 176.403 999.000   8.174 999.000 114.768 999.000   4.127 999.000
     125     ARG  58.354 999.000  29.818 999.000 178.262 999.000   6.799 999.000 122.322 999.000   3.744 999.000
     126     ILE  65.542 999.000  37.647 999.000 177.420 999.000   8.181 999.000 120.734 999.000   3.007 999.000
     127     ALA  55.445 999.000  18.109 999.000 179.147 999.000   7.677 999.000 120.685 999.000   3.931 999.000
     128     ALA  54.975 999.000  18.417 999.000 178.929 999.000   7.273 999.000 121.044 999.000   4.157 999.000
     129     TRP  58.626 999.000  28.557 999.000 178.822 999.000   8.765 999.000 119.778 999.000   4.372 999.000
     130     MET  59.887 999.000  32.827 999.000 177.767 999.000   8.689 999.000 117.479 999.000   4.488 999.000
     131     ALA  55.249 999.000  18.276 999.000 178.622 999.000   8.066 999.000 121.843 999.000   4.151 999.000
     132     THR  66.824 999.000  67.964 999.000 175.579 999.000   8.488 999.000 116.108 999.000   4.011 999.000
     133     TYR  62.061 999.000  38.639 999.000 176.792 999.000   8.723 999.000 123.113 999.000   4.258 999.000
     134     LEU  58.556 999.000  41.450 999.000 177.876 999.000   8.681 999.000 119.168 999.000   3.962 999.000
     135     ASN  56.115 999.000  38.970 999.000 177.219 999.000   8.003 999.000 116.539 999.000   4.372 999.000
     136     ASP  55.999 999.000  40.907 999.000 176.923 999.000   8.158 999.000 118.307 999.000   4.392 999.000
     137     HIS  57.331 999.000  31.843 999.000 175.897 999.000   7.851 999.000 114.133 999.000   4.339 999.000
     138     LEU  56.159 999.000  42.457 999.000 177.695 999.000   7.807 999.000 116.392 999.000   4.275 999.000
     139     GLU  61.658 999.000  28.171 999.000 176.144 999.000   8.831 999.000 119.784 999.000   4.006 999.000
     140     PRO  65.458 999.000  31.435 999.000 178.055 999.000-999.000-999.000 999.000 999.000   4.199 999.000
     141     TRP  60.595 999.000  29.473 999.000 177.813 999.000   7.223 999.000 118.625 999.000   4.183 999.000
     142     ILE  65.602 999.000  37.982 999.000 177.428 999.000   8.373 999.000 119.730 999.000   3.152 999.000
     143     GLN  58.930 999.000  28.163 999.000 178.510 999.000   8.379 999.000 118.140 999.000   3.942 999.000
     144     GLU  58.277 999.000  29.618 999.000 177.727 999.000   7.556 999.000 119.070 999.000   4.006 999.000
     145     ASN  53.936 999.000  39.275 999.000 175.194 999.000   7.598 999.000 115.441 999.000   4.442 999.000
     146     GLY  45.133 999.000-999.000-999.000 174.789 999.000   7.773 999.000 108.030 999.000   4.137 999.000
     147     GLY  44.259 999.000-999.000-999.000 173.775 999.000   8.207 999.000 107.814 999.000   4.078 999.000
     148     TRP  59.688 999.000  29.920 999.000 177.610 999.000   8.724 999.000 119.909 999.000   4.619 999.000
     149     ASP  56.848 999.000  39.734 999.000 178.187 999.000   8.437 999.000 119.321 999.000   4.412 999.000
     150     THR  65.426 999.000  68.564 999.000 176.012 999.000   7.632 999.000 116.245 999.000   4.046 999.000
     151     PHE  60.570 999.000  39.581 999.000 176.612 999.000   7.476 999.000 122.618 999.000   3.839 999.000
     152     VAL  65.007 999.000  31.289 999.000 177.486 999.000   7.978 999.000 116.812 999.000   3.792 999.000
     153     GLU  57.679 999.000  29.777 999.000 176.971 999.000   7.495 999.000 118.608 999.000   4.107 999.000
     154     LEU  56.109 999.000  43.358 999.000 176.841 999.000   7.092 999.000 117.995 999.000   4.038 999.000
     155     TYR  57.670 999.000  40.852 999.000 175.467 999.000   7.878 999.000 114.917 999.000   4.524 999.000
     156     GLY  44.655 999.000-999.000-999.000 174.294 999.000   8.107 999.000 107.202 999.000   4.046 999.000
     157     ASN  55.800 999.000  38.425 999.000 176.958 999.000   8.805 999.000 119.036 999.000   4.342 999.000
     158     ASN  55.252 999.000  38.206 999.000 176.761 999.000   8.423 999.000 117.020 999.000   4.537 999.000
     159     ALA  54.615 999.000  18.296 999.000 179.325 999.000   7.599 999.000 123.076 999.000   4.070 999.000
     160     ALA  54.508 999.000  18.015 999.000 179.666 999.000   7.875 999.000 120.416 999.000   4.120 999.000
     161     ALA  54.728 999.000  18.002 999.000 179.991 999.000   7.799 999.000 120.688 999.000   4.150 999.000
     162     GLU  59.031 999.000  28.968 999.000 179.280 999.000   7.956 999.000 118.104 999.000   4.126 999.000
     163     SER  61.058 999.000  62.993 999.000 176.901 999.000   8.000 999.000 115.386 999.000   4.275 999.000
     164     ARG  58.593 999.000  29.612 999.000 178.574 999.000   7.956 999.000 122.201 999.000   4.142 999.000
     165     LYS  58.412 999.000  31.782 999.000 178.973 999.000   7.990 999.000 119.220 999.000   4.153 999.000
     166     GLY  46.267 999.000-999.000-999.000 175.724 999.000   7.905 999.000 107.425 999.000   3.952 999.000
     167     GLN  57.306 999.000  28.789 999.000 177.362 999.000   7.864 999.000 120.411 999.000   4.227 999.000
     168     GLU  57.366 999.000  29.747 999.000 177.222 999.000   7.716 999.000 118.522 999.000   4.282 999.000
     169     ARG 999.000 999.000 999.000 999.000 999.000 999.000 999.000 999.000 999.000 999.000 999.000 999.000
