   index residue  pre_ca  exp_ca  pre_cb  exp_cb   pre_c   exp_c   pre_h   exp_h   pre_n   exp_n  pre_ha  exp_ha
       1     MET 999.000 999.000 999.000 999.000 999.000 999.000-999.000-999.000 999.000 999.000 999.000 999.000
       2     SER 999.000 999.000 999.000 999.000 999.000 999.000 999.000 999.000 999.000 999.000 999.000 999.000
       3     GLN  57.691 999.000  28.511 999.000 177.660 999.000   8.247 999.000 120.313 999.000   4.219 999.000
       4     SER  60.619 999.000  62.962 999.000 176.208 999.000   7.935 999.000 116.004 999.000   4.199 999.000
       5     ASN  55.357 999.000  37.691 999.000 176.596 999.000   8.404 999.000 121.175 999.000   4.628 999.000
       6     ARG  59.305 999.000  29.903 999.000 177.620 999.000   8.025 999.000 120.810 999.000   4.097 999.000
       7     GLU  59.087 999.000  29.223 999.000 178.974 999.000   7.740 999.000 118.546 999.000   4.030 999.000
       8     LEU  57.410 999.000  41.492 999.000 178.709 999.000   7.584 999.000 118.932 999.000   4.157 999.000
       9     VAL  66.506 999.000  31.299 999.000 177.641 999.000   7.606 999.000 119.518 999.000   3.148 999.000
      10     VAL  66.646 999.000  31.039 999.000 176.746 999.000   8.200 999.000 117.100 999.000   3.676 999.000
      11     ASP  57.415 999.000  41.252 999.000 177.404 999.000   7.532 999.000 120.018 999.000   4.374 999.000
      12     PHE  61.576 999.000  39.700 999.000 177.237 999.000   7.986 999.000 120.673 999.000   4.220 999.000
      13     LEU  58.208 999.000  41.143 999.000 178.486 999.000   8.703 999.000 118.277 999.000   4.081 999.000
      14     SER  62.050 999.000  62.614 999.000 176.534 999.000   8.490 999.000 114.961 999.000   4.309 999.000
      15     TYR  61.061 999.000  37.999 999.000 176.932 999.000   8.399 999.000 124.308 999.000   4.308 999.000
      16     LYS  58.498 999.000  31.406 999.000 179.057 999.000   8.144 999.000 118.423 999.000   3.807 999.000
      17     LEU  57.976 999.000  41.576 999.000 178.775 999.000   8.430 999.000 119.741 999.000   4.062 999.000
      18     SER  61.749 999.000  62.862 999.000 177.147 999.000   8.397 999.000 115.913 999.000   4.225 999.000
      19     GLN  57.841 999.000  28.518 999.000 177.502 999.000   8.078 999.000 120.537 999.000   4.032 999.000
      20     LYS  56.283 999.000  32.620 999.000 177.029 999.000   7.271 999.000 117.421 999.000   4.082 999.000
      21     GLY  45.525 999.000-999.000-999.000 173.995 999.000   7.410 999.000 107.681 999.000   3.901 999.000
      22     TYR  54.883 999.000  40.184 999.000 175.281 999.000   8.117 999.000 119.264 999.000   4.753 999.000
      23     SER  56.641 999.000  65.738 999.000 174.782 999.000   8.485 999.000 114.245 999.000   4.759 999.000
      24     TRP  59.263 999.000  29.320 999.000 176.351 999.000   8.175 999.000 120.376 999.000   4.381 999.000
      25     SER  58.811 999.000  64.362 999.000 173.875 999.000   7.650 999.000 110.562 999.000   4.336 999.000
      26     GLN  54.498 999.000  31.883 999.000 175.141 999.000   7.585 999.000 120.071 999.000   4.491 999.000
      27     PHE  59.456 999.000  38.683 999.000 176.004 999.000   8.681 999.000 121.078 999.000   4.175 999.000
      28     SER  57.270 999.000  64.822 999.000 173.895 999.000   7.533 999.000 113.721 999.000   4.618 999.000
      29     ASP  53.826 999.000  39.630 999.000 176.502 999.000   8.485 999.000 123.020 999.000   4.542 999.000
      30     VAL  63.524 999.000  31.949 999.000 176.304 999.000   7.838 999.000 117.411 999.000   3.914 999.000
      31     GLU  55.459 999.000  31.531 999.000 175.757 999.000   8.106 999.000 120.698 999.000   4.430 999.000
      32     GLU  57.576 999.000  30.362 999.000 176.675 999.000   8.842 999.000 122.275 999.000   4.100 999.000
      33     ASN  53.693 999.000  37.115 999.000 174.802 999.000   8.580 999.000 115.544 999.000   4.450 999.000
      34     ARG  55.747 999.000  30.843 999.000 176.319 999.000   7.922 999.000 118.868 999.000   4.292 999.000
      35     THR  61.768 999.000  69.987 999.000 175.082 999.000   8.123 999.000 115.205 999.000   4.329 999.000
      36     GLU  56.756 999.000  29.828 999.000 175.787 999.000   8.624 999.000 122.299 999.000   4.188 999.000
      37     ALA  50.730 999.000  18.617 999.000 175.378 999.000   8.117 999.000 124.167 999.000   4.483 999.000
      38     PRO  62.866 999.000  32.452 999.000 176.833 999.000-999.000-999.000 999.000 999.000   4.540 999.000
      39     GLU  56.875 999.000  29.962 999.000 176.960 999.000   8.594 999.000 121.438 999.000   4.200 999.000
      40     GLY  45.573 999.000-999.000-999.000 174.911 999.000   8.653 999.000 110.590 999.000   4.091 999.000
      41     THR  61.808 999.000  70.180 999.000 175.043 999.000   7.529 999.000 114.655 999.000   4.373 999.000
      42     GLU  58.988 999.000  29.337 999.000 177.736 999.000   9.095 999.000 124.788 999.000   4.057 999.000
      43     SER  61.054 999.000  62.972 999.000 175.942 999.000   8.517 999.000 114.781 999.000   4.357 999.000
      44     GLU  59.224 999.000  29.131 999.000 178.270 999.000   8.018 999.000 123.050 999.000   3.988 999.000
      45     ALA  54.884 999.000  18.374 999.000 179.344 999.000   7.475 999.000 120.800 999.000   3.826 999.000
      46     VAL  66.156 999.000  31.246 999.000 177.870 999.000   7.286 999.000 118.934 999.000   3.419 999.000
      47     LYS  60.294 999.000  31.964 999.000 178.778 999.000   8.311 999.000 119.749 999.000   3.836 999.000
      48     GLN  58.629 999.000  28.244 999.000 178.165 999.000   8.002 999.000 118.722 999.000   3.974 999.000
      49     ALA  55.031 999.000  18.151 999.000 179.559 999.000   7.894 999.000 122.186 999.000   4.093 999.000
      50     LEU  57.614 999.000  41.465 999.000 178.889 999.000   8.190 999.000 118.394 999.000   4.070 999.000
      51     ARG  59.334 999.000  29.520 999.000 178.607 999.000   7.765 999.000 119.425 999.000   3.903 999.000
      52     GLU  59.005 999.000  29.353 999.000 178.839 999.000   8.118 999.000 118.895 999.000   4.089 999.000
      53     ALA  54.705 999.000  18.186 999.000 179.550 999.000   8.278 999.000 121.573 999.000   4.133 999.000
      54     GLY  47.093 999.000-999.000-999.000 175.478 999.000   8.352 999.000 106.550 999.000   4.195 999.000
      55     ASP  56.367 999.000  40.617 999.000 177.649 999.000   8.042 999.000 121.530 999.000   4.593 999.000
      56     GLU  58.371 999.000  29.837 999.000 177.985 999.000   7.718 999.000 120.401 999.000   4.201 999.000
      57     PHE  60.525 999.000  39.557 999.000 176.569 999.000   8.621 999.000 119.925 999.000   4.339 999.000
      58     GLU  56.343 999.000  30.101 999.000 177.197 999.000   7.748 999.000 115.633 999.000   4.159 999.000
      59     LEU  56.006 999.000  41.085 999.000 176.498 999.000   7.716 999.000 122.190 999.000   4.081 999.000
      60     ARG  57.359 999.000  27.748 999.000 175.474 999.000   8.769 999.000 122.199 999.000   3.790 999.000
      61     TYR  58.529 999.000  35.472 999.000 175.452 999.000   7.556 999.000 115.095 999.000   4.119 999.000
      62     ARG  57.813 999.000  30.341 999.000 177.115 999.000   7.738 999.000 119.038 999.000   4.088 999.000
      63     ARG  56.618 999.000  30.535 999.000 176.285 999.000   7.827 999.000 116.367 999.000   4.156 999.000
      64     ALA  52.017 999.000  19.530 999.000 176.680 999.000   7.405 999.000 121.741 999.000   4.192 999.000
      65     PHE  57.212 999.000  41.323 999.000 176.407 999.000   8.465 999.000 118.694 999.000   4.689 999.000
      66     SER  61.371 999.000  62.560 999.000 175.739 999.000   9.151 999.000 117.867 999.000   4.088 999.000
      67     ASP  55.943 999.000  40.025 999.000 177.330 999.000   8.172 999.000 120.906 999.000   4.485 999.000
      68     LEU  56.097 999.000  42.332 999.000 178.140 999.000   7.639 999.000 118.615 999.000   4.306 999.000
      69     THR  63.429 999.000  69.487 999.000 175.930 999.000   7.835 999.000 110.113 999.000   4.149 999.000
      70     SER  58.591 999.000  64.338 999.000 174.676 999.000   7.916 999.000 117.321 999.000   4.456 999.000
      71     GLN  55.925 999.000  28.797 999.000 176.003 999.000   8.311 999.000 120.124 999.000   4.218 999.000
      72     LEU  55.200 999.000  41.604 999.000 176.048 999.000   8.176 999.000 124.298 999.000   4.129 999.000
      73     HIS  55.488 999.000  30.932 999.000 174.510 999.000   8.441 999.000 125.105 999.000   4.675 999.000
      74     ILE  59.591 999.000  40.425 999.000 175.547 999.000   8.022 999.000 121.038 999.000   4.584 999.000
      75     THR  61.247 999.000  68.770 999.000 174.400 999.000   8.286 999.000 119.866 999.000   4.346 999.000
      76     PRO  63.594 999.000  32.256 999.000 176.855 999.000-999.000-999.000 999.000 999.000   4.372 999.000
      77     GLY  44.771 999.000-999.000-999.000 174.671 999.000   8.339 999.000 109.719 999.000   4.107 999.000
      78     THR  62.061 999.000  69.954 999.000 175.428 999.000   7.852 999.000 113.081 999.000   4.212 999.000
      79     ALA  54.714 999.000  18.265 999.000 178.746 999.000   8.418 999.000 125.622 999.000   3.928 999.000
      80     TYR  59.328 999.000  37.466 999.000 178.398 999.000   7.423 999.000 116.065 999.000   4.343 999.000
      81     GLN  58.016 999.000  28.012 999.000 177.772 999.000   7.918 999.000 119.040 999.000   4.069 999.000
      82     SER  61.356 999.000  62.954 999.000 176.223 999.000   7.614 999.000 116.161 999.000   4.129 999.000
      83     PHE  61.717 999.000  38.481 999.000 177.702 999.000   7.896 999.000 121.694 999.000   4.200 999.000
      84     GLU  59.748 999.000  29.307 999.000 178.578 999.000   7.690 999.000 119.194 999.000   3.610 999.000
      85     GLN  58.250 999.000  28.719 999.000 177.899 999.000   7.263 999.000 117.223 999.000   4.007 999.000
      86     VAL  65.676 999.000  31.739 999.000 177.577 999.000   7.608 999.000 119.433 999.000   3.654 999.000
      87     VAL  65.520 999.000  31.219 999.000 177.119 999.000   8.530 999.000 118.524 999.000   3.489 999.000
      88     ASN  56.041 999.000  38.702 999.000 176.801 999.000   7.815 999.000 117.983 999.000   4.229 999.000
      89     GLU  57.582 999.000  29.905 999.000 177.616 999.000   7.452 999.000 117.338 999.000   4.196 999.000
      90     LEU  56.440 999.000  41.645 999.000 177.542 999.000   7.492 999.000 118.112 999.000   4.091 999.000
      91     PHE  58.767 999.000  38.378 999.000 176.466 999.000   7.785 999.000 116.064 999.000   4.235 999.000
      92     ARG  58.244 999.000  29.688 999.000 176.786 999.000   7.345 999.000 119.940 999.000   3.588 999.000
      93     ASP  54.110 999.000  41.441 999.000 176.029 999.000   7.631 999.000 116.350 999.000   4.604 999.000
      94     GLY  44.624 999.000-999.000-999.000 173.331 999.000   7.223 999.000 107.748 999.000   3.772 999.000
      95     VAL  61.087 999.000  30.753 999.000 175.411 999.000   6.191 999.000 119.106 999.000   3.997 999.000
      96     ASN  53.052 999.000  40.174 999.000 175.738 999.000   7.714 999.000 121.163 999.000   4.765 999.000
      97     TRP  59.913 999.000  28.911 999.000 177.000 999.000   8.721 999.000 120.096 999.000   4.221 999.000
      98     GLY  47.492 999.000-999.000-999.000 175.279 999.000   7.173 999.000 107.795 999.000   3.423 999.000
      99     ARG  58.853 999.000  29.798 999.000 177.929 999.000   7.771 999.000 120.581 999.000   4.060 999.000
     100     ILE  64.370 999.000  37.051 999.000 177.483 999.000   7.445 999.000 119.858 999.000   3.640 999.000
     101     VAL  66.964 999.000  31.256 999.000 176.759 999.000   8.268 999.000 119.306 999.000   3.196 999.000
     102     ALA  55.443 999.000  18.007 999.000 178.272 999.000   8.082 999.000 122.535 999.000   3.946 999.000
     103     PHE  60.827 999.000  39.094 999.000 176.924 999.000   7.888 999.000 119.518 999.000   4.354 999.000
     104     PHE  59.368 999.000  38.201 999.000 177.493 999.000   8.772 999.000 117.936 999.000   4.105 999.000
     105     SER  61.824 999.000  62.663 999.000 176.321 999.000   8.614 999.000 115.884 999.000   4.447 999.000
     106     PHE  60.794 999.000  38.891 999.000 176.914 999.000   8.628 999.000 122.851 999.000   4.231 999.000
     107     GLY  47.636 999.000-999.000-999.000 176.225 999.000   8.241 999.000 106.463 999.000   3.818 999.000
     108     GLY  47.366 999.000-999.000-999.000 175.434 999.000   8.678 999.000 109.905 999.000   4.004 999.000
     109     ALA  54.851 999.000  18.275 999.000 179.074 999.000   8.180 999.000 124.506 999.000   4.093 999.000
     110     LEU  58.093 999.000  41.585 999.000 177.605 999.000   8.347 999.000 119.677 999.000   3.933 999.000
     111     CYS 999.000 999.000 999.000 999.000 999.000 999.000 999.000 999.000 999.000 999.000   4.015 999.000
     112     VAL  65.538 999.000  31.529 999.000 177.497 999.000   8.126 999.000 118.834 999.000   3.718 999.000
     113     GLU  58.249 999.000  29.347 999.000 177.576 999.000   8.026 999.000 118.963 999.000   4.138 999.000
     114     SER  59.110 999.000  63.793 999.000 175.375 999.000   7.855 999.000 113.402 999.000   4.503 999.000
     115     VAL  64.424 999.000  31.113 999.000 176.104 999.000   7.310 999.000 121.282 999.000   3.686 999.000
     116     ASP  54.421 999.000  40.264 999.000 176.714 999.000   7.961 999.000 119.329 999.000   4.574 999.000
     117     LYS  56.609 999.000  32.688 999.000 176.569 999.000   7.816 999.000 120.208 999.000   4.275 999.000
     118     GLU  55.510 999.000  29.508 999.000 176.390 999.000   8.446 999.000 120.546 999.000   4.441 999.000
     119     MET  57.575 999.000  31.418 999.000 177.502 999.000   8.373 999.000 119.797 999.000   4.101 999.000
     120     GLN  57.849 999.000  28.786 999.000 176.964 999.000   8.154 999.000 117.851 999.000   4.262 999.000
     121     VAL  62.196 999.000  33.738 999.000 176.802 999.000   7.952 999.000 113.517 999.000   4.396 999.000
     122     LEU  58.359 999.000  41.398 999.000 178.154 999.000   8.122 999.000 122.282 999.000   4.046 999.000
     123     VAL  66.196 999.000  31.263 999.000 178.168 999.000   8.044 999.000 117.385 999.000   3.590 999.000
     124     SER  61.592 999.000  62.963 999.000 176.371 999.000   7.878 999.000 115.902 999.000   4.333 999.000
     125     ARG  58.596 999.000  30.139 999.000 178.446 999.000   7.819 999.000 122.277 999.000   4.164 999.000
     126     ILE  65.148 999.000  37.722 999.000 177.291 999.000   8.803 999.000 120.808 999.000   3.972 999.000
     127     ALA  55.457 999.000  18.103 999.000 179.249 999.000   8.335 999.000 120.987 999.000   3.960 999.000
     128     ALA  55.276 999.000  18.130 999.000 179.098 999.000   7.803 999.000 120.984 999.000   4.003 999.000
     129     TRP  60.836 999.000  29.777 999.000 178.542 999.000   8.216 999.000 119.302 999.000   4.110 999.000
     130     MET  59.733 999.000  32.741 999.000 177.700 999.000   8.902 999.000 118.257 999.000   4.076 999.000
     131     ALA  55.273 999.000  18.310 999.000 178.430 999.000   8.448 999.000 121.502 999.000   4.177 999.000
     132     THR  66.757 999.000  67.946 999.000 175.885 999.000   7.997 999.000 116.148 999.000   3.921 999.000
     133     TYR  60.294 999.000  37.863 999.000 177.905 999.000   8.507 999.000 120.870 999.000   4.501 999.000
     134     LEU  58.654 999.000  41.671 999.000 177.470 999.000   8.781 999.000 120.564 999.000   3.986 999.000
     135     ASN  56.439 999.000  39.146 999.000 177.316 999.000   8.183 999.000 116.916 999.000   4.379 999.000
     136     ASP  56.105 999.000  40.760 999.000 176.934 999.000   8.279 999.000 118.298 999.000   4.467 999.000
     137     HIS  57.104 999.000  31.782 999.000 175.736 999.000   7.858 999.000 114.189 999.000   4.513 999.000
     138     LEU  56.228 999.000  42.977 999.000 177.598 999.000   8.268 999.000 117.077 999.000   4.475 999.000
     139     GLU  61.595 999.000  28.007 999.000 176.191 999.000   8.768 999.000 119.627 999.000   4.112 999.000
     140     PRO  65.507 999.000  31.396 999.000 178.236 999.000-999.000-999.000 999.000 999.000   4.200 999.000
     141     TRP  59.745 999.000  29.803 999.000 178.247 999.000   7.275 999.000 117.493 999.000   4.442 999.000
     142     ILE  65.268 999.000  37.792 999.000 177.426 999.000   8.194 999.000 119.821 999.000   3.809 999.000
     143     GLN  59.036 999.000  27.766 999.000 178.529 999.000   8.621 999.000 118.801 999.000   4.117 999.000
     144     GLU  58.299 999.000  29.618 999.000 177.774 999.000   7.689 999.000 118.745 999.000   4.061 999.000
     145     ASN  54.387 999.000  39.744 999.000 175.566 999.000   7.826 999.000 114.882 999.000   4.470 999.000
     146     GLY  45.610 999.000-999.000-999.000 174.457 999.000   7.722 999.000 106.946 999.000   4.101 999.000
     147     GLY  45.723 999.000-999.000-999.000 173.737 999.000   8.511 999.000 107.962 999.000   4.034 999.000
     148     TRP  60.887 999.000  29.451 999.000 177.872 999.000   8.849 999.000 123.953 999.000   4.554 999.000
     149     ASP  57.279 999.000  39.637 999.000 177.982 999.000   8.275 999.000 119.087 999.000   4.392 999.000
     150     THR  65.355 999.000  68.140 999.000 176.508 999.000   7.619 999.000 113.703 999.000   3.967 999.000
     151     PHE  60.102 999.000  38.699 999.000 177.794 999.000   7.714 999.000 120.089 999.000   4.330 999.000
     152     VAL  66.069 999.000  31.291 999.000 178.069 999.000   7.476 999.000 119.599 999.000   3.620 999.000
     153     GLU  59.309 999.000  29.315 999.000 178.527 999.000   8.069 999.000 119.770 999.000   3.930 999.000
     154     LEU  57.471 999.000  41.539 999.000 178.824 999.000   7.406 999.000 119.747 999.000   4.044 999.000
     155     TYR  60.101 999.000  38.133 999.000 177.852 999.000   7.937 999.000 118.500 999.000   4.327 999.000
     156     GLY  45.305 999.000-999.000-999.000 174.474 999.000   7.967 999.000 106.169 999.000   3.864 999.000
     157     ASN  54.004 999.000  37.629 999.000 175.468 999.000   7.807 999.000 116.905 999.000   4.329 999.000
     158     ASN  55.528 999.000  38.715 999.000 176.539 999.000   7.845 999.000 118.410 999.000   4.404 999.000
     159     ALA  54.734 999.000  18.391 999.000 179.112 999.000   8.293 999.000 121.708 999.000   4.144 999.000
     160     ALA  54.271 999.000  18.130 999.000 179.717 999.000   7.816 999.000 120.552 999.000   4.228 999.000
     161     ALA  54.541 999.000  18.165 999.000 179.938 999.000   7.588 999.000 120.416 999.000   4.229 999.000
     162     GLU  58.897 999.000  29.150 999.000 179.217 999.000   8.058 999.000 118.160 999.000   4.147 999.000
     163     SER  61.227 999.000  63.077 999.000 176.753 999.000   8.115 999.000 115.344 999.000   4.269 999.000
     164     ARG  58.258 999.000  29.578 999.000 178.577 999.000   7.789 999.000 121.948 999.000   4.161 999.000
     165     LYS  57.979 999.000  31.894 999.000 178.740 999.000   7.920 999.000 118.876 999.000   4.193 999.000
     166     GLY  45.915 999.000-999.000-999.000 175.294 999.000   7.890 999.000 107.378 999.000   3.929 999.000
     167     GLN  56.740 999.000  29.017 999.000 176.707 999.000   7.737 999.000 120.492 999.000   4.270 999.000
     168     GLU  57.079 999.000  30.003 999.000 176.775 999.000   7.809 999.000 118.879 999.000   4.308 999.000
     169     ARG 999.000 999.000 999.000 999.000 999.000 999.000 999.000 999.000 999.000 999.000 999.000 999.000
     630     GLU 999.000 999.000 999.000 999.000 999.000 999.000-999.000-999.000 999.000 999.000 999.000 999.000
     631     GLU 999.000 999.000 999.000 999.000 999.000 999.000 999.000 999.000 999.000 999.000 999.000 999.000
     632     GLN  54.712 999.000  28.218 999.000 176.358 999.000   7.757 999.000 119.736 999.000   4.266 999.000
     633     TRP  58.708 999.000  29.822 999.000 177.680 999.000   7.732 999.000 121.130 999.000   4.367 999.000
     634     ALA  54.734 999.000  18.117 999.000 178.940 999.000   8.379 999.000 121.609 999.000   4.150 999.000
     635     ARG  59.268 999.000  29.685 999.000 178.406 999.000   7.968 999.000 117.939 999.000   3.967 999.000
     636     GLU  58.928 999.000  29.296 999.000 178.994 999.000   7.623 999.000 119.240 999.000   4.154 999.000
     637     ILE  63.388 999.000  36.434 999.000 178.106 999.000   7.931 999.000 119.467 999.000   3.806 999.000
     638     GLY  47.652 999.000-999.000-999.000 176.026 999.000   8.442 999.000 107.784 999.000   3.780 999.000
     639     ALA  54.971 999.000  18.106 999.000 179.071 999.000   8.133 999.000 124.377 999.000   4.069 999.000
     640     GLN  58.902 999.000  28.365 999.000 178.562 999.000   7.904 999.000 118.214 999.000   3.792 999.000
     641     LEU  58.142 999.000  41.347 999.000 178.435 999.000   8.674 999.000 120.908 999.000   4.085 999.000
     642     ARG  59.443 999.000  29.859 999.000 178.682 999.000   8.431 999.000 119.331 999.000   3.917 999.000
     643     ARG  58.321 999.000  29.993 999.000 178.096 999.000   7.873 999.000 118.293 999.000   4.130 999.000
     644     MET  58.250 999.000  32.827 999.000 177.090 999.000   8.391 999.000 119.737 999.000   4.267 999.000
     645     ALA  52.675 999.000  18.652 999.000 176.639 999.000   7.984 999.000 119.231 999.000   4.279 999.000
     646     ASP  54.127 999.000  41.212 999.000 175.374 999.000   7.400 999.000 117.810 999.000   4.486 999.000
     647     ASP  53.652 999.000  41.468 999.000 176.680 999.000   8.313 999.000 123.130 999.000   4.626 999.000
     648     LEU  57.138 999.000  41.820 999.000 177.842 999.000   7.458 999.000 120.633 999.000   3.971 999.000
     649     ASN  54.082 999.000  37.952 999.000 175.707 999.000   8.085 999.000 115.684 999.000   4.473 999.000
     650     ALA  52.322 999.000  18.860 999.000 177.396 999.000   7.657 999.000 122.482 999.000   4.366 999.000
     651     GLN  56.869 999.000  29.036 999.000 175.795 999.000   7.647 999.000 119.062 999.000   4.042 999.000
     652     TYR  59.265 999.000  36.798 999.000 175.112 999.000   8.426 999.000 117.263 999.000   4.219 999.000
     653     GLU  57.849 999.000  30.420 999.000 176.835 999.000   7.809 999.000 119.157 999.000   4.273 999.000
     654     ARG 999.000 999.000 999.000 999.000 999.000 999.000 999.000 999.000 999.000 999.000 999.000 999.000
