   index residue  pre_ca  exp_ca  pre_cb  exp_cb   pre_c   exp_c   pre_h   exp_h   pre_n   exp_n  pre_ha  exp_ha
       1     MET 999.000 999.000 999.000 999.000 999.000 999.000-999.000-999.000 999.000 999.000 999.000 999.000
       2     SER 999.000 999.000 999.000 999.000 999.000 999.000 999.000 999.000 999.000 999.000 999.000 999.000
       3     GLN  57.614 999.000  28.653 999.000 177.492 999.000   8.216 999.000 120.002 999.000   4.188 999.000
       4     SER  60.644 999.000  63.057 999.000 176.085 999.000   7.769 999.000 115.464 999.000   4.088 999.000
       5     ASN  55.708 999.000  38.278 999.000 176.690 999.000   8.140 999.000 120.701 999.000   4.510 999.000
       6     ARG  59.137 999.000  29.977 999.000 177.816 999.000   7.792 999.000 120.162 999.000   4.076 999.000
       7     GLU  59.016 999.000  29.206 999.000 178.838 999.000   7.736 999.000 118.848 999.000   4.005 999.000
       8     LEU  57.636 999.000  41.427 999.000 178.626 999.000   7.573 999.000 119.048 999.000   4.127 999.000
       9     VAL  66.173 999.000  31.298 999.000 177.616 999.000   7.328 999.000 119.173 999.000   2.961 999.000
      10     VAL  67.046 999.000  31.218 999.000 176.295 999.000   7.970 999.000 119.431 999.000   3.701 999.000
      11     ASP  57.593 999.000  41.274 999.000 177.433 999.000   7.856 999.000 120.046 999.000   4.394 999.000
      12     PHE  61.531 999.000  39.658 999.000 177.337 999.000   8.103 999.000 120.463 999.000   4.219 999.000
      13     LEU  58.301 999.000  41.174 999.000 178.613 999.000   8.699 999.000 118.551 999.000   4.096 999.000
      14     SER  62.336 999.000  62.562 999.000 176.492 999.000   8.520 999.000 115.107 999.000   4.357 999.000
      15     TYR  60.917 999.000  37.852 999.000 177.018 999.000   8.584 999.000 124.344 999.000   4.341 999.000
      16     LYS  58.521 999.000  31.390 999.000 179.138 999.000   8.129 999.000 118.359 999.000   3.791 999.000
      17     LEU  58.082 999.000  41.539 999.000 178.663 999.000   8.524 999.000 119.896 999.000   4.039 999.000
      18     SER  61.792 999.000  62.796 999.000 177.162 999.000   8.465 999.000 115.939 999.000   4.265 999.000
      19     GLN  57.836 999.000  28.524 999.000 177.517 999.000   8.034 999.000 120.480 999.000   4.043 999.000
      20     LYS  56.426 999.000  32.677 999.000 177.187 999.000   7.301 999.000 117.842 999.000   4.069 999.000
      21     GLY  45.534 999.000-999.000-999.000 174.039 999.000   7.520 999.000 107.673 999.000   3.986 999.000
      22     TYR  54.509 999.000  40.109 999.000 175.239 999.000   8.323 999.000 119.535 999.000   4.796 999.000
      23     SER  56.351 999.000  66.059 999.000 174.552 999.000   8.656 999.000 113.352 999.000   4.764 999.000
      24     TRP  59.791 999.000  29.712 999.000 176.444 999.000   8.488 999.000 120.990 999.000   4.227 999.000
      25     SER  58.678 999.000  64.449 999.000 173.746 999.000   7.962 999.000 111.018 999.000   4.407 999.000
      26     GLN  54.521 999.000  31.964 999.000 174.972 999.000   7.547 999.000 119.735 999.000   4.340 999.000
      27     PHE  58.167 999.000  37.861 999.000 175.640 999.000   8.342 999.000 120.641 999.000   4.040 999.000
      28     SER  57.098 999.000  65.011 999.000 174.202 999.000   7.405 999.000 113.667 999.000   4.760 999.000
      29     ASP  55.028 999.000  39.620 999.000 177.128 999.000   8.610 999.000 124.929 999.000   4.415 999.000
      30     VAL  63.493 999.000  31.909 999.000 176.618 999.000   7.815 999.000 117.692 999.000   3.976 999.000
      31     GLU  56.280 999.000  30.158 999.000 176.295 999.000   8.011 999.000 120.227 999.000   4.307 999.000
      32     GLU  56.790 999.000  30.325 999.000 176.599 999.000   8.071 999.000 119.680 999.000   4.252 999.000
      33     ASN  53.531 999.000  38.291 999.000 175.512 999.000   8.627 999.000 118.237 999.000   4.623 999.000
      34     ARG  55.921 999.000  30.626 999.000 176.341 999.000   8.019 999.000 120.068 999.000   4.334 999.000
      35     THR  61.607 999.000  70.094 999.000 174.967 999.000   8.200 999.000 115.194 999.000   4.352 999.000
      36     GLU  56.595 999.000  30.030 999.000 175.918 999.000   8.599 999.000 122.985 999.000   4.198 999.000
      37     ALA  50.901 999.000  18.241 999.000 175.624 999.000   8.275 999.000 125.096 999.000   4.414 999.000
      38     PRO  62.885 999.000  32.373 999.000 176.813 999.000-999.000-999.000 999.000 999.000   4.519 999.000
      39     GLU  56.727 999.000  30.035 999.000 176.941 999.000   8.556 999.000 121.596 999.000   4.202 999.000
      40     GLY  45.413 999.000-999.000-999.000 174.888 999.000   8.619 999.000 110.680 999.000   4.082 999.000
      41     THR  62.089 999.000  70.124 999.000 175.213 999.000   7.685 999.000 114.124 999.000   4.348 999.000
      42     GLU  58.877 999.000  29.356 999.000 177.538 999.000   9.003 999.000 122.697 999.000   4.065 999.000
      43     SER  60.688 999.000  63.241 999.000 175.850 999.000   8.403 999.000 114.120 999.000   4.396 999.000
      44     GLU  59.097 999.000  29.137 999.000 178.203 999.000   7.978 999.000 122.832 999.000   4.000 999.000
      45     ALA  54.992 999.000  18.339 999.000 179.421 999.000   7.605 999.000 120.704 999.000   3.872 999.000
      46     VAL  66.052 999.000  31.258 999.000 177.815 999.000   7.326 999.000 118.973 999.000   3.555 999.000
      47     LYS  60.251 999.000  31.991 999.000 178.805 999.000   8.085 999.000 119.609 999.000   3.895 999.000
      48     GLN  58.732 999.000  28.087 999.000 178.197 999.000   8.185 999.000 118.810 999.000   3.949 999.000
      49     ALA  54.986 999.000  18.137 999.000 179.616 999.000   7.841 999.000 122.174 999.000   4.088 999.000
      50     LEU  57.654 999.000  41.539 999.000 178.833 999.000   8.202 999.000 118.700 999.000   4.157 999.000
      51     ARG  59.551 999.000  29.697 999.000 178.649 999.000   8.009 999.000 119.491 999.000   3.929 999.000
      52     GLU  59.000 999.000  29.333 999.000 178.806 999.000   8.184 999.000 119.053 999.000   4.085 999.000
      53     ALA  54.596 999.000  18.199 999.000 179.629 999.000   8.116 999.000 121.673 999.000   4.187 999.000
      54     GLY  47.105 999.000-999.000-999.000 175.482 999.000   8.441 999.000 106.793 999.000   4.200 999.000
      55     ASP  56.364 999.000  40.453 999.000 177.737 999.000   8.173 999.000 121.656 999.000   4.572 999.000
      56     GLU  58.368 999.000  29.778 999.000 177.956 999.000   7.758 999.000 119.822 999.000   4.174 999.000
      57     PHE  60.745 999.000  39.452 999.000 176.787 999.000   8.278 999.000 119.330 999.000   4.267 999.000
      58     GLU  56.784 999.000  29.855 999.000 177.526 999.000   7.804 999.000 116.821 999.000   4.144 999.000
      59     LEU  55.721 999.000  41.616 999.000 176.837 999.000   7.657 999.000 121.769 999.000   4.125 999.000
      60     ARG  57.091 999.000  28.585 999.000 175.637 999.000   8.822 999.000 123.505 999.000   3.874 999.000
      61     TYR  58.554 999.000  35.700 999.000 175.408 999.000   7.690 999.000 115.519 999.000   4.160 999.000
      62     ARG  57.389 999.000  30.544 999.000 176.636 999.000   7.516 999.000 119.375 999.000   4.175 999.000
      63     ARG  56.438 999.000  30.860 999.000 175.961 999.000   7.908 999.000 116.476 999.000   4.187 999.000
      64     ALA  51.838 999.000  18.804 999.000 176.883 999.000   7.628 999.000 122.104 999.000   4.219 999.000
      65     PHE  56.847 999.000  39.567 999.000 176.708 999.000   8.327 999.000 119.651 999.000   4.671 999.000
      66     SER  61.407 999.000  62.654 999.000 175.833 999.000   9.064 999.000 119.341 999.000   4.175 999.000
      67     ASP  56.122 999.000  39.968 999.000 176.912 999.000   8.417 999.000 121.050 999.000   4.436 999.000
      68     LEU  55.219 999.000  42.986 999.000 177.157 999.000   7.557 999.000 117.300 999.000   4.556 999.000
      69     THR  62.585 999.000  70.323 999.000 175.164 999.000   7.670 999.000 109.202 999.000   4.401 999.000
      70     SER  59.590 999.000  64.063 999.000 174.694 999.000   8.476 999.000 115.374 999.000   4.529 999.000
      71     GLN  55.084 999.000  27.925 999.000 175.804 999.000   8.115 999.000 121.664 999.000   4.427 999.000
      72     LEU  55.088 999.000  41.725 999.000 176.721 999.000   7.792 999.000 121.619 999.000   4.264 999.000
      73     HIS  55.748 999.000  30.375 999.000 175.390 999.000   8.555 999.000 122.443 999.000   4.656 999.000
      74     ILE  60.800 999.000  38.145 999.000 176.221 999.000   8.268 999.000 123.310 999.000   4.240 999.000
      75     THR  60.374 999.000  68.880 999.000 173.997 999.000   8.237 999.000 121.483 999.000   4.027 999.000
      76     PRO  63.422 999.000  32.299 999.000 177.021 999.000-999.000-999.000 999.000 999.000   4.329 999.000
      77     GLY  44.876 999.000-999.000-999.000 174.249 999.000   8.208 999.000 108.197 999.000   4.055 999.000
      78     THR  62.407 999.000  69.857 999.000 175.033 999.000   8.077 999.000 112.224 999.000   4.131 999.000
      79     ALA  52.616 999.000  19.460 999.000 177.275 999.000   8.047 999.000 123.680 999.000   4.156 999.000
      80     TYR  58.405 999.000  38.291 999.000 176.711 999.000   8.095 999.000 115.258 999.000   4.335 999.000
      81     GLN  58.083 999.000  28.187 999.000 177.370 999.000   7.903 999.000 119.953 999.000   3.975 999.000
      82     SER  60.563 999.000  63.157 999.000 175.782 999.000   7.837 999.000 114.984 999.000   4.247 999.000
      83     PHE  60.373 999.000  38.324 999.000 177.398 999.000   7.825 999.000 123.365 999.000   4.314 999.000
      84     GLU  59.840 999.000  29.383 999.000 178.221 999.000   7.492 999.000 120.335 999.000   3.477 999.000
      85     GLN  57.554 999.000  28.048 999.000 177.483 999.000   7.572 999.000 116.188 999.000   3.969 999.000
      86     VAL  65.477 999.000  32.045 999.000 177.010 999.000   7.167 999.000 119.668 999.000   3.676 999.000
      87     VAL  62.745 999.000  32.014 999.000 176.902 999.000   7.401 999.000 113.757 999.000   3.760 999.000
      88     ASN  55.689 999.000  38.216 999.000 175.844 999.000   7.908 999.000 118.768 999.000   3.805 999.000
      89     GLU  56.528 999.000  30.986 999.000 176.804 999.000   7.660 999.000 115.946 999.000   4.302 999.000
      90     LEU  57.286 999.000  41.859 999.000 176.947 999.000   7.424 999.000 119.801 999.000   3.695 999.000
      91     PHE  57.639 999.000  39.262 999.000 176.205 999.000   7.515 999.000 113.072 999.000   4.534 999.000
      92     ARG  58.325 999.000  29.949 999.000 176.887 999.000   7.589 999.000 119.860 999.000   3.366 999.000
      93     ASP  54.048 999.000  40.924 999.000 176.149 999.000   7.692 999.000 115.995 999.000   4.503 999.000
      94     GLY  45.237 999.000-999.000-999.000 173.182 999.000   7.266 999.000 108.268 999.000   3.961 999.000
      95     VAL  61.099 999.000  30.080 999.000 175.651 999.000   7.935 999.000 116.855 999.000   4.285 999.000
      96     ASN  53.269 999.000  39.432 999.000 175.889 999.000   7.748 999.000 120.270 999.000   4.462 999.000
      97     TRP  59.681 999.000  28.995 999.000 177.233 999.000   8.512 999.000 124.378 999.000   4.257 999.000
      98     GLY  47.708 999.000-999.000-999.000 175.390 999.000   7.652 999.000 107.983 999.000   3.660 999.000
      99     ARG  59.180 999.000  30.069 999.000 178.068 999.000   7.852 999.000 120.574 999.000   4.051 999.000
     100     ILE  64.942 999.000  37.444 999.000 177.429 999.000   7.480 999.000 119.875 999.000   3.684 999.000
     101     VAL  66.880 999.000  31.160 999.000 176.786 999.000   8.458 999.000 118.885 999.000   3.093 999.000
     102     ALA  55.434 999.000  18.038 999.000 178.206 999.000   8.131 999.000 122.423 999.000   3.835 999.000
     103     PHE  60.504 999.000  39.075 999.000 176.868 999.000   7.919 999.000 119.348 999.000   4.429 999.000
     104     PHE  58.493 999.000  37.736 999.000 177.755 999.000   8.896 999.000 118.220 999.000   4.255 999.000
     105     SER  61.791 999.000  62.683 999.000 176.301 999.000   8.556 999.000 115.993 999.000   4.488 999.000
     106     PHE  60.511 999.000  38.844 999.000 176.832 999.000   8.613 999.000 122.987 999.000   4.372 999.000
     107     GLY  47.614 999.000-999.000-999.000 176.217 999.000   8.434 999.000 106.557 999.000   3.684 999.000
     108     GLY  47.289 999.000-999.000-999.000 175.456 999.000   8.640 999.000 109.808 999.000   3.971 999.000
     109     ALA  54.817 999.000  18.372 999.000 178.939 999.000   8.150 999.000 124.667 999.000   4.130 999.000
     110     LEU  58.090 999.000  41.557 999.000 178.279 999.000   8.321 999.000 119.393 999.000   3.940 999.000
     111     CYS 999.000 999.000 999.000 999.000 999.000 999.000 999.000 999.000 999.000 999.000   4.096 999.000
     112     VAL  64.921 999.000  32.006 999.000 177.184 999.000   8.013 999.000 119.078 999.000   3.870 999.000
     113     GLU  56.960 999.000  29.154 999.000 177.060 999.000   8.352 999.000 117.253 999.000   4.276 999.000
     114     SER  58.352 999.000  63.481 999.000 174.619 999.000   7.567 999.000 115.243 999.000   4.511 999.000
     115     VAL  63.409 999.000  32.276 999.000 175.708 999.000   8.126 999.000 119.774 999.000   3.943 999.000
     116     ASP  54.313 999.000  40.406 999.000 176.492 999.000   8.289 999.000 118.150 999.000   4.624 999.000
     117     LYS  55.852 999.000  33.130 999.000 176.270 999.000   7.582 999.000 120.793 999.000   4.358 999.000
     118     GLU  56.107 999.000  29.800 999.000 176.704 999.000   8.703 999.000 121.264 999.000   4.294 999.000
     119     MET  57.633 999.000  31.228 999.000 177.776 999.000   8.768 999.000 124.264 999.000   4.066 999.000
     120     GLN  57.866 999.000  28.415 999.000 176.858 999.000   8.235 999.000 117.764 999.000   4.156 999.000
     121     VAL  61.982 999.000  33.696 999.000 176.937 999.000   7.517 999.000 113.711 999.000   4.333 999.000
     122     LEU  58.576 999.000  41.638 999.000 177.842 999.000   7.981 999.000 122.024 999.000   3.936 999.000
     123     VAL  66.303 999.000  31.315 999.000 178.047 999.000   7.829 999.000 117.722 999.000   3.360 999.000
     124     SER  61.773 999.000  62.894 999.000 176.612 999.000   7.751 999.000 116.202 999.000   4.323 999.000
     125     ARG  58.979 999.000  29.975 999.000 178.488 999.000   7.966 999.000 122.447 999.000   4.007 999.000
     126     ILE  65.013 999.000  37.508 999.000 177.508 999.000   8.423 999.000 120.569 999.000   3.759 999.000
     127     ALA  55.491 999.000  18.106 999.000 179.245 999.000   8.574 999.000 121.184 999.000   3.967 999.000
     128     ALA  55.343 999.000  18.163 999.000 178.899 999.000   7.815 999.000 121.208 999.000   4.004 999.000
     129     TRP  60.337 999.000  29.751 999.000 178.697 999.000   8.308 999.000 119.298 999.000   4.241 999.000
     130     MET  59.808 999.000  32.788 999.000 177.600 999.000   8.868 999.000 117.942 999.000   4.364 999.000
     131     ALA  55.289 999.000  18.241 999.000 178.535 999.000   8.427 999.000 121.508 999.000   4.136 999.000
     132     THR  66.594 999.000  68.008 999.000 176.212 999.000   8.196 999.000 115.246 999.000   3.934 999.000
     133     TYR  59.460 999.000  38.120 999.000 177.775 999.000   8.274 999.000 120.059 999.000   4.670 999.000
     134     LEU  58.062 999.000  41.371 999.000 177.637 999.000   8.913 999.000 119.612 999.000   4.121 999.000
     135     ASN  56.319 999.000  38.998 999.000 176.944 999.000   8.146 999.000 116.384 999.000   4.441 999.000
     136     ASP  55.675 999.000  41.067 999.000 176.826 999.000   7.636 999.000 118.059 999.000   4.525 999.000
     137     HIS  56.342 999.000  31.451 999.000 174.844 999.000   8.067 999.000 113.744 999.000   4.742 999.000
     138     LEU  56.271 999.000  43.854 999.000 176.868 999.000   8.170 999.000 120.028 999.000   4.506 999.000
     139     GLU  61.694 999.000  27.909 999.000 176.289 999.000   8.609 999.000 118.394 999.000   4.013 999.000
     140     PRO  65.375 999.000  31.372 999.000 178.170 999.000-999.000-999.000 999.000 999.000   4.186 999.000
     141     TRP  58.347 999.000  30.061 999.000 178.417 999.000   7.105 999.000 116.773 999.000   4.629 999.000
     142     ILE  64.618 999.000  37.127 999.000 177.348 999.000   8.223 999.000 120.030 999.000   3.762 999.000
     143     GLN  59.050 999.000  27.752 999.000 178.735 999.000   8.380 999.000 119.009 999.000   4.109 999.000
     144     GLU  58.434 999.000  29.513 999.000 177.902 999.000   7.826 999.000 118.836 999.000   4.106 999.000
     145     ASN  54.515 999.000  39.780 999.000 175.632 999.000   7.872 999.000 115.228 999.000   4.531 999.000
     146     GLY  45.508 999.000-999.000-999.000 173.993 999.000   7.763 999.000 106.324 999.000   4.116 999.000
     147     GLY  44.927 999.000-999.000-999.000 173.547 999.000   8.320 999.000 107.797 999.000   4.125 999.000
     148     TRP  60.373 999.000  29.565 999.000 177.711 999.000   8.986 999.000 123.639 999.000   4.579 999.000
     149     ASP  57.252 999.000  39.751 999.000 177.819 999.000   8.297 999.000 119.286 999.000   4.266 999.000
     150     THR  65.378 999.000  68.349 999.000 176.206 999.000   7.681 999.000 114.517 999.000   3.930 999.000
     151     PHE  60.065 999.000  39.410 999.000 177.593 999.000   7.703 999.000 120.424 999.000   4.324 999.000
     152     VAL  65.754 999.000  31.164 999.000 177.682 999.000   7.610 999.000 118.508 999.000   3.502 999.000
     153     GLU  59.060 999.000  29.015 999.000 178.466 999.000   7.638 999.000 120.373 999.000   3.831 999.000
     154     LEU  57.217 999.000  41.700 999.000 177.798 999.000   7.195 999.000 119.503 999.000   3.771 999.000
     155     TYR  58.344 999.000  39.117 999.000 177.072 999.000   7.641 999.000 116.920 999.000   4.475 999.000
     156     GLY  45.284 999.000-999.000-999.000 174.434 999.000   7.952 999.000 106.393 999.000   3.830 999.000
     157     ASN  52.876 999.000  39.091 999.000 175.621 999.000   8.002 999.000 117.743 999.000   4.595 999.000
     158     ASN  54.800 999.000  38.655 999.000 176.337 999.000   8.266 999.000 120.186 999.000   4.439 999.000
     159     ALA  54.768 999.000  18.481 999.000 179.147 999.000   8.235 999.000 122.208 999.000   4.102 999.000
     160     ALA  54.035 999.000  18.135 999.000 179.602 999.000   7.587 999.000 120.312 999.000   4.220 999.000
     161     ALA  54.142 999.000  18.181 999.000 179.737 999.000   7.583 999.000 120.353 999.000   4.182 999.000
     162     GLU  58.679 999.000  29.201 999.000 178.905 999.000   7.947 999.000 117.863 999.000   4.113 999.000
     163     SER  60.892 999.000  63.180 999.000 176.150 999.000   7.799 999.000 114.793 999.000   4.269 999.000
     164     ARG  57.408 999.000  29.930 999.000 177.683 999.000   7.583 999.000 121.629 999.000   4.265 999.000
     165     LYS  57.014 999.000  32.351 999.000 177.900 999.000   7.681 999.000 119.190 999.000   4.245 999.000
     166     GLY  45.253 999.000-999.000-999.000 174.323 999.000   7.878 999.000 107.015 999.000   3.955 999.000
     167     GLN  56.129 999.000  29.390 999.000 176.207 999.000   7.969 999.000 119.379 999.000   4.306 999.000
     168     GLU  56.841 999.000  29.765 999.000 176.374 999.000   8.187 999.000 119.276 999.000   4.282 999.000
     169     ARG 999.000 999.000 999.000 999.000 999.000 999.000 999.000 999.000 999.000 999.000 999.000 999.000
     630     GLU 999.000 999.000 999.000 999.000 999.000 999.000-999.000-999.000 999.000 999.000 999.000 999.000
     631     GLU 999.000 999.000 999.000 999.000 999.000 999.000 999.000 999.000 999.000 999.000 999.000 999.000
     632     GLN  57.179 999.000  28.062 999.000 177.342 999.000   8.125 999.000 118.865 999.000   4.141 999.000
     633     TRP  60.117 999.000  28.980 999.000 177.781 999.000   7.911 999.000 121.089 999.000   4.288 999.000
     634     ALA  54.970 999.000  18.149 999.000 179.148 999.000   7.850 999.000 120.973 999.000   3.766 999.000
     635     ARG  59.334 999.000  29.729 999.000 178.534 999.000   8.033 999.000 118.105 999.000   3.950 999.000
     636     GLU  59.012 999.000  29.379 999.000 179.027 999.000   7.679 999.000 119.486 999.000   4.078 999.000
     637     ILE  63.979 999.000  36.815 999.000 178.022 999.000   7.858 999.000 119.553 999.000   3.604 999.000
     638     GLY  47.608 999.000-999.000-999.000 176.034 999.000   8.366 999.000 107.700 999.000   3.755 999.000
     639     ALA  54.871 999.000  18.169 999.000 178.957 999.000   7.992 999.000 124.286 999.000   4.041 999.000
     640     GLN  58.865 999.000  28.284 999.000 178.418 999.000   7.902 999.000 118.402 999.000   3.907 999.000
     641     LEU  58.180 999.000  41.329 999.000 178.702 999.000   8.570 999.000 120.418 999.000   3.955 999.000
     642     ARG  59.416 999.000  29.912 999.000 178.575 999.000   8.015 999.000 118.653 999.000   3.899 999.000
     643     ARG  58.195 999.000  29.960 999.000 178.174 999.000   7.782 999.000 118.695 999.000   4.156 999.000
     644     MET  58.204 999.000  32.899 999.000 176.866 999.000   8.328 999.000 118.851 999.000   3.996 999.000
     645     ALA  52.356 999.000  19.154 999.000 176.610 999.000   7.541 999.000 119.468 999.000   4.323 999.000
     646     ASP  53.888 999.000  41.514 999.000 175.974 999.000   7.507 999.000 117.616 999.000   4.492 999.000
     647     ASP  54.366 999.000  40.919 999.000 176.676 999.000   8.401 999.000 122.262 999.000   4.448 999.000
     648     LEU  55.988 999.000  41.960 999.000 177.168 999.000   7.771 999.000 119.954 999.000   4.086 999.000
     649     ASN  53.514 999.000  38.662 999.000 175.451 999.000   8.138 999.000 116.540 999.000   4.551 999.000
     650     ALA  52.469 999.000  19.365 999.000 177.280 999.000   7.830 999.000 121.670 999.000   4.248 999.000
     651     GLN  56.034 999.000  29.213 999.000 175.925 999.000   7.974 999.000 117.983 999.000   4.135 999.000
     652     TYR  58.373 999.000  38.593 999.000 175.418 999.000   8.325 999.000 118.924 999.000   4.486 999.000
     653     GLU  56.963 999.000  30.323 999.000 176.429 999.000   8.211 999.000 119.715 999.000   4.264 999.000
     654     ARG 999.000 999.000 999.000 999.000 999.000 999.000 999.000 999.000 999.000 999.000 999.000 999.000
