   index residue  pre_ca  exp_ca  pre_cb  exp_cb   pre_c   exp_c   pre_h   exp_h   pre_n   exp_n  pre_ha  exp_ha
       1     MET 999.000 999.000 999.000 999.000 999.000 999.000-999.000-999.000 999.000 999.000 999.000 999.000
       2     SER 999.000 999.000 999.000 999.000 999.000 999.000 999.000 999.000 999.000 999.000 999.000 999.000
       3     GLN  57.557 999.000  28.124 999.000 177.567 999.000   8.835 999.000 122.350 999.000   4.259 999.000
       4     SER  61.227 999.000  62.863 999.000 175.920 999.000   8.753 999.000 114.696 999.000   4.164 999.000
       5     ASN  55.244 999.000  38.560 999.000 176.571 999.000   8.030 999.000 119.837 999.000   4.695 999.000
       6     ARG  59.463 999.000  29.821 999.000 177.948 999.000   7.944 999.000 121.442 999.000   4.118 999.000
       7     GLU  59.157 999.000  29.127 999.000 178.921 999.000   8.161 999.000 118.791 999.000   3.982 999.000
       8     LEU  57.684 999.000  41.586 999.000 178.613 999.000   7.384 999.000 119.458 999.000   3.999 999.000
       9     VAL  66.492 999.000  31.398 999.000 177.573 999.000   7.700 999.000 119.404 999.000   3.661 999.000
      10     VAL  67.069 999.000  31.231 999.000 176.430 999.000   8.472 999.000 119.201 999.000   3.104 999.000
      11     ASP  57.623 999.000  41.128 999.000 177.604 999.000   7.663 999.000 120.089 999.000   4.218 999.000
      12     PHE  61.412 999.000  39.595 999.000 176.989 999.000   7.686 999.000 120.562 999.000   4.169 999.000
      13     LEU  58.141 999.000  41.078 999.000 178.540 999.000   8.558 999.000 118.129 999.000   3.917 999.000
      14     SER  62.088 999.000  62.574 999.000 176.449 999.000   8.089 999.000 115.040 999.000   4.116 999.000
      15     TYR  61.113 999.000  37.882 999.000 176.972 999.000   7.945 999.000 123.967 999.000   4.253 999.000
      16     LYS  58.581 999.000  31.379 999.000 178.959 999.000   7.882 999.000 118.223 999.000   3.692 999.000
      17     LEU  57.625 999.000  41.671 999.000 178.831 999.000   8.415 999.000 118.932 999.000   4.222 999.000
      18     SER  61.551 999.000  62.942 999.000 177.085 999.000   8.443 999.000 115.851 999.000   4.230 999.000
      19     GLN  57.924 999.000  28.478 999.000 177.202 999.000   7.978 999.000 119.931 999.000   4.057 999.000
      20     LYS  55.652 999.000  32.391 999.000 176.556 999.000   7.330 999.000 116.788 999.000   4.266 999.000
      21     GLY  45.433 999.000-999.000-999.000 174.044 999.000   7.582 999.000 107.691 999.000   3.828 999.000
      22     TYR  56.654 999.000  39.498 999.000 175.533 999.000   7.903 999.000 120.309 999.000   4.805 999.000
      23     SER  57.148 999.000  64.316 999.000 174.973 999.000   8.277 999.000 117.076 999.000   4.622 999.000
      24     TRP  59.584 999.000  29.893 999.000 177.552 999.000   9.116 999.000 126.700 999.000   4.580 999.000
      25     SER  61.218 999.000  62.447 999.000 176.149 999.000   8.425 999.000 114.723 999.000   4.075 999.000
      26     GLN  57.487 999.000  28.702 999.000 176.297 999.000   7.329 999.000 120.725 999.000   3.921 999.000
      27     PHE  57.561 999.000  40.310 999.000 176.057 999.000   7.246 999.000 115.943 999.000   4.374 999.000
      28     SER  57.576 999.000  64.873 999.000 174.100 999.000   7.085 999.000 114.498 999.000   4.259 999.000
      29     ASP  53.464 999.000  40.499 999.000 177.014 999.000   8.432 999.000 122.500 999.000   4.628 999.000
      30     VAL  64.245 999.000  31.705 999.000 177.367 999.000   8.173 999.000 120.720 999.000   3.864 999.000
      31     GLU  57.991 999.000  29.223 999.000 177.462 999.000   8.349 999.000 119.649 999.000   4.162 999.000
      32     GLU  57.106 999.000  30.266 999.000 177.138 999.000   7.799 999.000 117.718 999.000   4.231 999.000
      33     ASN  53.194 999.000  38.734 999.000 175.585 999.000   7.678 999.000 117.625 999.000   4.704 999.000
      34     ARG  56.152 999.000  30.654 999.000 176.597 999.000   8.251 999.000 121.003 999.000   4.390 999.000
      35     THR  62.081 999.000  69.797 999.000 174.825 999.000   8.009 999.000 113.529 999.000   4.335 999.000
      36     GLU  56.465 999.000  30.338 999.000 175.796 999.000   8.539 999.000 122.006 999.000   4.297 999.000
      37     ALA  50.832 999.000  18.357 999.000 175.577 999.000   8.168 999.000 123.342 999.000   4.504 999.000
      38     PRO  63.193 999.000  32.281 999.000 176.658 999.000-999.000-999.000 999.000 999.000   4.530 999.000
      39     GLU  56.192 999.000  30.508 999.000 176.793 999.000   8.472 999.000 119.487 999.000   4.282 999.000
      40     GLY  45.153 999.000-999.000-999.000 174.588 999.000   8.480 999.000 109.058 999.000   4.064 999.000
      41     THR  61.572 999.000  70.455 999.000 174.972 999.000   8.145 999.000 112.799 999.000   4.441 999.000
      42     GLU  57.707 999.000  29.458 999.000 177.064 999.000   8.864 999.000 121.985 999.000   4.244 999.000
      43     SER  59.606 999.000  63.479 999.000 175.519 999.000   8.333 999.000 114.479 999.000   4.311 999.000
      44     GLU  59.413 999.000  29.003 999.000 178.359 999.000   8.060 999.000 123.264 999.000   3.944 999.000
      45     ALA  54.852 999.000  18.321 999.000 179.641 999.000   7.999 999.000 120.380 999.000   4.183 999.000
      46     VAL  65.821 999.000  31.379 999.000 177.827 999.000   7.443 999.000 119.305 999.000   3.656 999.000
      47     LYS  60.152 999.000  32.023 999.000 178.908 999.000   8.184 999.000 119.692 999.000   3.739 999.000
      48     GLN  58.746 999.000  28.276 999.000 178.217 999.000   8.121 999.000 118.605 999.000   3.964 999.000
      49     ALA  55.084 999.000  18.169 999.000 179.526 999.000   7.836 999.000 122.405 999.000   4.071 999.000
      50     LEU  58.089 999.000  41.521 999.000 178.766 999.000   8.499 999.000 118.871 999.000   4.094 999.000
      51     ARG  59.722 999.000  29.732 999.000 178.428 999.000   7.994 999.000 118.918 999.000   3.906 999.000
      52     GLU  59.075 999.000  29.190 999.000 178.899 999.000   8.115 999.000 118.881 999.000   4.130 999.000
      53     ALA  54.853 999.000  18.204 999.000 179.435 999.000   8.462 999.000 121.656 999.000   4.204 999.000
      54     GLY  47.329 999.000-999.000-999.000 175.533 999.000   8.590 999.000 106.557 999.000   4.122 999.000
      55     ASP  56.825 999.000  40.389 999.000 178.020 999.000   8.338 999.000 121.944 999.000   4.611 999.000
      56     GLU  58.908 999.000  29.639 999.000 178.318 999.000   7.811 999.000 120.514 999.000   4.205 999.000
      57     PHE  61.853 999.000  38.992 999.000 177.914 999.000   8.720 999.000 119.620 999.000   4.256 999.000
      58     GLU  58.906 999.000  29.402 999.000 178.342 999.000   8.285 999.000 118.538 999.000   4.234 999.000
      59     LEU  56.952 999.000  42.466 999.000 177.934 999.000   7.527 999.000 120.023 999.000   4.246 999.000
      60     ARG  57.450 999.000  31.112 999.000 176.795 999.000   8.058 999.000 115.798 999.000   4.003 999.000
      61     TYR  56.371 999.000  37.985 999.000 175.642 999.000   7.966 999.000 117.784 999.000   4.769 999.000
      62     ARG  58.714 999.000  30.077 999.000 177.310 999.000   7.974 999.000 120.878 999.000   3.834 999.000
      63     ARG  57.136 999.000  29.820 999.000 177.364 999.000   8.253 999.000 117.359 999.000   4.237 999.000
      64     ALA  54.250 999.000  18.541 999.000 178.036 999.000   7.744 999.000 121.032 999.000   4.148 999.000
      65     PHE  57.873 999.000  39.708 999.000 176.455 999.000   7.533 999.000 113.164 999.000   4.759 999.000
      66     SER  61.304 999.000  62.537 999.000 176.265 999.000   8.075 999.000 116.730 999.000   4.204 999.000
      67     ASP  56.169 999.000  39.946 999.000 178.172 999.000   7.852 999.000 122.025 999.000   4.498 999.000
      68     LEU  57.519 999.000  41.654 999.000 178.697 999.000   7.520 999.000 119.990 999.000   4.023 999.000
      69     THR  65.223 999.000  68.642 999.000 176.748 999.000   8.224 999.000 112.206 999.000   4.227 999.000
      70     SER  60.458 999.000  63.413 999.000 175.710 999.000   7.822 999.000 116.845 999.000   4.345 999.000
      71     GLN  57.229 999.000  28.923 999.000 177.043 999.000   7.562 999.000 120.953 999.000   4.232 999.000
      72     LEU  54.738 999.000  42.169 999.000 176.313 999.000   7.239 999.000 120.784 999.000   4.279 999.000
      73     HIS  55.845 999.000  29.885 999.000 175.361 999.000   8.594 999.000 125.392 999.000   4.633 999.000
      74     ILE  60.906 999.000  38.811 999.000 175.172 999.000   8.057 999.000 123.884 999.000   4.435 999.000
      75     THR  58.467 999.000  69.976 999.000 173.740 999.000   8.000 999.000 116.898 999.000   4.792 999.000
      76     PRO  64.679 999.000  31.640 999.000 177.519 999.000-999.000-999.000 999.000 999.000   4.413 999.000
      77     GLY  45.071 999.000-999.000-999.000 175.048 999.000   8.330 999.000 107.552 999.000   4.136 999.000
      78     THR  63.610 999.000  69.495 999.000 174.192 999.000   7.699 999.000 117.708 999.000   4.233 999.000
      79     ALA  50.884 999.000  21.082 999.000 176.811 999.000   8.624 999.000 128.787 999.000   4.691 999.000
      80     TYR  61.063 999.000  38.039 999.000 177.294 999.000   8.885 999.000 120.773 999.000   3.102 999.000
      81     GLN  58.789 999.000  27.706 999.000 178.220 999.000   8.440 999.000 118.120 999.000   3.831 999.000
      82     SER  60.814 999.000  62.920 999.000 176.060 999.000   7.584 999.000 114.612 999.000   4.263 999.000
      83     PHE  60.903 999.000  39.354 999.000 176.622 999.000   7.147 999.000 123.611 999.000   4.177 999.000
      84     GLU  59.919 999.000  29.347 999.000 178.340 999.000   8.536 999.000 119.206 999.000   3.594 999.000
      85     GLN  58.557 999.000  28.282 999.000 178.406 999.000   7.588 999.000 117.370 999.000   3.971 999.000
      86     VAL  65.081 999.000  31.900 999.000 177.749 999.000   7.061 999.000 119.317 999.000   3.691 999.000
      87     VAL  65.715 999.000  31.162 999.000 177.740 999.000   7.724 999.000 119.184 999.000   3.301 999.000
      88     ASN  55.909 999.000  37.728 999.000 177.404 999.000   8.475 999.000 118.073 999.000   4.306 999.000
      89     GLU  58.392 999.000  29.622 999.000 178.042 999.000   7.318 999.000 119.643 999.000   4.062 999.000
      90     LEU  57.146 999.000  41.992 999.000 177.305 999.000   7.368 999.000 119.708 999.000   3.909 999.000
      91     PHE  58.509 999.000  38.715 999.000 176.135 999.000   7.676 999.000 114.560 999.000   4.483 999.000
      92     ARG  58.636 999.000  29.815 999.000 176.768 999.000   7.522 999.000 120.380 999.000   3.961 999.000
      93     ASP  53.824 999.000  40.740 999.000 176.280 999.000   8.114 999.000 116.864 999.000   4.630 999.000
      94     GLY  44.641 999.000-999.000-999.000 173.345 999.000   7.558 999.000 107.894 999.000   4.085 999.000
      95     VAL  62.218 999.000  32.420 999.000 175.285 999.000   8.007 999.000 119.753 999.000   3.882 999.000
      96     ASN  51.989 999.000  41.134 999.000 174.580 999.000   7.700 999.000 122.227 999.000   4.294 999.000
      97     TRP  60.108 999.000  30.410 999.000 178.154 999.000   8.911 999.000 120.649 999.000   4.540 999.000
      98     GLY  47.120 999.000-999.000-999.000 175.980 999.000   8.890 999.000 106.972 999.000   4.148 999.000
      99     ARG  58.759 999.000  29.805 999.000 178.289 999.000   8.060 999.000 121.467 999.000   4.153 999.000
     100     ILE  65.368 999.000  37.706 999.000 177.583 999.000   8.006 999.000 120.732 999.000   4.048 999.000
     101     VAL  66.943 999.000  31.291 999.000 176.745 999.000   8.350 999.000 119.461 999.000   3.442 999.000
     102     ALA  55.521 999.000  18.048 999.000 178.711 999.000   8.229 999.000 122.685 999.000   3.895 999.000
     103     PHE  60.735 999.000  38.480 999.000 176.913 999.000   8.302 999.000 119.646 999.000   4.232 999.000
     104     PHE  62.682 999.000  38.776 999.000 177.645 999.000   8.678 999.000 118.487 999.000   3.600 999.000
     105     SER  61.946 999.000  62.636 999.000 176.446 999.000   8.365 999.000 115.354 999.000   4.157 999.000
     106     PHE  60.116 999.000  38.381 999.000 176.812 999.000   8.764 999.000 123.643 999.000   4.265 999.000
     107     GLY  47.550 999.000-999.000-999.000 176.219 999.000   8.201 999.000 106.634 999.000   3.615 999.000
     108     GLY  47.333 999.000-999.000-999.000 175.495 999.000   8.452 999.000 109.674 999.000   3.935 999.000
     109     ALA  54.867 999.000  18.339 999.000 178.963 999.000   8.183 999.000 124.566 999.000   4.162 999.000
     110     LEU  58.006 999.000  41.647 999.000 177.603 999.000   8.552 999.000 119.743 999.000   4.113 999.000
     111     CYS 999.000 999.000 999.000 999.000 999.000 999.000 999.000 999.000 999.000 999.000   3.934 999.000
     112     VAL  66.432 999.000  31.281 999.000 177.539 999.000   8.041 999.000 120.188 999.000   3.487 999.000
     113     GLU  59.494 999.000  29.075 999.000 178.464 999.000   8.369 999.000 120.431 999.000   4.011 999.000
     114     SER  62.091 999.000  63.032 999.000 176.314 999.000   8.155 999.000 115.640 999.000   4.102 999.000
     115     VAL  65.255 999.000  31.247 999.000 177.616 999.000   7.595 999.000 120.829 999.000   3.597 999.000
     116     ASP  56.375 999.000  41.174 999.000 177.691 999.000   7.898 999.000 119.957 999.000   4.435 999.000
     117     LYS  56.487 999.000  32.151 999.000 176.017 999.000   7.832 999.000 116.612 999.000   4.216 999.000
     118     GLU  57.423 999.000  27.215 999.000 175.569 999.000   7.922 999.000 115.559 999.000   4.017 999.000
     119     MET  54.754 999.000  31.994 999.000 176.116 999.000   8.429 999.000 118.922 999.000   4.731 999.000
     120     GLN  58.798 999.000  27.885 999.000 177.614 999.000   7.962 999.000 119.797 999.000   3.881 999.000
     121     VAL  64.120 999.000  31.532 999.000 177.280 999.000   7.648 999.000 118.107 999.000   3.859 999.000
     122     LEU  56.921 999.000  41.318 999.000 178.155 999.000   7.810 999.000 119.866 999.000   3.942 999.000
     123     VAL  66.648 999.000  31.269 999.000 177.778 999.000   7.445 999.000 118.790 999.000   3.275 999.000
     124     SER  61.431 999.000  62.779 999.000 176.337 999.000   8.291 999.000 114.488 999.000   4.124 999.000
     125     ARG  58.525 999.000  30.017 999.000 178.101 999.000   6.831 999.000 122.582 999.000   3.776 999.000
     126     ILE  65.662 999.000  37.779 999.000 177.408 999.000   8.241 999.000 120.875 999.000   2.936 999.000
     127     ALA  55.485 999.000  18.119 999.000 179.181 999.000   7.856 999.000 120.600 999.000   3.913 999.000
     128     ALA  54.958 999.000  18.451 999.000 178.785 999.000   7.229 999.000 121.253 999.000   4.167 999.000
     129     TRP  58.622 999.000  28.553 999.000 178.820 999.000   8.728 999.000 119.939 999.000   4.355 999.000
     130     MET  59.797 999.000  32.787 999.000 177.769 999.000   8.750 999.000 117.297 999.000   4.517 999.000
     131     ALA  55.153 999.000  18.272 999.000 178.644 999.000   8.009 999.000 121.549 999.000   4.197 999.000
     132     THR  66.783 999.000  67.963 999.000 175.585 999.000   8.448 999.000 116.197 999.000   4.011 999.000
     133     TYR  62.215 999.000  38.806 999.000 176.868 999.000   8.733 999.000 123.024 999.000   4.197 999.000
     134     LEU  58.560 999.000  41.448 999.000 177.774 999.000   8.699 999.000 119.170 999.000   4.059 999.000
     135     ASN  56.218 999.000  38.945 999.000 177.181 999.000   8.089 999.000 116.542 999.000   4.380 999.000
     136     ASP  55.987 999.000  40.904 999.000 176.947 999.000   8.111 999.000 118.160 999.000   4.403 999.000
     137     HIS  57.309 999.000  31.851 999.000 175.877 999.000   7.781 999.000 114.089 999.000   4.406 999.000
     138     LEU  56.163 999.000  42.519 999.000 177.630 999.000   7.930 999.000 116.596 999.000   4.148 999.000
     139     GLU  61.693 999.000  28.134 999.000 176.135 999.000   8.790 999.000 119.692 999.000   4.018 999.000
     140     PRO  65.413 999.000  31.445 999.000 178.037 999.000-999.000-999.000 999.000 999.000   4.207 999.000
     141     TRP  60.533 999.000  29.489 999.000 177.768 999.000   7.121 999.000 118.570 999.000   4.178 999.000
     142     ILE  65.632 999.000  37.904 999.000 177.212 999.000   8.479 999.000 119.978 999.000   3.139 999.000
     143     GLN  59.004 999.000  28.070 999.000 178.584 999.000   8.348 999.000 118.057 999.000   3.974 999.000
     144     GLU  58.228 999.000  29.675 999.000 177.803 999.000   7.485 999.000 119.122 999.000   3.996 999.000
     145     ASN  54.478 999.000  39.674 999.000 175.632 999.000   7.676 999.000 115.296 999.000   4.274 999.000
     146     GLY  45.144 999.000-999.000-999.000 174.678 999.000   7.556 999.000 107.400 999.000   4.107 999.000
     147     GLY  44.277 999.000-999.000-999.000 173.643 999.000   8.303 999.000 107.559 999.000   4.139 999.000
     148     TRP  59.987 999.000  29.740 999.000 177.648 999.000   8.902 999.000 120.061 999.000   4.599 999.000
     149     ASP  56.920 999.000  39.744 999.000 178.220 999.000   8.433 999.000 119.633 999.000   4.427 999.000
     150     THR  64.600 999.000  68.592 999.000 176.071 999.000   7.631 999.000 113.507 999.000   4.114 999.000
     151     PHE  60.577 999.000  39.536 999.000 176.550 999.000   7.587 999.000 123.511 999.000   3.794 999.000
     152     VAL  65.242 999.000  31.216 999.000 177.757 999.000   7.863 999.000 116.854 999.000   3.708 999.000
     153     GLU  57.942 999.000  29.632 999.000 176.965 999.000   7.530 999.000 118.627 999.000   4.093 999.000
     154     LEU  56.067 999.000  43.598 999.000 176.795 999.000   7.099 999.000 118.116 999.000   4.083 999.000
     155     TYR  57.786 999.000  40.584 999.000 175.899 999.000   8.064 999.000 114.603 999.000   4.496 999.000
     156     GLY  44.664 999.000-999.000-999.000 174.189 999.000   7.961 999.000 106.250 999.000   4.075 999.000
     157     ASN  55.764 999.000  38.492 999.000 176.894 999.000   8.828 999.000 118.973 999.000   4.333 999.000
     158     ASN  55.201 999.000  38.148 999.000 176.673 999.000   8.426 999.000 116.984 999.000   4.525 999.000
     159     ALA  54.506 999.000  18.347 999.000 179.285 999.000   7.703 999.000 123.111 999.000   4.080 999.000
     160     ALA  54.388 999.000  18.009 999.000 179.599 999.000   7.980 999.000 120.286 999.000   4.106 999.000
     161     ALA  54.480 999.000  18.032 999.000 179.940 999.000   7.689 999.000 120.281 999.000   4.162 999.000
     162     GLU  58.695 999.000  29.190 999.000 178.961 999.000   7.825 999.000 117.712 999.000   4.136 999.000
     163     SER  60.783 999.000  63.166 999.000 176.404 999.000   7.913 999.000 114.995 999.000   4.290 999.000
     164     ARG  57.568 999.000  29.823 999.000 177.796 999.000   7.777 999.000 121.939 999.000   4.246 999.000
     165     LYS  57.403 999.000  32.245 999.000 178.271 999.000   7.764 999.000 118.921 999.000   4.229 999.000
     166     GLY  45.591 999.000-999.000-999.000 174.719 999.000   7.844 999.000 107.074 999.000   3.971 999.000
     167     GLN  56.661 999.000  29.150 999.000 176.692 999.000   7.852 999.000 119.626 999.000   4.289 999.000
     168     GLU  57.049 999.000  30.018 999.000 176.789 999.000   7.735 999.000 118.672 999.000   4.283 999.000
     169     ARG 999.000 999.000 999.000 999.000 999.000 999.000 999.000 999.000 999.000 999.000 999.000 999.000
