   index residue  pre_ca  exp_ca  pre_cb  exp_cb   pre_c   exp_c   pre_h   exp_h   pre_n   exp_n  pre_ha  exp_ha
       1     MET 999.000 999.000 999.000 999.000 999.000 999.000-999.000-999.000 999.000 999.000 999.000 999.000
       2     SER 999.000 999.000 999.000 999.000 999.000 999.000 999.000 999.000 999.000 999.000 999.000 999.000
       3     GLN  57.646 999.000  28.593 999.000 177.622 999.000   8.238 999.000 120.222 999.000   4.216 999.000
       4     SER  60.685 999.000  62.948 999.000 176.234 999.000   7.953 999.000 115.979 999.000   4.164 999.000
       5     ASN  55.375 999.000  37.706 999.000 176.643 999.000   8.356 999.000 121.040 999.000   4.605 999.000
       6     ARG  59.353 999.000  29.895 999.000 177.650 999.000   7.970 999.000 120.785 999.000   4.096 999.000
       7     GLU  59.056 999.000  29.248 999.000 178.994 999.000   7.709 999.000 118.610 999.000   4.034 999.000
       8     LEU  57.464 999.000  41.475 999.000 178.717 999.000   7.633 999.000 119.108 999.000   4.148 999.000
       9     VAL  66.525 999.000  31.294 999.000 177.632 999.000   7.627 999.000 119.472 999.000   3.131 999.000
      10     VAL  66.750 999.000  31.075 999.000 176.629 999.000   8.201 999.000 117.579 999.000   3.651 999.000
      11     ASP  57.449 999.000  41.264 999.000 177.409 999.000   7.581 999.000 120.017 999.000   4.374 999.000
      12     PHE  61.593 999.000  39.694 999.000 177.255 999.000   8.023 999.000 120.705 999.000   4.228 999.000
      13     LEU  58.233 999.000  41.161 999.000 178.500 999.000   8.727 999.000 118.382 999.000   4.086 999.000
      14     SER  62.115 999.000  62.592 999.000 176.546 999.000   8.485 999.000 115.005 999.000   4.311 999.000
      15     TYR  61.042 999.000  37.959 999.000 176.924 999.000   8.457 999.000 124.327 999.000   4.306 999.000
      16     LYS  58.449 999.000  31.392 999.000 179.067 999.000   8.156 999.000 118.366 999.000   3.807 999.000
      17     LEU  57.971 999.000  41.594 999.000 178.787 999.000   8.450 999.000 119.781 999.000   4.075 999.000
      18     SER  61.730 999.000  62.861 999.000 177.139 999.000   8.433 999.000 115.937 999.000   4.225 999.000
      19     GLN  57.836 999.000  28.528 999.000 177.461 999.000   8.085 999.000 120.443 999.000   4.041 999.000
      20     LYS  56.192 999.000  32.606 999.000 176.972 999.000   7.260 999.000 117.356 999.000   4.094 999.000
      21     GLY  45.538 999.000-999.000-999.000 174.001 999.000   7.409 999.000 107.704 999.000   3.896 999.000
      22     TYR  54.965 999.000  40.099 999.000 175.305 999.000   8.096 999.000 119.287 999.000   4.748 999.000
      23     SER  56.600 999.000  65.736 999.000 174.734 999.000   8.493 999.000 114.105 999.000   4.757 999.000
      24     TRP  59.320 999.000  29.377 999.000 176.372 999.000   8.239 999.000 120.688 999.000   4.369 999.000
      25     SER  58.806 999.000  64.385 999.000 173.860 999.000   7.713 999.000 110.623 999.000   4.322 999.000
      26     GLN  54.490 999.000  31.888 999.000 175.127 999.000   7.588 999.000 119.991 999.000   4.500 999.000
      27     PHE  59.364 999.000  38.662 999.000 175.962 999.000   8.663 999.000 121.263 999.000   4.200 999.000
      28     SER  57.247 999.000  64.807 999.000 173.967 999.000   7.539 999.000 113.754 999.000   4.614 999.000
      29     ASP  54.085 999.000  39.663 999.000 176.688 999.000   8.498 999.000 123.324 999.000   4.524 999.000
      30     VAL  63.553 999.000  31.946 999.000 176.421 999.000   7.839 999.000 117.681 999.000   3.920 999.000
      31     GLU  55.719 999.000  31.193 999.000 175.950 999.000   8.126 999.000 120.573 999.000   4.400 999.000
      32     GLU  57.510 999.000  30.399 999.000 176.729 999.000   8.636 999.000 121.077 999.000   4.108 999.000
      33     ASN  53.635 999.000  37.141 999.000 174.805 999.000   8.474 999.000 115.888 999.000   4.458 999.000
      34     ARG  55.724 999.000  30.843 999.000 176.290 999.000   7.926 999.000 118.885 999.000   4.308 999.000
      35     THR  61.786 999.000  69.981 999.000 175.067 999.000   8.157 999.000 115.451 999.000   4.332 999.000
      36     GLU  56.740 999.000  29.840 999.000 175.836 999.000   8.629 999.000 122.505 999.000   4.196 999.000
      37     ALA  50.776 999.000  18.539 999.000 175.431 999.000   8.156 999.000 124.439 999.000   4.469 999.000
      38     PRO  62.872 999.000  32.431 999.000 176.815 999.000-999.000-999.000 999.000 999.000   4.540 999.000
      39     GLU  56.810 999.000  30.016 999.000 176.916 999.000   8.587 999.000 121.507 999.000   4.203 999.000
      40     GLY  45.597 999.000-999.000-999.000 174.933 999.000   8.669 999.000 110.653 999.000   4.084 999.000
      41     THR  61.817 999.000  70.168 999.000 175.058 999.000   7.537 999.000 114.627 999.000   4.363 999.000
      42     GLU  58.937 999.000  29.327 999.000 177.700 999.000   9.085 999.000 124.639 999.000   4.062 999.000
      43     SER  60.979 999.000  63.049 999.000 175.846 999.000   8.481 999.000 114.561 999.000   4.353 999.000
      44     GLU  58.906 999.000  29.203 999.000 178.114 999.000   8.012 999.000 122.831 999.000   4.030 999.000
      45     ALA  54.947 999.000  18.355 999.000 179.365 999.000   7.519 999.000 120.894 999.000   3.818 999.000
      46     VAL  66.113 999.000  31.260 999.000 177.884 999.000   7.277 999.000 118.694 999.000   3.451 999.000
      47     LYS  60.249 999.000  31.960 999.000 178.808 999.000   8.110 999.000 119.751 999.000   3.851 999.000
      48     GLN  58.646 999.000  28.218 999.000 178.181 999.000   8.058 999.000 118.697 999.000   3.966 999.000
      49     ALA  54.993 999.000  18.150 999.000 179.577 999.000   7.874 999.000 122.109 999.000   4.089 999.000
      50     LEU  57.590 999.000  41.434 999.000 178.913 999.000   8.150 999.000 118.449 999.000   4.090 999.000
      51     ARG  59.375 999.000  29.554 999.000 178.645 999.000   7.784 999.000 119.366 999.000   3.914 999.000
      52     GLU  58.996 999.000  29.338 999.000 178.823 999.000   8.115 999.000 118.914 999.000   4.088 999.000
      53     ALA  54.706 999.000  18.178 999.000 179.567 999.000   8.251 999.000 121.637 999.000   4.110 999.000
      54     GLY  47.126 999.000-999.000-999.000 175.488 999.000   8.393 999.000 106.554 999.000   4.202 999.000
      55     ASP  56.327 999.000  40.600 999.000 177.621 999.000   8.024 999.000 121.525 999.000   4.595 999.000
      56     GLU  58.352 999.000  29.897 999.000 177.979 999.000   7.730 999.000 120.388 999.000   4.202 999.000
      57     PHE  60.600 999.000  39.564 999.000 176.582 999.000   8.626 999.000 119.920 999.000   4.346 999.000
      58     GLU  56.326 999.000  29.989 999.000 177.210 999.000   7.750 999.000 115.618 999.000   4.175 999.000
      59     LEU  56.054 999.000  41.216 999.000 176.528 999.000   7.695 999.000 122.251 999.000   4.069 999.000
      60     ARG  57.364 999.000  27.784 999.000 175.468 999.000   8.792 999.000 122.374 999.000   3.790 999.000
      61     TYR  58.427 999.000  35.405 999.000 175.495 999.000   7.540 999.000 114.942 999.000   4.135 999.000
      62     ARG  57.808 999.000  30.258 999.000 176.989 999.000   7.719 999.000 119.144 999.000   4.090 999.000
      63     ARG  56.427 999.000  30.610 999.000 176.144 999.000   7.810 999.000 116.586 999.000   4.198 999.000
      64     ALA  52.092 999.000  19.553 999.000 176.644 999.000   7.376 999.000 121.843 999.000   4.208 999.000
      65     PHE  57.227 999.000  41.430 999.000 176.357 999.000   8.476 999.000 118.723 999.000   4.688 999.000
      66     SER  61.377 999.000  62.576 999.000 175.745 999.000   9.159 999.000 118.115 999.000   4.101 999.000
      67     ASP  56.017 999.000  39.970 999.000 177.481 999.000   8.215 999.000 120.989 999.000   4.464 999.000
      68     LEU  56.171 999.000  42.214 999.000 178.162 999.000   7.636 999.000 118.601 999.000   4.281 999.000
      69     THR  63.513 999.000  69.549 999.000 175.812 999.000   7.822 999.000 110.440 999.000   4.155 999.000
      70     SER  58.768 999.000  64.320 999.000 174.621 999.000   7.969 999.000 116.862 999.000   4.470 999.000
      71     GLN  55.684 999.000  28.688 999.000 175.867 999.000   8.176 999.000 120.112 999.000   4.233 999.000
      72     LEU  55.106 999.000  41.515 999.000 176.058 999.000   8.116 999.000 124.118 999.000   4.138 999.000
      73     HIS  55.483 999.000  30.850 999.000 174.513 999.000   8.407 999.000 124.881 999.000   4.668 999.000
      74     ILE  59.505 999.000  40.277 999.000 175.656 999.000   8.052 999.000 121.922 999.000   4.569 999.000
      75     THR  61.283 999.000  68.778 999.000 174.462 999.000   8.318 999.000 120.147 999.000   4.352 999.000
      76     PRO  63.578 999.000  32.268 999.000 176.845 999.000-999.000-999.000 999.000 999.000   4.376 999.000
      77     GLY  44.689 999.000-999.000-999.000 174.630 999.000   8.311 999.000 109.651 999.000   4.105 999.000
      78     THR  62.224 999.000  69.835 999.000 175.464 999.000   7.905 999.000 113.692 999.000   4.176 999.000
      79     ALA  54.824 999.000  18.228 999.000 178.763 999.000   8.482 999.000 126.470 999.000   3.922 999.000
      80     TYR  59.098 999.000  37.446 999.000 178.065 999.000   7.458 999.000 115.899 999.000   4.368 999.000
      81     GLN  57.808 999.000  28.293 999.000 177.719 999.000   7.813 999.000 119.169 999.000   4.098 999.000
      82     SER  61.334 999.000  62.915 999.000 176.220 999.000   7.636 999.000 116.073 999.000   4.138 999.000
      83     PHE  61.582 999.000  38.506 999.000 177.602 999.000   7.880 999.000 122.092 999.000   4.184 999.000
      84     GLU  59.749 999.000  29.280 999.000 178.517 999.000   7.708 999.000 119.311 999.000   3.605 999.000
      85     GLN  58.220 999.000  28.659 999.000 177.810 999.000   7.298 999.000 117.118 999.000   3.993 999.000
      86     VAL  65.467 999.000  31.846 999.000 177.443 999.000   7.556 999.000 119.297 999.000   3.676 999.000
      87     VAL  64.874 999.000  31.426 999.000 177.111 999.000   8.292 999.000 117.463 999.000   3.576 999.000
      88     ASN  55.836 999.000  38.497 999.000 176.566 999.000   7.862 999.000 118.173 999.000   4.179 999.000
      89     GLU  57.413 999.000  30.105 999.000 177.410 999.000   7.452 999.000 117.150 999.000   4.185 999.000
      90     LEU  56.738 999.000  41.647 999.000 177.612 999.000   7.446 999.000 118.746 999.000   4.029 999.000
      91     PHE  58.805 999.000  38.272 999.000 176.512 999.000   7.613 999.000 115.721 999.000   4.246 999.000
      92     ARG  58.123 999.000  29.653 999.000 176.854 999.000   7.340 999.000 119.815 999.000   3.640 999.000
      93     ASP  54.270 999.000  41.359 999.000 176.082 999.000   7.619 999.000 116.388 999.000   4.591 999.000
      94     GLY  44.676 999.000-999.000-999.000 173.364 999.000   7.215 999.000 107.765 999.000   3.832 999.000
      95     VAL  61.089 999.000  30.668 999.000 175.486 999.000   6.583 999.000 118.750 999.000   4.060 999.000
      96     ASN  52.954 999.000  40.101 999.000 175.709 999.000   7.736 999.000 120.650 999.000   4.760 999.000
      97     TRP  59.855 999.000  28.865 999.000 176.979 999.000   8.707 999.000 120.065 999.000   4.227 999.000
      98     GLY  47.538 999.000-999.000-999.000 175.305 999.000   7.176 999.000 107.871 999.000   3.448 999.000
      99     ARG  58.832 999.000  29.829 999.000 177.951 999.000   7.773 999.000 120.650 999.000   4.067 999.000
     100     ILE  64.496 999.000  37.124 999.000 177.491 999.000   7.482 999.000 119.916 999.000   3.656 999.000
     101     VAL  66.949 999.000  31.239 999.000 176.780 999.000   8.350 999.000 119.315 999.000   3.191 999.000
     102     ALA  55.447 999.000  18.015 999.000 178.286 999.000   8.062 999.000 122.518 999.000   3.922 999.000
     103     PHE  60.869 999.000  39.081 999.000 176.965 999.000   7.883 999.000 119.558 999.000   4.347 999.000
     104     PHE  59.368 999.000  38.196 999.000 177.485 999.000   8.771 999.000 117.929 999.000   4.131 999.000
     105     SER  61.784 999.000  62.665 999.000 176.318 999.000   8.662 999.000 115.925 999.000   4.454 999.000
     106     PHE  60.740 999.000  38.866 999.000 176.894 999.000   8.642 999.000 122.863 999.000   4.243 999.000
     107     GLY  47.627 999.000-999.000-999.000 176.226 999.000   8.260 999.000 106.473 999.000   3.802 999.000
     108     GLY  47.385 999.000-999.000-999.000 175.446 999.000   8.672 999.000 109.947 999.000   4.001 999.000
     109     ALA  54.876 999.000  18.271 999.000 179.073 999.000   8.209 999.000 124.530 999.000   4.095 999.000
     110     LEU  58.060 999.000  41.593 999.000 177.635 999.000   8.344 999.000 119.681 999.000   3.949 999.000
     111     CYS 999.000 999.000 999.000 999.000 999.000 999.000 999.000 999.000 999.000 999.000   4.011 999.000
     112     VAL  65.552 999.000  31.552 999.000 177.454 999.000   8.145 999.000 118.913 999.000   3.706 999.000
     113     GLU  58.166 999.000  29.342 999.000 177.477 999.000   8.019 999.000 118.941 999.000   4.143 999.000
     114     SER  58.994 999.000  63.825 999.000 175.287 999.000   7.795 999.000 113.405 999.000   4.511 999.000
     115     VAL  64.305 999.000  31.100 999.000 176.126 999.000   7.323 999.000 120.652 999.000   3.707 999.000
     116     ASP  54.395 999.000  40.227 999.000 176.650 999.000   7.984 999.000 119.253 999.000   4.574 999.000
     117     LYS  56.394 999.000  32.693 999.000 176.480 999.000   7.746 999.000 120.338 999.000   4.301 999.000
     118     GLU  55.573 999.000  29.413 999.000 176.418 999.000   8.497 999.000 120.770 999.000   4.426 999.000
     119     MET  57.738 999.000  31.484 999.000 177.613 999.000   8.403 999.000 120.219 999.000   4.082 999.000
     120     GLN  57.883 999.000  28.711 999.000 176.990 999.000   8.155 999.000 117.895 999.000   4.229 999.000
     121     VAL  62.359 999.000  33.679 999.000 176.855 999.000   7.863 999.000 114.068 999.000   4.351 999.000
     122     LEU  58.339 999.000  41.419 999.000 178.172 999.000   8.189 999.000 121.945 999.000   4.017 999.000
     123     VAL  66.222 999.000  31.262 999.000 178.150 999.000   7.979 999.000 117.442 999.000   3.570 999.000
     124     SER  61.587 999.000  62.958 999.000 176.395 999.000   7.807 999.000 115.906 999.000   4.334 999.000
     125     ARG  58.676 999.000  30.113 999.000 178.447 999.000   7.846 999.000 122.396 999.000   4.156 999.000
     126     ILE  65.225 999.000  37.763 999.000 177.321 999.000   8.790 999.000 120.795 999.000   3.940 999.000
     127     ALA  55.467 999.000  18.100 999.000 179.254 999.000   8.356 999.000 121.029 999.000   3.972 999.000
     128     ALA  55.244 999.000  18.140 999.000 179.098 999.000   7.811 999.000 120.953 999.000   4.012 999.000
     129     TRP  60.837 999.000  29.692 999.000 178.540 999.000   8.246 999.000 119.196 999.000   4.087 999.000
     130     MET  59.779 999.000  32.753 999.000 177.695 999.000   8.907 999.000 118.303 999.000   4.123 999.000
     131     ALA  55.283 999.000  18.303 999.000 178.448 999.000   8.414 999.000 121.482 999.000   4.172 999.000
     132     THR  66.742 999.000  67.946 999.000 175.933 999.000   7.975 999.000 116.097 999.000   3.923 999.000
     133     TYR  60.185 999.000  37.856 999.000 177.931 999.000   8.493 999.000 120.875 999.000   4.530 999.000
     134     LEU  58.648 999.000  41.672 999.000 177.508 999.000   8.816 999.000 120.471 999.000   3.995 999.000
     135     ASN  56.417 999.000  39.138 999.000 177.281 999.000   8.185 999.000 116.891 999.000   4.386 999.000
     136     ASP  56.082 999.000  40.813 999.000 176.943 999.000   8.203 999.000 118.267 999.000   4.479 999.000
     137     HIS  57.128 999.000  31.710 999.000 175.725 999.000   7.898 999.000 114.173 999.000   4.527 999.000
     138     LEU  56.269 999.000  43.102 999.000 177.516 999.000   8.277 999.000 117.444 999.000   4.487 999.000
     139     GLU  61.620 999.000  27.975 999.000 176.211 999.000   8.769 999.000 119.413 999.000   4.092 999.000
     140     PRO  65.508 999.000  31.385 999.000 178.258 999.000-999.000-999.000 999.000 999.000   4.199 999.000
     141     TRP  59.630 999.000  29.756 999.000 178.284 999.000   7.270 999.000 117.355 999.000   4.449 999.000
     142     ILE  65.092 999.000  37.650 999.000 177.466 999.000   8.171 999.000 119.809 999.000   3.811 999.000
     143     GLN  59.056 999.000  27.751 999.000 178.568 999.000   8.604 999.000 118.921 999.000   4.116 999.000
     144     GLU  58.346 999.000  29.575 999.000 177.807 999.000   7.694 999.000 118.762 999.000   4.068 999.000
     145     ASN  54.330 999.000  39.623 999.000 175.551 999.000   7.807 999.000 114.883 999.000   4.493 999.000
     146     GLY  45.562 999.000-999.000-999.000 174.414 999.000   7.747 999.000 106.918 999.000   4.106 999.000
     147     GLY  45.668 999.000-999.000-999.000 173.716 999.000   8.475 999.000 108.042 999.000   4.043 999.000
     148     TRP  60.797 999.000  29.447 999.000 177.853 999.000   8.878 999.000 124.114 999.000   4.578 999.000
     149     ASP  57.308 999.000  39.639 999.000 177.973 999.000   8.272 999.000 119.073 999.000   4.363 999.000
     150     THR  65.252 999.000  68.165 999.000 176.498 999.000   7.618 999.000 113.443 999.000   3.962 999.000
     151     PHE  60.102 999.000  38.809 999.000 177.792 999.000   7.671 999.000 120.015 999.000   4.319 999.000
     152     VAL  66.103 999.000  31.301 999.000 178.002 999.000   7.496 999.000 119.511 999.000   3.567 999.000
     153     GLU  59.285 999.000  29.226 999.000 178.630 999.000   8.064 999.000 119.776 999.000   3.905 999.000
     154     LEU  57.415 999.000  41.588 999.000 178.639 999.000   7.369 999.000 119.612 999.000   4.025 999.000
     155     TYR  59.838 999.000  38.361 999.000 177.635 999.000   7.876 999.000 118.117 999.000   4.360 999.000
     156     GLY  45.314 999.000-999.000-999.000 174.506 999.000   8.011 999.000 106.216 999.000   3.860 999.000
     157     ASN  53.730 999.000  37.925 999.000 175.504 999.000   7.864 999.000 117.383 999.000   4.400 999.000
     158     ASN  55.591 999.000  38.758 999.000 176.512 999.000   7.856 999.000 118.844 999.000   4.399 999.000
     159     ALA  54.728 999.000  18.389 999.000 179.140 999.000   8.272 999.000 121.723 999.000   4.145 999.000
     160     ALA  54.257 999.000  18.127 999.000 179.712 999.000   7.741 999.000 120.545 999.000   4.235 999.000
     161     ALA  54.582 999.000  18.131 999.000 179.959 999.000   7.575 999.000 120.535 999.000   4.214 999.000
     162     GLU  58.925 999.000  29.125 999.000 179.252 999.000   8.091 999.000 118.139 999.000   4.141 999.000
     163     SER  61.254 999.000  63.060 999.000 176.792 999.000   8.069 999.000 115.401 999.000   4.266 999.000
     164     ARG  58.309 999.000  29.586 999.000 178.627 999.000   7.829 999.000 121.918 999.000   4.157 999.000
     165     LYS  58.017 999.000  31.846 999.000 178.791 999.000   7.944 999.000 118.954 999.000   4.196 999.000
     166     GLY  45.976 999.000-999.000-999.000 175.376 999.000   7.903 999.000 107.380 999.000   3.935 999.000
     167     GLN  56.849 999.000  28.960 999.000 176.839 999.000   7.754 999.000 120.456 999.000   4.259 999.000
     168     GLU  57.163 999.000  29.955 999.000 176.909 999.000   7.761 999.000 118.818 999.000   4.303 999.000
     169     ARG 999.000 999.000 999.000 999.000 999.000 999.000 999.000 999.000 999.000 999.000 999.000 999.000
     630     GLU 999.000 999.000 999.000 999.000 999.000 999.000-999.000-999.000 999.000 999.000 999.000 999.000
     631     GLU 999.000 999.000 999.000 999.000 999.000 999.000 999.000 999.000 999.000 999.000 999.000 999.000
     632     GLN  54.700 999.000  28.053 999.000 176.364 999.000   7.775 999.000 119.842 999.000   4.273 999.000
     633     TRP  58.675 999.000  29.824 999.000 177.684 999.000   7.725 999.000 120.976 999.000   4.376 999.000
     634     ALA  54.745 999.000  18.132 999.000 178.924 999.000   8.388 999.000 121.546 999.000   4.143 999.000
     635     ARG  59.221 999.000  29.679 999.000 178.389 999.000   7.968 999.000 117.866 999.000   3.974 999.000
     636     GLU  58.882 999.000  29.296 999.000 178.975 999.000   7.622 999.000 119.065 999.000   4.163 999.000
     637     ILE  63.339 999.000  36.386 999.000 178.110 999.000   7.875 999.000 119.432 999.000   3.809 999.000
     638     GLY  47.648 999.000-999.000-999.000 176.034 999.000   8.455 999.000 107.809 999.000   3.772 999.000
     639     ALA  54.988 999.000  18.094 999.000 179.088 999.000   8.121 999.000 124.320 999.000   4.057 999.000
     640     GLN  58.872 999.000  28.440 999.000 178.506 999.000   7.836 999.000 118.141 999.000   3.744 999.000
     641     LEU  58.188 999.000  41.316 999.000 178.441 999.000   8.653 999.000 121.181 999.000   4.062 999.000
     642     ARG  59.468 999.000  29.840 999.000 178.699 999.000   8.419 999.000 119.126 999.000   3.902 999.000
     643     ARG  58.294 999.000  29.950 999.000 178.130 999.000   7.792 999.000 118.389 999.000   4.138 999.000
     644     MET  58.231 999.000  32.803 999.000 177.016 999.000   8.414 999.000 119.650 999.000   4.289 999.000
     645     ALA  52.571 999.000  18.739 999.000 176.556 999.000   7.919 999.000 119.035 999.000   4.312 999.000
     646     ASP  54.029 999.000  41.273 999.000 175.548 999.000   7.421 999.000 117.993 999.000   4.492 999.000
     647     ASP  54.080 999.000  41.403 999.000 176.708 999.000   8.353 999.000 123.714 999.000   4.575 999.000
     648     LEU  57.022 999.000  41.813 999.000 177.865 999.000   7.472 999.000 120.417 999.000   3.988 999.000
     649     ASN  54.107 999.000  38.045 999.000 175.816 999.000   8.049 999.000 115.725 999.000   4.476 999.000
     650     ALA  52.435 999.000  18.781 999.000 177.515 999.000   7.610 999.000 122.485 999.000   4.342 999.000
     651     GLN  56.758 999.000  29.092 999.000 175.769 999.000   7.623 999.000 118.952 999.000   4.041 999.000
     652     TYR  59.206 999.000  36.807 999.000 175.080 999.000   8.392 999.000 117.114 999.000   4.234 999.000
     653     GLU  57.671 999.000  30.389 999.000 176.740 999.000   7.849 999.000 119.361 999.000   4.282 999.000
     654     ARG 999.000 999.000 999.000 999.000 999.000 999.000 999.000 999.000 999.000 999.000 999.000 999.000
