   index residue  pre_ca  exp_ca  pre_cb  exp_cb   pre_c   exp_c   pre_h   exp_h   pre_n   exp_n  pre_ha  exp_ha
       1     MET 999.000 999.000 999.000 999.000 999.000 999.000-999.000-999.000 999.000 999.000 999.000 999.000
       2     SER 999.000 999.000 999.000 999.000 999.000 999.000 999.000 999.000 999.000 999.000 999.000 999.000
       3     GLN  57.480 999.000  28.065 999.000 177.491 999.000   8.413 999.000 121.439 999.000   4.282 999.000
       4     SER  60.807 999.000  62.968 999.000 176.093 999.000   8.415 999.000 115.199 999.000   4.228 999.000
       5     ASN  55.962 999.000  38.206 999.000 176.734 999.000   7.975 999.000 120.542 999.000   4.559 999.000
       6     ARG  59.286 999.000  29.785 999.000 177.995 999.000   7.834 999.000 120.790 999.000   4.159 999.000
       7     GLU  59.057 999.000  29.170 999.000 179.029 999.000   7.921 999.000 118.907 999.000   4.024 999.000
       8     LEU  57.802 999.000  41.591 999.000 178.512 999.000   7.591 999.000 119.962 999.000   4.009 999.000
       9     VAL  66.301 999.000  31.409 999.000 177.650 999.000   7.757 999.000 118.796 999.000   3.735 999.000
      10     VAL  67.080 999.000  31.233 999.000 176.389 999.000   8.404 999.000 119.683 999.000   3.062 999.000
      11     ASP  57.567 999.000  40.562 999.000 177.908 999.000   7.667 999.000 119.804 999.000   4.237 999.000
      12     PHE  61.393 999.000  39.480 999.000 176.940 999.000   7.621 999.000 121.102 999.000   4.177 999.000
      13     LEU  58.055 999.000  41.011 999.000 178.572 999.000   8.611 999.000 118.579 999.000   3.879 999.000
      14     SER  62.327 999.000  62.538 999.000 176.557 999.000   8.351 999.000 115.070 999.000   4.174 999.000
      15     TYR  61.447 999.000  38.096 999.000 177.110 999.000   8.069 999.000 123.886 999.000   4.244 999.000
      16     LYS  58.682 999.000  31.378 999.000 178.995 999.000   7.934 999.000 118.238 999.000   3.759 999.000
      17     LEU  57.672 999.000  41.660 999.000 178.891 999.000   8.472 999.000 119.143 999.000   4.237 999.000
      18     SER  61.539 999.000  62.958 999.000 177.209 999.000   8.427 999.000 115.945 999.000   4.212 999.000
      19     GLN  57.941 999.000  28.364 999.000 177.123 999.000   8.091 999.000 119.601 999.000   4.036 999.000
      20     LYS  55.432 999.000  32.346 999.000 176.430 999.000   7.317 999.000 116.584 999.000   4.285 999.000
      21     GLY  45.415 999.000-999.000-999.000 173.999 999.000   7.632 999.000 107.658 999.000   3.818 999.000
      22     TYR  56.706 999.000  39.751 999.000 175.346 999.000   7.858 999.000 119.835 999.000   4.796 999.000
      23     SER  56.935 999.000  64.373 999.000 174.869 999.000   8.336 999.000 116.421 999.000   4.625 999.000
      24     TRP  60.058 999.000  29.747 999.000 177.650 999.000   9.059 999.000 126.933 999.000   4.398 999.000
      25     SER  60.998 999.000  62.458 999.000 176.055 999.000   8.431 999.000 114.046 999.000   4.117 999.000
      26     GLN  57.170 999.000  28.782 999.000 176.218 999.000   7.323 999.000 120.857 999.000   3.952 999.000
      27     PHE  57.513 999.000  40.162 999.000 175.839 999.000   7.258 999.000 115.831 999.000   4.460 999.000
      28     SER  57.410 999.000  64.858 999.000 174.177 999.000   7.129 999.000 113.943 999.000   4.311 999.000
      29     ASP  53.964 999.000  40.835 999.000 176.971 999.000   8.370 999.000 122.607 999.000   4.578 999.000
      30     VAL  64.235 999.000  31.737 999.000 177.432 999.000   8.363 999.000 120.902 999.000   3.921 999.000
      31     GLU  58.189 999.000  29.072 999.000 177.487 999.000   8.479 999.000 119.980 999.000   4.139 999.000
      32     GLU  56.950 999.000  30.015 999.000 177.024 999.000   7.866 999.000 117.602 999.000   4.235 999.000
      33     ASN  53.258 999.000  38.547 999.000 175.499 999.000   7.629 999.000 118.378 999.000   4.677 999.000
      34     ARG  55.708 999.000  30.092 999.000 176.339 999.000   8.549 999.000 123.876 999.000   4.442 999.000
      35     THR  62.797 999.000  69.333 999.000 175.402 999.000   8.198 999.000 114.881 999.000   4.206 999.000
      36     GLU  56.937 999.000  29.920 999.000 176.365 999.000   8.382 999.000 120.585 999.000   4.277 999.000
      37     ALA  50.844 999.000  18.264 999.000 175.688 999.000   7.751 999.000 123.175 999.000   4.506 999.000
      38     PRO  62.820 999.000  32.390 999.000 176.707 999.000-999.000-999.000 999.000 999.000   4.548 999.000
      39     GLU  56.456 999.000  30.025 999.000 176.765 999.000   8.523 999.000 121.115 999.000   4.197 999.000
      40     GLY  45.307 999.000-999.000-999.000 174.914 999.000   8.581 999.000 110.120 999.000   4.078 999.000
      41     THR  63.134 999.000  69.489 999.000 175.757 999.000   8.396 999.000 113.623 999.000   4.221 999.000
      42     GLU  58.139 999.000  29.392 999.000 177.475 999.000   8.560 999.000 121.241 999.000   4.229 999.000
      43     SER  60.128 999.000  63.379 999.000 175.853 999.000   8.063 999.000 114.471 999.000   4.272 999.000
      44     GLU  59.377 999.000  28.981 999.000 178.460 999.000   7.824 999.000 123.104 999.000   3.941 999.000
      45     ALA  54.932 999.000  18.333 999.000 179.607 999.000   7.952 999.000 120.283 999.000   4.162 999.000
      46     VAL  65.527 999.000  31.433 999.000 177.726 999.000   7.466 999.000 119.345 999.000   3.612 999.000
      47     LYS  60.146 999.000  32.000 999.000 178.767 999.000   8.212 999.000 120.240 999.000   3.736 999.000
      48     GLN  58.756 999.000  28.189 999.000 178.209 999.000   8.194 999.000 118.548 999.000   3.966 999.000
      49     ALA  55.166 999.000  18.185 999.000 179.453 999.000   7.754 999.000 122.516 999.000   4.036 999.000
      50     LEU  58.121 999.000  41.498 999.000 178.826 999.000   8.434 999.000 118.806 999.000   4.005 999.000
      51     ARG  59.771 999.000  29.799 999.000 178.334 999.000   8.126 999.000 119.416 999.000   3.971 999.000
      52     GLU  58.969 999.000  29.221 999.000 178.878 999.000   8.142 999.000 118.617 999.000   4.105 999.000
      53     ALA  54.934 999.000  18.167 999.000 179.430 999.000   8.405 999.000 121.846 999.000   3.987 999.000
      54     GLY  47.217 999.000-999.000-999.000 175.424 999.000   8.489 999.000 106.446 999.000   4.057 999.000
      55     ASP  56.758 999.000  40.442 999.000 177.941 999.000   8.149 999.000 121.916 999.000   4.558 999.000
      56     GLU  58.634 999.000  29.736 999.000 178.253 999.000   7.845 999.000 119.899 999.000   4.216 999.000
      57     PHE  61.700 999.000  39.062 999.000 177.391 999.000   8.647 999.000 120.468 999.000   4.220 999.000
      58     GLU  58.764 999.000  29.272 999.000 178.263 999.000   8.297 999.000 117.745 999.000   4.034 999.000
      59     LEU  56.794 999.000  42.199 999.000 178.241 999.000   7.437 999.000 119.916 999.000   4.230 999.000
      60     ARG  58.171 999.000  30.464 999.000 177.348 999.000   7.848 999.000 117.697 999.000   3.935 999.000
      61     TYR  56.358 999.000  37.337 999.000 175.605 999.000   8.178 999.000 118.949 999.000   4.780 999.000
      62     ARG  58.701 999.000  30.015 999.000 176.789 999.000   7.962 999.000 120.879 999.000   4.070 999.000
      63     ARG  56.633 999.000  30.766 999.000 176.582 999.000   8.217 999.000 116.525 999.000   4.407 999.000
      64     ALA  54.948 999.000  18.173 999.000 179.059 999.000   8.224 999.000 121.718 999.000   4.044 999.000
      65     PHE  60.190 999.000  38.530 999.000 177.132 999.000   7.989 999.000 116.316 999.000   4.526 999.000
      66     SER  61.429 999.000  62.452 999.000 176.448 999.000   7.903 999.000 116.099 999.000   4.217 999.000
      67     ASP  56.752 999.000  39.939 999.000 178.572 999.000   8.390 999.000 122.367 999.000   4.481 999.000
      68     LEU  57.732 999.000  41.783 999.000 178.669 999.000   7.790 999.000 120.485 999.000   4.063 999.000
      69     THR  64.593 999.000  68.725 999.000 176.704 999.000   8.264 999.000 110.259 999.000   4.157 999.000
      70     SER  60.580 999.000  63.269 999.000 175.639 999.000   7.825 999.000 117.425 999.000   4.318 999.000
      71     GLN  57.075 999.000  28.919 999.000 176.721 999.000   7.565 999.000 120.452 999.000   4.227 999.000
      72     LEU  54.643 999.000  42.454 999.000 176.328 999.000   7.232 999.000 120.710 999.000   4.285 999.000
      73     HIS  55.627 999.000  29.524 999.000 175.564 999.000   8.522 999.000 125.082 999.000   4.625 999.000
      74     ILE  61.057 999.000  38.815 999.000 175.166 999.000   7.954 999.000 122.152 999.000   4.396 999.000
      75     THR  58.469 999.000  70.013 999.000 173.725 999.000   8.027 999.000 116.018 999.000   4.813 999.000
      76     PRO  64.673 999.000  31.672 999.000 177.702 999.000-999.000-999.000 999.000 999.000   4.413 999.000
      77     GLY  45.052 999.000-999.000-999.000 175.046 999.000   8.373 999.000 107.303 999.000   4.131 999.000
      78     THR  63.404 999.000  69.586 999.000 174.130 999.000   7.636 999.000 117.387 999.000   4.221 999.000
      79     ALA  50.842 999.000  21.171 999.000 176.743 999.000   8.573 999.000 128.479 999.000   4.682 999.000
      80     TYR  61.136 999.000  38.050 999.000 177.295 999.000   8.823 999.000 120.767 999.000   3.020 999.000
      81     GLN  58.752 999.000  27.813 999.000 178.136 999.000   8.401 999.000 118.097 999.000   3.845 999.000
      82     SER  60.707 999.000  62.961 999.000 175.917 999.000   7.582 999.000 114.546 999.000   4.265 999.000
      83     PHE  60.889 999.000  39.457 999.000 176.559 999.000   7.212 999.000 123.615 999.000   4.160 999.000
      84     GLU  59.805 999.000  29.255 999.000 178.300 999.000   8.405 999.000 119.018 999.000   3.483 999.000
      85     GLN  58.238 999.000  28.488 999.000 177.876 999.000   7.500 999.000 116.700 999.000   3.976 999.000
      86     VAL  64.691 999.000  32.252 999.000 177.564 999.000   6.993 999.000 118.790 999.000   3.707 999.000
      87     VAL  63.667 999.000  30.952 999.000 177.116 999.000   7.295 999.000 113.379 999.000   3.484 999.000
      88     ASN  56.414 999.000  38.925 999.000 176.239 999.000   8.125 999.000 119.954 999.000   4.317 999.000
      89     GLU  58.843 999.000  29.138 999.000 177.470 999.000   7.815 999.000 118.258 999.000   4.103 999.000
      90     LEU  54.706 999.000  40.870 999.000 175.433 999.000   7.232 999.000 116.654 999.000   4.348 999.000
      91     PHE  59.556 999.000  42.043 999.000 176.521 999.000   7.606 999.000 118.172 999.000   4.318 999.000
      92     ARG  58.797 999.000  29.760 999.000 176.559 999.000   8.804 999.000 119.215 999.000   3.915 999.000
      93     ASP  53.429 999.000  40.258 999.000 176.126 999.000   8.118 999.000 116.923 999.000   4.598 999.000
      94     GLY  44.923 999.000-999.000-999.000 173.255 999.000   7.551 999.000 108.499 999.000   3.919 999.000
      95     VAL  60.347 999.000  34.085 999.000 174.493 999.000   7.727 999.000 118.308 999.000   4.096 999.000
      96     ASN  51.972 999.000  40.922 999.000 174.881 999.000   7.507 999.000 120.070 999.000   4.213 999.000
      97     TRP  60.221 999.000  30.302 999.000 178.192 999.000   8.855 999.000 119.712 999.000   4.545 999.000
      98     GLY  47.034 999.000-999.000-999.000 175.869 999.000   8.884 999.000 107.117 999.000   4.152 999.000
      99     ARG  59.080 999.000  30.205 999.000 178.136 999.000   8.003 999.000 121.362 999.000   4.249 999.000
     100     ILE  64.991 999.000  37.719 999.000 177.555 999.000   7.945 999.000 120.260 999.000   3.919 999.000
     101     VAL  66.816 999.000  31.272 999.000 176.804 999.000   8.380 999.000 119.552 999.000   3.550 999.000
     102     ALA  55.565 999.000  18.029 999.000 178.701 999.000   8.415 999.000 122.604 999.000   3.831 999.000
     103     PHE  60.963 999.000  38.610 999.000 176.914 999.000   8.095 999.000 119.379 999.000   4.223 999.000
     104     PHE  62.772 999.000  38.793 999.000 177.612 999.000   8.584 999.000 118.344 999.000   3.639 999.000
     105     SER  61.916 999.000  62.586 999.000 176.408 999.000   8.492 999.000 115.383 999.000   4.239 999.000
     106     PHE  60.582 999.000  38.733 999.000 176.840 999.000   8.767 999.000 123.042 999.000   4.253 999.000
     107     GLY  47.508 999.000-999.000-999.000 176.209 999.000   8.227 999.000 106.355 999.000   3.686 999.000
     108     GLY  47.312 999.000-999.000-999.000 175.499 999.000   8.556 999.000 109.524 999.000   3.975 999.000
     109     ALA  54.785 999.000  18.389 999.000 178.913 999.000   7.991 999.000 124.342 999.000   4.143 999.000
     110     LEU  58.012 999.000  41.646 999.000 177.519 999.000   8.406 999.000 119.711 999.000   4.038 999.000
     111     CYS 999.000 999.000 999.000 999.000 999.000 999.000 999.000 999.000 999.000 999.000   3.938 999.000
     112     VAL  66.294 999.000  31.337 999.000 177.519 999.000   7.930 999.000 120.237 999.000   3.461 999.000
     113     GLU  59.487 999.000  29.126 999.000 178.354 999.000   8.415 999.000 120.662 999.000   3.991 999.000
     114     SER  62.078 999.000  63.041 999.000 176.213 999.000   8.110 999.000 115.367 999.000   4.090 999.000
     115     VAL  65.090 999.000  31.286 999.000 177.561 999.000   7.434 999.000 120.369 999.000   3.537 999.000
     116     ASP  56.373 999.000  41.254 999.000 177.675 999.000   7.820 999.000 119.932 999.000   4.421 999.000
     117     LYS  56.477 999.000  32.110 999.000 176.011 999.000   7.812 999.000 116.578 999.000   4.219 999.000
     118     GLU  57.357 999.000  27.253 999.000 175.668 999.000   7.906 999.000 115.611 999.000   3.974 999.000
     119     MET  54.870 999.000  31.687 999.000 176.037 999.000   8.359 999.000 118.913 999.000   4.681 999.000
     120     GLN  58.621 999.000  28.191 999.000 177.521 999.000   7.983 999.000 119.595 999.000   3.832 999.000
     121     VAL  63.873 999.000  31.650 999.000 177.197 999.000   7.711 999.000 117.217 999.000   3.891 999.000
     122     LEU  56.983 999.000  41.269 999.000 178.223 999.000   7.623 999.000 119.858 999.000   3.931 999.000
     123     VAL  66.392 999.000  31.232 999.000 177.825 999.000   7.308 999.000 118.612 999.000   3.303 999.000
     124     SER  61.464 999.000  62.922 999.000 176.381 999.000   8.108 999.000 114.884 999.000   4.121 999.000
     125     ARG  58.481 999.000  29.912 999.000 178.265 999.000   6.794 999.000 122.206 999.000   3.738 999.000
     126     ILE  65.711 999.000  37.779 999.000 177.397 999.000   8.180 999.000 120.742 999.000   3.004 999.000
     127     ALA  55.462 999.000  18.110 999.000 179.138 999.000   7.600 999.000 120.773 999.000   3.932 999.000
     128     ALA  54.992 999.000  18.404 999.000 178.948 999.000   7.274 999.000 121.032 999.000   4.152 999.000
     129     TRP  58.612 999.000  28.549 999.000 178.840 999.000   8.772 999.000 119.720 999.000   4.349 999.000
     130     MET  59.942 999.000  32.848 999.000 177.758 999.000   8.668 999.000 117.525 999.000   4.517 999.000
     131     ALA  55.227 999.000  18.275 999.000 178.656 999.000   8.087 999.000 121.736 999.000   4.170 999.000
     132     THR  66.804 999.000  67.973 999.000 175.572 999.000   8.470 999.000 116.096 999.000   4.010 999.000
     133     TYR  62.068 999.000  38.635 999.000 176.774 999.000   8.708 999.000 123.192 999.000   4.267 999.000
     134     LEU  58.584 999.000  41.445 999.000 177.852 999.000   8.706 999.000 119.040 999.000   3.926 999.000
     135     ASN  56.176 999.000  39.055 999.000 177.252 999.000   7.922 999.000 116.505 999.000   4.360 999.000
     136     ASP  56.060 999.000  40.830 999.000 176.956 999.000   8.173 999.000 118.418 999.000   4.381 999.000
     137     HIS  57.380 999.000  31.782 999.000 175.937 999.000   7.840 999.000 114.190 999.000   4.261 999.000
     138     LEU  56.135 999.000  42.523 999.000 177.726 999.000   7.768 999.000 116.413 999.000   4.249 999.000
     139     GLU  61.735 999.000  28.143 999.000 176.151 999.000   8.797 999.000 119.658 999.000   3.987 999.000
     140     PRO  65.449 999.000  31.415 999.000 178.042 999.000-999.000-999.000 999.000 999.000   4.205 999.000
     141     TRP  60.619 999.000  29.477 999.000 177.840 999.000   7.253 999.000 118.669 999.000   4.203 999.000
     142     ILE  65.585 999.000  37.958 999.000 177.442 999.000   8.355 999.000 119.668 999.000   3.165 999.000
     143     GLN  58.905 999.000  28.186 999.000 178.533 999.000   8.366 999.000 118.293 999.000   3.948 999.000
     144     GLU  58.346 999.000  29.607 999.000 177.809 999.000   7.627 999.000 119.064 999.000   4.001 999.000
     145     ASN  54.011 999.000  39.238 999.000 175.200 999.000   7.591 999.000 115.374 999.000   4.432 999.000
     146     GLY  45.168 999.000-999.000-999.000 174.809 999.000   7.799 999.000 108.096 999.000   4.147 999.000
     147     GLY  44.284 999.000-999.000-999.000 173.756 999.000   8.216 999.000 107.640 999.000   4.076 999.000
     148     TRP  59.582 999.000  29.911 999.000 177.562 999.000   8.720 999.000 119.859 999.000   4.629 999.000
     149     ASP  56.868 999.000  39.727 999.000 178.185 999.000   8.458 999.000 119.349 999.000   4.417 999.000
     150     THR  65.446 999.000  68.521 999.000 175.974 999.000   7.655 999.000 116.287 999.000   4.055 999.000
     151     PHE  60.511 999.000  39.560 999.000 176.619 999.000   7.504 999.000 122.639 999.000   3.831 999.000
     152     VAL  65.205 999.000  31.346 999.000 177.627 999.000   8.038 999.000 117.305 999.000   3.759 999.000
     153     GLU  57.949 999.000  29.667 999.000 177.231 999.000   7.498 999.000 118.794 999.000   4.086 999.000
     154     LEU  56.259 999.000  43.202 999.000 176.957 999.000   7.066 999.000 117.990 999.000   4.022 999.000
     155     TYR  57.689 999.000  40.586 999.000 175.533 999.000   7.880 999.000 115.030 999.000   4.511 999.000
     156     GLY  44.661 999.000-999.000-999.000 174.211 999.000   7.967 999.000 106.856 999.000   4.047 999.000
     157     ASN  55.815 999.000  38.410 999.000 176.967 999.000   8.852 999.000 118.967 999.000   4.336 999.000
     158     ASN  55.163 999.000  38.125 999.000 176.717 999.000   8.411 999.000 117.131 999.000   4.532 999.000
     159     ALA  54.561 999.000  18.300 999.000 179.330 999.000   7.557 999.000 123.192 999.000   4.092 999.000
     160     ALA  54.548 999.000  18.012 999.000 179.612 999.000   7.926 999.000 120.487 999.000   4.124 999.000
     161     ALA  54.760 999.000  17.959 999.000 180.036 999.000   7.810 999.000 120.658 999.000   4.150 999.000
     162     GLU  59.025 999.000  29.006 999.000 179.270 999.000   7.931 999.000 118.100 999.000   4.127 999.000
     163     SER  61.018 999.000  63.027 999.000 176.908 999.000   7.962 999.000 115.421 999.000   4.275 999.000
     164     ARG  58.637 999.000  29.645 999.000 178.548 999.000   8.025 999.000 122.131 999.000   4.139 999.000
     165     LYS  58.322 999.000  31.758 999.000 178.932 999.000   7.959 999.000 119.158 999.000   4.161 999.000
     166     GLY  46.220 999.000-999.000-999.000 175.642 999.000   7.920 999.000 107.381 999.000   3.953 999.000
     167     GLN  57.305 999.000  28.820 999.000 177.339 999.000   7.876 999.000 120.387 999.000   4.232 999.000
     168     GLU  57.342 999.000  29.587 999.000 177.195 999.000   7.695 999.000 118.633 999.000   4.281 999.000
     169     ARG 999.000 999.000 999.000 999.000 999.000 999.000 999.000 999.000 999.000 999.000 999.000 999.000
