   index residue  pre_ca  exp_ca  pre_cb  exp_cb   pre_c   exp_c   pre_h   exp_h   pre_n   exp_n  pre_ha  exp_ha
       1     MET 999.000 999.000 999.000 999.000 999.000 999.000-999.000-999.000 999.000 999.000 999.000 999.000
       2     SER 999.000 999.000 999.000 999.000 999.000 999.000 999.000 999.000 999.000 999.000 999.000 999.000
       3     GLN  57.834 999.000  28.487 999.000 177.697 999.000   8.229 999.000 120.215 999.000   4.158 999.000
       4     SER  60.765 999.000  62.976 999.000 176.161 999.000   7.732 999.000 115.648 999.000   4.073 999.000
       5     ASN  55.752 999.000  38.381 999.000 176.719 999.000   8.130 999.000 120.703 999.000   4.522 999.000
       6     ARG  59.257 999.000  29.945 999.000 177.871 999.000   7.860 999.000 120.239 999.000   4.065 999.000
       7     GLU  59.062 999.000  29.226 999.000 178.881 999.000   7.808 999.000 118.902 999.000   4.003 999.000
       8     LEU  57.774 999.000  41.445 999.000 178.572 999.000   7.618 999.000 119.490 999.000   4.153 999.000
       9     VAL  66.255 999.000  31.288 999.000 177.631 999.000   7.510 999.000 119.291 999.000   3.017 999.000
      10     VAL  67.095 999.000  31.232 999.000 176.305 999.000   8.065 999.000 119.546 999.000   3.717 999.000
      11     ASP  57.561 999.000  41.208 999.000 177.451 999.000   7.888 999.000 120.073 999.000   4.411 999.000
      12     PHE  61.518 999.000  39.638 999.000 177.329 999.000   8.144 999.000 120.517 999.000   4.234 999.000
      13     LEU  58.305 999.000  41.216 999.000 178.615 999.000   8.739 999.000 118.597 999.000   4.093 999.000
      14     SER  62.314 999.000  62.557 999.000 176.508 999.000   8.547 999.000 115.100 999.000   4.360 999.000
      15     TYR  60.981 999.000  37.859 999.000 177.007 999.000   8.563 999.000 124.309 999.000   4.333 999.000
      16     LYS  58.529 999.000  31.388 999.000 179.137 999.000   8.138 999.000 118.406 999.000   3.778 999.000
      17     LEU  58.061 999.000  41.534 999.000 178.656 999.000   8.513 999.000 119.838 999.000   4.039 999.000
      18     SER  61.774 999.000  62.798 999.000 177.154 999.000   8.451 999.000 115.947 999.000   4.265 999.000
      19     GLN  57.823 999.000  28.534 999.000 177.491 999.000   8.038 999.000 120.454 999.000   4.046 999.000
      20     LYS  56.381 999.000  32.682 999.000 177.166 999.000   7.293 999.000 117.792 999.000   4.067 999.000
      21     GLY  45.551 999.000-999.000-999.000 174.036 999.000   7.509 999.000 107.741 999.000   3.984 999.000
      22     TYR  54.488 999.000  40.157 999.000 175.199 999.000   8.326 999.000 119.534 999.000   4.797 999.000
      23     SER  56.367 999.000  66.095 999.000 174.521 999.000   8.671 999.000 113.128 999.000   4.759 999.000
      24     TRP  59.871 999.000  29.721 999.000 176.480 999.000   8.543 999.000 121.002 999.000   4.205 999.000
      25     SER  58.676 999.000  64.443 999.000 173.742 999.000   8.007 999.000 111.091 999.000   4.427 999.000
      26     GLN  54.535 999.000  31.973 999.000 174.941 999.000   7.551 999.000 119.720 999.000   4.351 999.000
      27     PHE  58.040 999.000  37.746 999.000 175.630 999.000   8.357 999.000 120.742 999.000   4.029 999.000
      28     SER  57.095 999.000  65.130 999.000 174.049 999.000   7.402 999.000 113.617 999.000   4.755 999.000
      29     ASP  54.723 999.000  39.640 999.000 176.913 999.000   8.627 999.000 124.065 999.000   4.442 999.000
      30     VAL  63.164 999.000  32.030 999.000 176.454 999.000   7.844 999.000 117.577 999.000   4.011 999.000
      31     GLU  56.227 999.000  30.270 999.000 176.207 999.000   8.114 999.000 120.733 999.000   4.309 999.000
      32     GLU  56.659 999.000  30.353 999.000 176.502 999.000   8.202 999.000 119.925 999.000   4.242 999.000
      33     ASN  53.339 999.000  38.374 999.000 175.503 999.000   8.624 999.000 118.852 999.000   4.638 999.000
      34     ARG  55.896 999.000  30.677 999.000 176.333 999.000   8.098 999.000 119.861 999.000   4.346 999.000
      35     THR  61.640 999.000  70.072 999.000 174.953 999.000   8.215 999.000 115.275 999.000   4.350 999.000
      36     GLU  56.610 999.000  30.024 999.000 175.943 999.000   8.618 999.000 123.045 999.000   4.207 999.000
      37     ALA  50.908 999.000  18.211 999.000 175.641 999.000   8.262 999.000 124.813 999.000   4.419 999.000
      38     PRO  62.875 999.000  32.367 999.000 176.897 999.000-999.000-999.000 999.000 999.000   4.523 999.000
      39     GLU  56.784 999.000  29.952 999.000 177.077 999.000   8.600 999.000 121.674 999.000   4.183 999.000
      40     GLY  45.398 999.000-999.000-999.000 174.918 999.000   8.603 999.000 110.115 999.000   4.079 999.000
      41     THR  62.275 999.000  69.992 999.000 175.214 999.000   7.682 999.000 114.562 999.000   4.330 999.000
      42     GLU  58.954 999.000  29.343 999.000 177.596 999.000   8.991 999.000 123.082 999.000   4.039 999.000
      43     SER  60.803 999.000  63.210 999.000 175.983 999.000   8.432 999.000 114.121 999.000   4.367 999.000
      44     GLU  59.035 999.000  29.075 999.000 178.292 999.000   7.964 999.000 122.684 999.000   4.021 999.000
      45     ALA  54.982 999.000  18.314 999.000 179.418 999.000   7.533 999.000 120.929 999.000   3.877 999.000
      46     VAL  66.089 999.000  31.240 999.000 177.853 999.000   7.357 999.000 118.915 999.000   3.546 999.000
      47     LYS  60.253 999.000  31.991 999.000 178.798 999.000   8.049 999.000 119.624 999.000   3.906 999.000
      48     GLN  58.755 999.000  28.108 999.000 178.199 999.000   8.182 999.000 118.886 999.000   3.947 999.000
      49     ALA  54.990 999.000  18.135 999.000 179.612 999.000   7.872 999.000 122.190 999.000   4.076 999.000
      50     LEU  57.676 999.000  41.552 999.000 178.805 999.000   8.161 999.000 118.939 999.000   4.134 999.000
      51     ARG  59.576 999.000  29.727 999.000 178.716 999.000   8.031 999.000 119.237 999.000   3.944 999.000
      52     GLU  58.973 999.000  29.331 999.000 178.759 999.000   8.259 999.000 119.134 999.000   4.086 999.000
      53     ALA  54.522 999.000  18.201 999.000 179.613 999.000   8.067 999.000 121.601 999.000   4.184 999.000
      54     GLY  47.048 999.000-999.000-999.000 175.421 999.000   8.387 999.000 106.641 999.000   4.201 999.000
      55     ASP  56.300 999.000  40.471 999.000 177.697 999.000   8.119 999.000 121.507 999.000   4.593 999.000
      56     GLU  58.265 999.000  29.786 999.000 177.811 999.000   7.701 999.000 119.788 999.000   4.167 999.000
      57     PHE  60.525 999.000  39.406 999.000 176.737 999.000   8.156 999.000 119.102 999.000   4.315 999.000
      58     GLU  56.437 999.000  29.843 999.000 177.191 999.000   7.777 999.000 117.255 999.000   4.192 999.000
      59     LEU  55.363 999.000  41.867 999.000 177.031 999.000   7.801 999.000 121.607 999.000   4.193 999.000
      60     ARG  56.877 999.000  29.038 999.000 175.768 999.000   8.763 999.000 123.630 999.000   3.906 999.000
      61     TYR  58.569 999.000  35.885 999.000 175.338 999.000   7.865 999.000 115.985 999.000   4.188 999.000
      62     ARG  56.861 999.000  30.816 999.000 176.359 999.000   7.487 999.000 119.384 999.000   4.258 999.000
      63     ARG  56.495 999.000  30.714 999.000 175.859 999.000   8.082 999.000 117.380 999.000   4.203 999.000
      64     ALA  51.796 999.000  19.133 999.000 177.013 999.000   7.747 999.000 121.935 999.000   4.222 999.000
      65     PHE  57.145 999.000  38.947 999.000 176.593 999.000   8.353 999.000 119.074 999.000   4.628 999.000
      66     SER  61.449 999.000  62.630 999.000 175.785 999.000   8.827 999.000 118.666 999.000   4.178 999.000
      67     ASP  56.009 999.000  39.970 999.000 176.824 999.000   8.406 999.000 121.026 999.000   4.438 999.000
      68     LEU  55.433 999.000  43.107 999.000 177.292 999.000   7.575 999.000 117.713 999.000   4.533 999.000
      69     THR  62.598 999.000  70.273 999.000 175.170 999.000   7.706 999.000 108.751 999.000   4.390 999.000
      70     SER  59.659 999.000  64.072 999.000 174.723 999.000   8.431 999.000 115.426 999.000   4.525 999.000
      71     GLN  55.140 999.000  27.965 999.000 175.824 999.000   8.118 999.000 121.500 999.000   4.434 999.000
      72     LEU  55.036 999.000  41.828 999.000 176.676 999.000   7.716 999.000 121.312 999.000   4.288 999.000
      73     HIS  55.709 999.000  30.304 999.000 175.334 999.000   8.611 999.000 122.655 999.000   4.654 999.000
      74     ILE  60.744 999.000  38.155 999.000 176.212 999.000   8.231 999.000 124.079 999.000   4.169 999.000
      75     THR  60.400 999.000  68.903 999.000 173.998 999.000   7.985 999.000 121.934 999.000   4.045 999.000
      76     PRO  63.392 999.000  32.298 999.000 176.950 999.000-999.000-999.000 999.000 999.000   4.333 999.000
      77     GLY  44.811 999.000-999.000-999.000 174.100 999.000   8.252 999.000 108.181 999.000   4.069 999.000
      78     THR  62.409 999.000  69.837 999.000 175.039 999.000   8.119 999.000 111.700 999.000   4.142 999.000
      79     ALA  52.401 999.000  19.553 999.000 177.075 999.000   7.986 999.000 124.004 999.000   4.220 999.000
      80     TYR  58.552 999.000  38.517 999.000 176.575 999.000   8.223 999.000 115.584 999.000   4.357 999.000
      81     GLN  58.139 999.000  28.118 999.000 177.410 999.000   7.970 999.000 119.902 999.000   3.977 999.000
      82     SER  60.623 999.000  63.137 999.000 175.821 999.000   7.894 999.000 115.088 999.000   4.251 999.000
      83     PHE  60.316 999.000  38.352 999.000 177.384 999.000   7.831 999.000 123.563 999.000   4.332 999.000
      84     GLU  59.798 999.000  29.398 999.000 178.193 999.000   7.502 999.000 120.277 999.000   3.474 999.000
      85     GLN  57.494 999.000  28.007 999.000 177.471 999.000   7.584 999.000 116.152 999.000   3.966 999.000
      86     VAL  65.474 999.000  32.069 999.000 176.949 999.000   7.159 999.000 119.617 999.000   3.669 999.000
      87     VAL  62.525 999.000  32.078 999.000 176.836 999.000   7.245 999.000 113.490 999.000   3.752 999.000
      88     ASN  55.707 999.000  38.258 999.000 175.752 999.000   7.921 999.000 118.884 999.000   3.759 999.000
      89     GLU  56.398 999.000  31.075 999.000 176.728 999.000   7.694 999.000 115.756 999.000   4.314 999.000
      90     LEU  57.284 999.000  41.897 999.000 176.851 999.000   7.452 999.000 119.877 999.000   3.660 999.000
      91     PHE  57.455 999.000  39.363 999.000 176.157 999.000   7.578 999.000 112.957 999.000   4.563 999.000
      92     ARG  58.345 999.000  30.004 999.000 176.819 999.000   7.591 999.000 119.820 999.000   3.285 999.000
      93     ASP  53.993 999.000  40.891 999.000 176.124 999.000   7.734 999.000 116.008 999.000   4.492 999.000
      94     GLY  45.311 999.000-999.000-999.000 173.194 999.000   7.298 999.000 108.297 999.000   3.975 999.000
      95     VAL  61.107 999.000  30.114 999.000 175.590 999.000   8.003 999.000 117.319 999.000   4.283 999.000
      96     ASN  53.189 999.000  39.484 999.000 175.885 999.000   7.776 999.000 120.276 999.000   4.423 999.000
      97     TRP  59.675 999.000  29.100 999.000 177.401 999.000   8.436 999.000 124.890 999.000   4.278 999.000
      98     GLY  47.745 999.000-999.000-999.000 175.430 999.000   7.811 999.000 107.916 999.000   3.707 999.000
      99     ARG  59.198 999.000  30.096 999.000 178.079 999.000   7.878 999.000 120.654 999.000   4.056 999.000
     100     ILE  64.993 999.000  37.479 999.000 177.417 999.000   7.520 999.000 119.901 999.000   3.715 999.000
     101     VAL  66.831 999.000  31.155 999.000 176.799 999.000   8.490 999.000 119.019 999.000   3.105 999.000
     102     ALA  55.419 999.000  18.056 999.000 178.197 999.000   8.150 999.000 122.374 999.000   3.816 999.000
     103     PHE  60.525 999.000  39.060 999.000 176.850 999.000   7.966 999.000 119.422 999.000   4.427 999.000
     104     PHE  58.597 999.000  37.789 999.000 177.713 999.000   8.927 999.000 118.199 999.000   4.242 999.000
     105     SER  61.776 999.000  62.688 999.000 176.314 999.000   8.545 999.000 115.966 999.000   4.491 999.000
     106     PHE  60.567 999.000  38.821 999.000 176.826 999.000   8.618 999.000 122.968 999.000   4.358 999.000
     107     GLY  47.622 999.000-999.000-999.000 176.224 999.000   8.470 999.000 106.612 999.000   3.681 999.000
     108     GLY  47.283 999.000-999.000-999.000 175.445 999.000   8.620 999.000 109.776 999.000   3.961 999.000
     109     ALA  54.835 999.000  18.353 999.000 178.952 999.000   8.124 999.000 124.685 999.000   4.129 999.000
     110     LEU  58.053 999.000  41.539 999.000 178.341 999.000   8.325 999.000 119.391 999.000   3.939 999.000
     111     CYS 999.000 999.000 999.000 999.000 999.000 999.000 999.000 999.000 999.000 999.000   4.096 999.000
     112     VAL  65.073 999.000  31.972 999.000 177.246 999.000   8.057 999.000 119.325 999.000   3.862 999.000
     113     GLU  56.705 999.000  29.052 999.000 176.980 999.000   8.382 999.000 117.017 999.000   4.305 999.000
     114     SER  58.456 999.000  63.522 999.000 174.590 999.000   7.510 999.000 115.395 999.000   4.470 999.000
     115     VAL  63.334 999.000  32.416 999.000 175.664 999.000   8.194 999.000 119.818 999.000   3.966 999.000
     116     ASP  54.284 999.000  40.591 999.000 176.518 999.000   8.306 999.000 118.067 999.000   4.636 999.000
     117     LYS  55.934 999.000  33.101 999.000 176.304 999.000   7.602 999.000 120.775 999.000   4.341 999.000
     118     GLU  56.171 999.000  29.906 999.000 176.738 999.000   8.721 999.000 121.546 999.000   4.276 999.000
     119     MET  57.642 999.000  31.198 999.000 177.803 999.000   8.804 999.000 124.698 999.000   4.062 999.000
     120     GLN  57.866 999.000  28.410 999.000 176.832 999.000   8.244 999.000 117.793 999.000   4.157 999.000
     121     VAL  61.933 999.000  33.718 999.000 176.919 999.000   7.521 999.000 113.738 999.000   4.338 999.000
     122     LEU  58.585 999.000  41.653 999.000 177.792 999.000   7.982 999.000 122.079 999.000   3.938 999.000
     123     VAL  66.291 999.000  31.318 999.000 178.051 999.000   7.845 999.000 117.764 999.000   3.351 999.000
     124     SER  61.798 999.000  62.890 999.000 176.631 999.000   7.766 999.000 116.207 999.000   4.345 999.000
     125     ARG  58.967 999.000  29.934 999.000 178.500 999.000   7.956 999.000 122.405 999.000   3.994 999.000
     126     ILE  64.972 999.000  37.460 999.000 177.524 999.000   8.430 999.000 120.572 999.000   3.749 999.000
     127     ALA  55.505 999.000  18.100 999.000 179.246 999.000   8.596 999.000 121.241 999.000   3.972 999.000
     128     ALA  55.343 999.000  18.167 999.000 178.891 999.000   7.801 999.000 121.189 999.000   3.997 999.000
     129     TRP  60.295 999.000  29.770 999.000 178.695 999.000   8.324 999.000 119.323 999.000   4.232 999.000
     130     MET  59.812 999.000  32.785 999.000 177.580 999.000   8.886 999.000 118.031 999.000   4.352 999.000
     131     ALA  55.269 999.000  18.235 999.000 178.536 999.000   8.403 999.000 121.426 999.000   4.125 999.000
     132     THR  66.601 999.000  68.038 999.000 176.210 999.000   8.186 999.000 115.313 999.000   3.935 999.000
     133     TYR  59.411 999.000  38.118 999.000 177.765 999.000   8.324 999.000 120.045 999.000   4.666 999.000
     134     LEU  58.025 999.000  41.346 999.000 177.644 999.000   8.929 999.000 119.489 999.000   4.130 999.000
     135     ASN  56.339 999.000  39.035 999.000 176.890 999.000   8.104 999.000 116.414 999.000   4.442 999.000
     136     ASP  55.622 999.000  41.114 999.000 176.800 999.000   7.604 999.000 117.993 999.000   4.528 999.000
     137     HIS  56.292 999.000  31.427 999.000 174.773 999.000   8.080 999.000 113.720 999.000   4.764 999.000
     138     LEU  56.268 999.000  43.954 999.000 176.821 999.000   8.182 999.000 120.186 999.000   4.524 999.000
     139     GLU  61.729 999.000  27.886 999.000 176.327 999.000   8.589 999.000 118.237 999.000   4.000 999.000
     140     PRO  65.359 999.000  31.360 999.000 178.149 999.000-999.000-999.000 999.000 999.000   4.176 999.000
     141     TRP  58.215 999.000  30.074 999.000 178.415 999.000   7.075 999.000 116.645 999.000   4.647 999.000
     142     ILE  64.745 999.000  37.283 999.000 177.290 999.000   8.183 999.000 120.012 999.000   3.751 999.000
     143     GLN  59.032 999.000  27.760 999.000 178.698 999.000   8.350 999.000 119.040 999.000   4.100 999.000
     144     GLU  58.430 999.000  29.476 999.000 177.895 999.000   7.846 999.000 118.774 999.000   4.103 999.000
     145     ASN  54.461 999.000  39.683 999.000 175.649 999.000   7.843 999.000 115.248 999.000   4.546 999.000
     146     GLY  45.500 999.000-999.000-999.000 173.952 999.000   7.779 999.000 106.285 999.000   4.126 999.000
     147     GLY  44.804 999.000-999.000-999.000 173.460 999.000   8.310 999.000 107.723 999.000   4.135 999.000
     148     TRP  60.379 999.000  29.561 999.000 177.667 999.000   9.011 999.000 123.428 999.000   4.562 999.000
     149     ASP  57.233 999.000  39.818 999.000 177.779 999.000   8.326 999.000 119.220 999.000   4.294 999.000
     150     THR  65.057 999.000  68.428 999.000 176.103 999.000   7.711 999.000 113.686 999.000   3.979 999.000
     151     PHE  60.141 999.000  39.547 999.000 177.536 999.000   7.684 999.000 121.029 999.000   4.327 999.000
     152     VAL  65.559 999.000  31.044 999.000 177.722 999.000   7.666 999.000 117.650 999.000   3.523 999.000
     153     GLU  58.851 999.000  28.908 999.000 178.376 999.000   7.513 999.000 120.539 999.000   3.853 999.000
     154     LEU  57.302 999.000  41.648 999.000 177.906 999.000   7.142 999.000 120.009 999.000   3.627 999.000
     155     TYR  58.000 999.000  38.906 999.000 176.794 999.000   7.597 999.000 117.772 999.000   4.479 999.000
     156     GLY  45.228 999.000-999.000-999.000 174.456 999.000   7.839 999.000 106.678 999.000   3.780 999.000
     157     ASN  53.318 999.000  39.004 999.000 175.675 999.000   7.989 999.000 117.783 999.000   4.559 999.000
     158     ASN  54.125 999.000  38.985 999.000 176.098 999.000   8.176 999.000 118.623 999.000   4.529 999.000
     159     ALA  54.907 999.000  18.510 999.000 179.148 999.000   8.404 999.000 122.573 999.000   4.063 999.000
     160     ALA  54.076 999.000  18.119 999.000 179.634 999.000   7.641 999.000 120.175 999.000   4.228 999.000
     161     ALA  54.195 999.000  18.198 999.000 179.710 999.000   7.528 999.000 120.573 999.000   4.203 999.000
     162     GLU  58.778 999.000  29.189 999.000 178.978 999.000   7.995 999.000 118.069 999.000   4.077 999.000
     163     SER  60.971 999.000  63.129 999.000 176.303 999.000   7.848 999.000 114.809 999.000   4.262 999.000
     164     ARG  57.623 999.000  29.905 999.000 177.912 999.000   7.573 999.000 121.728 999.000   4.255 999.000
     165     LYS  57.185 999.000  32.275 999.000 178.139 999.000   7.754 999.000 119.081 999.000   4.235 999.000
     166     GLY  45.401 999.000-999.000-999.000 174.483 999.000   7.821 999.000 106.900 999.000   3.955 999.000
     167     GLN  56.314 999.000  29.299 999.000 176.395 999.000   7.880 999.000 119.495 999.000   4.298 999.000
     168     GLU  56.940 999.000  29.785 999.000 176.522 999.000   7.989 999.000 118.904 999.000   4.286 999.000
     169     ARG 999.000 999.000 999.000 999.000 999.000 999.000 999.000 999.000 999.000 999.000 999.000 999.000
     630     GLU 999.000 999.000 999.000 999.000 999.000 999.000-999.000-999.000 999.000 999.000 999.000 999.000
     631     GLU 999.000 999.000 999.000 999.000 999.000 999.000 999.000 999.000 999.000 999.000 999.000 999.000
     632     GLN  57.485 999.000  28.083 999.000 177.530 999.000   8.159 999.000 118.623 999.000   4.143 999.000
     633     TRP  60.349 999.000  28.872 999.000 177.779 999.000   7.940 999.000 121.170 999.000   4.288 999.000
     634     ALA  55.078 999.000  18.140 999.000 179.178 999.000   7.967 999.000 120.980 999.000   3.706 999.000
     635     ARG  59.333 999.000  29.742 999.000 178.551 999.000   8.039 999.000 118.096 999.000   3.945 999.000
     636     GLU  59.018 999.000  29.409 999.000 179.029 999.000   7.679 999.000 119.600 999.000   4.073 999.000
     637     ILE  63.840 999.000  36.712 999.000 178.029 999.000   7.927 999.000 119.619 999.000   3.587 999.000
     638     GLY  47.617 999.000-999.000-999.000 176.020 999.000   8.354 999.000 107.624 999.000   3.748 999.000
     639     ALA  54.803 999.000  18.201 999.000 178.930 999.000   7.922 999.000 124.225 999.000   4.043 999.000
     640     GLN  58.871 999.000  28.305 999.000 178.418 999.000   7.910 999.000 118.468 999.000   3.919 999.000
     641     LEU  58.169 999.000  41.327 999.000 178.698 999.000   8.565 999.000 120.230 999.000   3.934 999.000
     642     ARG  59.299 999.000  29.914 999.000 178.526 999.000   7.912 999.000 118.479 999.000   3.909 999.000
     643     ARG  58.069 999.000  30.017 999.000 178.065 999.000   7.721 999.000 118.509 999.000   4.164 999.000
     644     MET  58.176 999.000  32.893 999.000 176.881 999.000   8.298 999.000 118.799 999.000   3.932 999.000
     645     ALA  52.137 999.000  19.251 999.000 176.504 999.000   7.488 999.000 119.649 999.000   4.351 999.000
     646     ASP  53.888 999.000  41.442 999.000 175.954 999.000   7.673 999.000 117.705 999.000   4.498 999.000
     647     ASP  54.133 999.000  41.016 999.000 176.599 999.000   8.387 999.000 121.811 999.000   4.466 999.000
     648     LEU  55.692 999.000  42.032 999.000 177.019 999.000   7.878 999.000 120.031 999.000   4.111 999.000
     649     ASN  53.295 999.000  38.795 999.000 175.353 999.000   8.180 999.000 117.088 999.000   4.556 999.000
     650     ALA  52.404 999.000  19.375 999.000 177.282 999.000   7.955 999.000 121.869 999.000   4.228 999.000
     651     GLN  56.265 999.000  29.126 999.000 176.037 999.000   8.129 999.000 118.193 999.000   4.112 999.000
     652     TYR  58.259 999.000  38.606 999.000 175.495 999.000   8.250 999.000 118.329 999.000   4.510 999.000
     653     GLU  56.974 999.000  30.249 999.000 176.488 999.000   8.156 999.000 119.776 999.000   4.248 999.000
     654     ARG 999.000 999.000 999.000 999.000 999.000 999.000 999.000 999.000 999.000 999.000 999.000 999.000
