   index residue  pre_ca  exp_ca  pre_cb  exp_cb   pre_c   exp_c   pre_h   exp_h   pre_n   exp_n  pre_ha  exp_ha
       1     MET 999.000 999.000 999.000 999.000 999.000 999.000-999.000-999.000 999.000 999.000 999.000 999.000
       2     SER 999.000 999.000 999.000 999.000 999.000 999.000 999.000 999.000 999.000 999.000 999.000 999.000
       3     GLN  58.188 999.000  27.928 999.000 178.042 999.000   8.311 999.000 121.115 999.000   4.146 999.000
       4     SER  60.864 999.000  62.923 999.000 176.398 999.000   7.881 999.000 116.142 999.000   4.192 999.000
       5     ASN  55.411 999.000  37.918 999.000 176.571 999.000   8.491 999.000 120.997 999.000   4.673 999.000
       6     ARG  59.647 999.000  29.700 999.000 177.799 999.000   8.218 999.000 121.401 999.000   4.047 999.000
       7     GLU  59.142 999.000  29.222 999.000 178.878 999.000   7.843 999.000 118.313 999.000   4.055 999.000
       8     LEU  57.378 999.000  41.471 999.000 178.753 999.000   7.463 999.000 119.160 999.000   4.169 999.000
       9     VAL  66.566 999.000  31.286 999.000 177.606 999.000   8.051 999.000 119.767 999.000   3.326 999.000
      10     VAL  66.758 999.000  31.109 999.000 176.651 999.000   8.258 999.000 118.201 999.000   3.615 999.000
      11     ASP  57.410 999.000  41.241 999.000 177.325 999.000   7.700 999.000 120.055 999.000   4.391 999.000
      12     PHE  61.650 999.000  39.675 999.000 177.187 999.000   8.119 999.000 120.906 999.000   4.216 999.000
      13     LEU  58.161 999.000  41.148 999.000 178.495 999.000   8.739 999.000 118.258 999.000   4.073 999.000
      14     SER  62.046 999.000  62.628 999.000 176.543 999.000   8.472 999.000 114.935 999.000   4.266 999.000
      15     TYR  61.092 999.000  38.036 999.000 176.940 999.000   8.438 999.000 124.224 999.000   4.297 999.000
      16     LYS  58.581 999.000  31.430 999.000 179.048 999.000   8.138 999.000 118.667 999.000   3.804 999.000
      17     LEU  57.916 999.000  41.542 999.000 178.815 999.000   8.446 999.000 119.641 999.000   4.074 999.000
      18     SER  61.772 999.000  62.829 999.000 177.123 999.000   8.359 999.000 116.042 999.000   4.233 999.000
      19     GLN  57.826 999.000  28.540 999.000 177.474 999.000   8.090 999.000 120.568 999.000   4.033 999.000
      20     LYS  56.235 999.000  32.611 999.000 177.025 999.000   7.289 999.000 117.358 999.000   4.092 999.000
      21     GLY  45.628 999.000-999.000-999.000 173.941 999.000   7.437 999.000 107.969 999.000   3.911 999.000
      22     TYR  54.930 999.000  40.513 999.000 175.169 999.000   8.137 999.000 119.064 999.000   4.774 999.000
      23     SER  56.624 999.000  65.777 999.000 174.747 999.000   8.548 999.000 114.212 999.000   4.715 999.000
      24     TRP  58.928 999.000  29.006 999.000 176.301 999.000   8.505 999.000 119.286 999.000   4.421 999.000
      25     SER  58.734 999.000  64.318 999.000 173.864 999.000   7.327 999.000 111.127 999.000   4.292 999.000
      26     GLN  54.533 999.000  31.926 999.000 175.097 999.000   7.436 999.000 120.071 999.000   4.423 999.000
      27     PHE  59.081 999.000  38.442 999.000 175.906 999.000   8.599 999.000 120.810 999.000   4.187 999.000
      28     SER  57.205 999.000  64.991 999.000 173.789 999.000   7.438 999.000 113.635 999.000   4.619 999.000
      29     ASP  53.916 999.000  39.650 999.000 176.396 999.000   8.551 999.000 122.741 999.000   4.530 999.000
      30     VAL  63.503 999.000  31.726 999.000 176.246 999.000   7.998 999.000 116.809 999.000   3.924 999.000
      31     GLU  55.627 999.000  31.343 999.000 175.780 999.000   8.132 999.000 120.706 999.000   4.421 999.000
      32     GLU  57.358 999.000  30.396 999.000 176.463 999.000   8.827 999.000 121.681 999.000   4.105 999.000
      33     ASN  53.616 999.000  37.031 999.000 174.879 999.000   8.521 999.000 116.051 999.000   4.472 999.000
      34     ARG  55.977 999.000  30.516 999.000 176.369 999.000   8.016 999.000 118.916 999.000   4.379 999.000
      35     THR  61.794 999.000  70.018 999.000 175.013 999.000   8.308 999.000 115.697 999.000   4.367 999.000
      36     GLU  56.690 999.000  29.736 999.000 175.846 999.000   8.663 999.000 121.812 999.000   4.212 999.000
      37     ALA  50.816 999.000  18.345 999.000 175.513 999.000   8.017 999.000 123.515 999.000   4.465 999.000
      38     PRO  62.850 999.000  32.451 999.000 176.956 999.000-999.000-999.000 999.000 999.000   4.543 999.000
      39     GLU  57.041 999.000  29.804 999.000 177.088 999.000   8.639 999.000 121.579 999.000   4.195 999.000
      40     GLY  45.640 999.000-999.000-999.000 174.989 999.000   8.701 999.000 111.330 999.000   4.098 999.000
      41     THR  62.102 999.000  69.959 999.000 175.105 999.000   7.440 999.000 115.377 999.000   4.342 999.000
      42     GLU  59.244 999.000  29.285 999.000 177.869 999.000   9.111 999.000 125.623 999.000   4.010 999.000
      43     SER  61.353 999.000  62.890 999.000 176.116 999.000   8.592 999.000 114.735 999.000   4.312 999.000
      44     GLU  59.061 999.000  29.099 999.000 178.311 999.000   7.965 999.000 122.978 999.000   4.014 999.000
      45     ALA  54.910 999.000  18.319 999.000 179.349 999.000   7.383 999.000 121.126 999.000   3.712 999.000
      46     VAL  66.288 999.000  31.189 999.000 177.890 999.000   7.448 999.000 118.708 999.000   3.377 999.000
      47     LYS  60.272 999.000  31.941 999.000 178.778 999.000   8.242 999.000 119.862 999.000   3.816 999.000
      48     GLN  58.577 999.000  28.377 999.000 178.169 999.000   7.878 999.000 118.509 999.000   3.994 999.000
      49     ALA  55.022 999.000  18.176 999.000 179.506 999.000   8.000 999.000 122.368 999.000   4.092 999.000
      50     LEU  57.661 999.000  41.384 999.000 178.929 999.000   8.249 999.000 118.201 999.000   4.005 999.000
      51     ARG  59.028 999.000  29.396 999.000 178.568 999.000   7.608 999.000 119.372 999.000   3.937 999.000
      52     GLU  59.013 999.000  29.415 999.000 178.855 999.000   8.091 999.000 118.841 999.000   4.080 999.000
      53     ALA  54.718 999.000  18.171 999.000 179.476 999.000   8.394 999.000 121.385 999.000   4.077 999.000
      54     GLY  47.101 999.000-999.000-999.000 175.457 999.000   8.247 999.000 106.402 999.000   4.168 999.000
      55     ASP  56.412 999.000  40.666 999.000 177.634 999.000   8.002 999.000 121.429 999.000   4.593 999.000
      56     GLU  58.448 999.000  29.830 999.000 178.058 999.000   7.686 999.000 120.592 999.000   4.208 999.000
      57     PHE  60.429 999.000  39.541 999.000 176.565 999.000   8.774 999.000 120.080 999.000   4.385 999.000
      58     GLU  56.236 999.000  30.116 999.000 176.999 999.000   7.808 999.000 115.284 999.000   4.124 999.000
      59     LEU  55.980 999.000  40.640 999.000 176.461 999.000   7.844 999.000 121.989 999.000   4.148 999.000
      60     ARG  57.299 999.000  27.566 999.000 175.509 999.000   8.706 999.000 121.264 999.000   3.822 999.000
      61     TYR  58.726 999.000  35.697 999.000 175.390 999.000   7.705 999.000 115.662 999.000   4.112 999.000
      62     ARG  57.510 999.000  30.557 999.000 177.095 999.000   7.917 999.000 118.891 999.000   4.144 999.000
      63     ARG  57.048 999.000  30.338 999.000 176.615 999.000   7.819 999.000 116.571 999.000   4.072 999.000
      64     ALA  51.981 999.000  19.458 999.000 176.800 999.000   7.414 999.000 121.538 999.000   4.154 999.000
      65     PHE  57.242 999.000  41.130 999.000 176.374 999.000   8.448 999.000 118.775 999.000   4.676 999.000
      66     SER  61.361 999.000  62.506 999.000 175.742 999.000   9.089 999.000 117.293 999.000   4.061 999.000
      67     ASP  55.809 999.000  40.123 999.000 177.145 999.000   8.046 999.000 120.989 999.000   4.523 999.000
      68     LEU  56.122 999.000  42.505 999.000 178.151 999.000   7.689 999.000 118.966 999.000   4.326 999.000
      69     THR  63.240 999.000  69.356 999.000 176.025 999.000   7.826 999.000 109.373 999.000   4.144 999.000
      70     SER  58.291 999.000  64.420 999.000 174.754 999.000   7.772 999.000 117.828 999.000   4.440 999.000
      71     GLN  56.158 999.000  28.981 999.000 176.027 999.000   8.443 999.000 120.557 999.000   4.197 999.000
      72     LEU  55.298 999.000  41.756 999.000 175.985 999.000   8.259 999.000 125.570 999.000   4.125 999.000
      73     HIS  55.476 999.000  31.212 999.000 174.419 999.000   8.461 999.000 125.452 999.000   4.681 999.000
      74     ILE  59.679 999.000  40.624 999.000 175.573 999.000   8.010 999.000 121.071 999.000   4.596 999.000
      75     THR  61.202 999.000  68.705 999.000 174.438 999.000   8.269 999.000 120.035 999.000   4.348 999.000
      76     PRO  63.606 999.000  32.207 999.000 176.951 999.000-999.000-999.000 999.000 999.000   4.359 999.000
      77     GLY  44.942 999.000-999.000-999.000 174.604 999.000   8.381 999.000 110.036 999.000   4.114 999.000
      78     THR  61.745 999.000  70.089 999.000 175.387 999.000   7.669 999.000 111.746 999.000   4.274 999.000
      79     ALA  54.750 999.000  18.288 999.000 178.574 999.000   8.350 999.000 124.624 999.000   3.938 999.000
      80     TYR  59.410 999.000  37.581 999.000 178.356 999.000   7.595 999.000 115.793 999.000   4.370 999.000
      81     GLN  57.855 999.000  28.035 999.000 177.548 999.000   8.017 999.000 119.087 999.000   4.094 999.000
      82     SER  61.190 999.000  62.992 999.000 176.179 999.000   7.605 999.000 116.368 999.000   4.109 999.000
      83     PHE  61.865 999.000  38.369 999.000 177.763 999.000   7.854 999.000 121.623 999.000   4.199 999.000
      84     GLU  59.767 999.000  29.275 999.000 178.625 999.000   7.879 999.000 118.984 999.000   3.650 999.000
      85     GLN  58.110 999.000  28.728 999.000 177.760 999.000   7.222 999.000 117.127 999.000   4.035 999.000
      86     VAL  65.525 999.000  31.761 999.000 177.679 999.000   7.526 999.000 119.051 999.000   3.666 999.000
      87     VAL  65.574 999.000  31.109 999.000 177.009 999.000   8.570 999.000 118.574 999.000   3.509 999.000
      88     ASN  56.155 999.000  38.665 999.000 177.103 999.000   7.722 999.000 118.164 999.000   4.257 999.000
      89     GLU  57.740 999.000  29.664 999.000 177.474 999.000   7.564 999.000 117.218 999.000   4.193 999.000
      90     LEU  55.783 999.000  41.822 999.000 177.314 999.000   7.391 999.000 116.483 999.000   4.184 999.000
      91     PHE  58.842 999.000  38.652 999.000 176.531 999.000   7.853 999.000 116.227 999.000   4.236 999.000
      92     ARG  58.237 999.000  29.733 999.000 176.660 999.000   7.323 999.000 119.870 999.000   3.584 999.000
      93     ASP  53.937 999.000  41.437 999.000 176.026 999.000   7.593 999.000 116.336 999.000   4.585 999.000
      94     GLY  44.562 999.000-999.000-999.000 173.316 999.000   7.249 999.000 107.876 999.000   3.857 999.000
      95     VAL  61.163 999.000  30.769 999.000 175.412 999.000   7.278 999.000 119.123 999.000   4.033 999.000
      96     ASN  53.206 999.000  40.133 999.000 175.760 999.000   7.811 999.000 121.256 999.000   4.704 999.000
      97     TRP  60.070 999.000  29.005 999.000 177.004 999.000   8.710 999.000 120.486 999.000   4.209 999.000
      98     GLY  47.462 999.000-999.000-999.000 175.164 999.000   7.263 999.000 107.659 999.000   3.386 999.000
      99     ARG  58.876 999.000  30.098 999.000 177.906 999.000   7.749 999.000 120.256 999.000   4.051 999.000
     100     ILE  64.674 999.000  37.570 999.000 177.323 999.000   7.509 999.000 119.976 999.000   3.660 999.000
     101     VAL  66.918 999.000  31.262 999.000 176.792 999.000   8.159 999.000 119.112 999.000   3.276 999.000
     102     ALA  55.470 999.000  18.012 999.000 178.258 999.000   8.114 999.000 122.539 999.000   3.991 999.000
     103     PHE  61.026 999.000  39.119 999.000 177.007 999.000   7.769 999.000 119.383 999.000   4.314 999.000
     104     PHE  60.123 999.000  38.302 999.000 177.488 999.000   8.769 999.000 118.215 999.000   4.025 999.000
     105     SER  61.838 999.000  62.664 999.000 176.358 999.000   8.702 999.000 115.764 999.000   4.433 999.000
     106     PHE  60.957 999.000  38.962 999.000 176.950 999.000   8.616 999.000 122.952 999.000   4.197 999.000
     107     GLY  47.639 999.000-999.000-999.000 176.255 999.000   8.187 999.000 106.350 999.000   3.847 999.000
     108     GLY  47.360 999.000-999.000-999.000 175.367 999.000   8.641 999.000 109.860 999.000   4.021 999.000
     109     ALA  54.806 999.000  18.246 999.000 179.190 999.000   8.154 999.000 124.458 999.000   4.093 999.000
     110     LEU  58.121 999.000  41.534 999.000 177.553 999.000   8.315 999.000 119.420 999.000   3.888 999.000
     111     CYS 999.000 999.000 999.000 999.000 999.000 999.000 999.000 999.000 999.000 999.000   4.017 999.000
     112     VAL  65.328 999.000  31.444 999.000 177.494 999.000   8.105 999.000 118.006 999.000   3.721 999.000
     113     GLU  58.169 999.000  29.463 999.000 177.556 999.000   7.909 999.000 119.136 999.000   4.151 999.000
     114     SER  59.317 999.000  63.900 999.000 175.560 999.000   7.927 999.000 113.296 999.000   4.501 999.000
     115     VAL  64.686 999.000  31.154 999.000 176.302 999.000   7.297 999.000 121.288 999.000   3.688 999.000
     116     ASP  54.526 999.000  40.237 999.000 176.836 999.000   7.947 999.000 119.233 999.000   4.554 999.000
     117     LYS  57.323 999.000  32.923 999.000 176.768 999.000   7.878 999.000 119.694 999.000   4.181 999.000
     118     GLU  55.235 999.000  29.894 999.000 176.243 999.000   8.196 999.000 119.507 999.000   4.505 999.000
     119     MET  57.762 999.000  31.512 999.000 177.294 999.000   8.341 999.000 119.190 999.000   4.098 999.000
     120     GLN  57.616 999.000  29.014 999.000 176.986 999.000   8.214 999.000 117.376 999.000   4.336 999.000
     121     VAL  62.298 999.000  33.537 999.000 176.852 999.000   8.040 999.000 113.336 999.000   4.411 999.000
     122     LEU  58.367 999.000  41.332 999.000 178.142 999.000   8.056 999.000 122.347 999.000   4.089 999.000
     123     VAL  66.103 999.000  31.248 999.000 178.179 999.000   8.275 999.000 117.373 999.000   3.701 999.000
     124     SER  61.445 999.000  63.034 999.000 176.256 999.000   7.876 999.000 115.773 999.000   4.260 999.000
     125     ARG  58.366 999.000  30.177 999.000 178.299 999.000   7.862 999.000 122.186 999.000   4.166 999.000
     126     ILE  64.748 999.000  37.544 999.000 177.257 999.000   8.813 999.000 120.489 999.000   4.019 999.000
     127     ALA  55.421 999.000  18.099 999.000 179.215 999.000   8.142 999.000 120.740 999.000   3.963 999.000
     128     ALA  55.244 999.000  18.140 999.000 179.056 999.000   7.693 999.000 120.975 999.000   3.999 999.000
     129     TRP  60.741 999.000  29.827 999.000 178.557 999.000   8.146 999.000 119.350 999.000   4.150 999.000
     130     MET  59.656 999.000  32.707 999.000 177.664 999.000   8.871 999.000 118.389 999.000   3.904 999.000
     131     ALA  55.234 999.000  18.346 999.000 178.387 999.000   8.484 999.000 121.510 999.000   4.151 999.000
     132     THR  66.796 999.000  67.942 999.000 175.863 999.000   8.052 999.000 116.251 999.000   3.908 999.000
     133     TYR  60.205 999.000  37.866 999.000 177.946 999.000   8.498 999.000 120.801 999.000   4.454 999.000
     134     LEU  58.628 999.000  41.607 999.000 177.521 999.000   8.691 999.000 120.440 999.000   3.938 999.000
     135     ASN  56.460 999.000  39.149 999.000 177.348 999.000   8.142 999.000 116.926 999.000   4.359 999.000
     136     ASP  56.125 999.000  40.800 999.000 176.944 999.000   8.252 999.000 118.200 999.000   4.454 999.000
     137     HIS  56.986 999.000  31.870 999.000 175.650 999.000   7.828 999.000 114.256 999.000   4.554 999.000
     138     LEU  56.175 999.000  43.104 999.000 177.659 999.000   8.290 999.000 117.237 999.000   4.525 999.000
     139     GLU  61.727 999.000  27.923 999.000 176.238 999.000   8.705 999.000 119.508 999.000   4.081 999.000
     140     PRO  65.507 999.000  31.357 999.000 178.246 999.000-999.000-999.000 999.000 999.000   4.174 999.000
     141     TRP  59.341 999.000  29.780 999.000 178.339 999.000   7.225 999.000 117.088 999.000   4.499 999.000
     142     ILE  65.233 999.000  37.725 999.000 177.427 999.000   8.251 999.000 120.050 999.000   3.770 999.000
     143     GLN  59.017 999.000  27.846 999.000 178.575 999.000   8.587 999.000 118.750 999.000   4.108 999.000
     144     GLU  58.337 999.000  29.568 999.000 177.774 999.000   7.739 999.000 118.817 999.000   4.075 999.000
     145     ASN  54.402 999.000  39.742 999.000 175.575 999.000   7.890 999.000 114.673 999.000   4.537 999.000
     146     GLY  45.712 999.000-999.000-999.000 174.703 999.000   7.725 999.000 107.365 999.000   4.124 999.000
     147     GLY  45.905 999.000-999.000-999.000 173.876 999.000   8.582 999.000 107.590 999.000   4.006 999.000
     148     TRP  60.909 999.000  29.471 999.000 177.796 999.000   8.726 999.000 123.307 999.000   4.495 999.000
     149     ASP  57.166 999.000  39.706 999.000 177.995 999.000   8.264 999.000 119.061 999.000   4.451 999.000
     150     THR  65.676 999.000  68.106 999.000 176.448 999.000   7.726 999.000 114.586 999.000   3.970 999.000
     151     PHE  60.594 999.000  38.576 999.000 177.878 999.000   7.661 999.000 120.331 999.000   4.287 999.000
     152     VAL  66.093 999.000  31.318 999.000 178.105 999.000   7.418 999.000 119.417 999.000   3.697 999.000
     153     GLU  59.349 999.000  29.362 999.000 178.635 999.000   8.060 999.000 119.878 999.000   3.960 999.000
     154     LEU  57.614 999.000  41.619 999.000 178.949 999.000   7.571 999.000 120.141 999.000   4.055 999.000
     155     TYR  60.598 999.000  38.197 999.000 178.001 999.000   8.063 999.000 118.822 999.000   4.273 999.000
     156     GLY  45.228 999.000-999.000-999.000 174.437 999.000   7.943 999.000 105.785 999.000   3.873 999.000
     157     ASN  54.266 999.000  37.818 999.000 175.511 999.000   7.843 999.000 116.975 999.000   4.310 999.000
     158     ASN  55.503 999.000  38.771 999.000 176.472 999.000   7.933 999.000 118.531 999.000   4.410 999.000
     159     ALA  54.740 999.000  18.383 999.000 179.111 999.000   8.296 999.000 121.684 999.000   4.128 999.000
     160     ALA  54.234 999.000  18.201 999.000 179.631 999.000   7.744 999.000 120.648 999.000   4.196 999.000
     161     ALA  54.615 999.000  18.206 999.000 179.976 999.000   7.682 999.000 120.431 999.000   4.203 999.000
     162     GLU  58.940 999.000  29.045 999.000 179.221 999.000   8.109 999.000 118.110 999.000   4.128 999.000
     163     SER  61.191 999.000  63.132 999.000 176.683 999.000   8.007 999.000 115.290 999.000   4.260 999.000
     164     ARG  58.217 999.000  29.720 999.000 178.464 999.000   7.801 999.000 121.915 999.000   4.141 999.000
     165     LYS  57.842 999.000  31.949 999.000 178.541 999.000   7.911 999.000 118.842 999.000   4.200 999.000
     166     GLY  45.723 999.000-999.000-999.000 174.990 999.000   7.822 999.000 107.228 999.000   3.909 999.000
     167     GLN  56.354 999.000  29.255 999.000 176.176 999.000   7.679 999.000 120.508 999.000   4.324 999.000
     168     GLU  56.805 999.000  30.304 999.000 176.321 999.000   8.017 999.000 119.769 999.000   4.347 999.000
     169     ARG 999.000 999.000 999.000 999.000 999.000 999.000 999.000 999.000 999.000 999.000 999.000 999.000
     630     GLU 999.000 999.000 999.000 999.000 999.000 999.000-999.000-999.000 999.000 999.000 999.000 999.000
     631     GLU 999.000 999.000 999.000 999.000 999.000 999.000 999.000 999.000 999.000 999.000 999.000 999.000
     632     GLN  54.879 999.000  28.657 999.000 176.360 999.000   7.879 999.000 119.579 999.000   4.264 999.000
     633     TRP  58.811 999.000  29.880 999.000 177.663 999.000   7.903 999.000 121.470 999.000   4.369 999.000
     634     ALA  54.834 999.000  18.118 999.000 178.992 999.000   8.464 999.000 121.387 999.000   4.166 999.000
     635     ARG  59.160 999.000  29.701 999.000 178.427 999.000   7.900 999.000 118.280 999.000   3.992 999.000
     636     GLU  59.016 999.000  29.279 999.000 179.042 999.000   7.684 999.000 119.338 999.000   4.167 999.000
     637     ILE  63.396 999.000  36.481 999.000 178.117 999.000   8.170 999.000 119.619 999.000   3.838 999.000
     638     GLY  47.653 999.000-999.000-999.000 176.033 999.000   8.431 999.000 107.791 999.000   3.794 999.000
     639     ALA  54.992 999.000  18.123 999.000 179.014 999.000   8.144 999.000 124.450 999.000   4.088 999.000
     640     GLN  58.944 999.000  28.274 999.000 178.648 999.000   7.973 999.000 118.281 999.000   3.864 999.000
     641     LEU  58.055 999.000  41.404 999.000 178.493 999.000   8.683 999.000 120.415 999.000   4.134 999.000
     642     ARG  59.340 999.000  29.829 999.000 178.715 999.000   8.428 999.000 119.552 999.000   3.946 999.000
     643     ARG  58.360 999.000  30.013 999.000 178.051 999.000   7.991 999.000 118.170 999.000   4.123 999.000
     644     MET  58.323 999.000  32.832 999.000 177.155 999.000   8.355 999.000 119.918 999.000   4.203 999.000
     645     ALA  52.721 999.000  18.639 999.000 176.557 999.000   7.993 999.000 119.441 999.000   4.245 999.000
     646     ASP  54.043 999.000  41.190 999.000 175.075 999.000   7.480 999.000 117.623 999.000   4.536 999.000
     647     ASP  53.521 999.000  41.752 999.000 176.645 999.000   8.276 999.000 122.751 999.000   4.669 999.000
     648     LEU  57.517 999.000  41.835 999.000 177.929 999.000   7.531 999.000 120.819 999.000   3.905 999.000
     649     ASN  54.271 999.000  37.936 999.000 175.635 999.000   8.222 999.000 115.085 999.000   4.481 999.000
     650     ALA  52.259 999.000  18.693 999.000 177.451 999.000   7.632 999.000 122.626 999.000   4.415 999.000
     651     GLN  57.209 999.000  28.769 999.000 175.829 999.000   7.493 999.000 119.526 999.000   4.025 999.000
     652     TYR  59.264 999.000  36.834 999.000 175.169 999.000   8.438 999.000 117.540 999.000   4.222 999.000
     653     GLU  57.937 999.000  30.446 999.000 176.922 999.000   7.777 999.000 119.206 999.000   4.297 999.000
     654     ARG 999.000 999.000 999.000 999.000 999.000 999.000 999.000 999.000 999.000 999.000 999.000 999.000
