   index residue  pre_ca  exp_ca  pre_cb  exp_cb   pre_c   exp_c   pre_h   exp_h   pre_n   exp_n  pre_ha  exp_ha
       1     MET 999.000 999.000 999.000 999.000 999.000 999.000-999.000-999.000 999.000 999.000 999.000 999.000
       2     SER 999.000 999.000 999.000 999.000 999.000 999.000 999.000 999.000 999.000 999.000 999.000 999.000
       3     GLN  57.843 999.000  28.066 999.000 177.661 999.000   8.894 999.000 122.866 999.000   4.222 999.000
       4     SER  61.231 999.000  62.835 999.000 175.964 999.000   8.753 999.000 114.532 999.000   4.167 999.000
       5     ASN  55.311 999.000  38.609 999.000 176.595 999.000   8.006 999.000 119.881 999.000   4.695 999.000
       6     ARG  59.443 999.000  29.847 999.000 177.941 999.000   7.998 999.000 121.420 999.000   4.117 999.000
       7     GLU  59.139 999.000  29.086 999.000 178.898 999.000   8.218 999.000 118.725 999.000   3.983 999.000
       8     LEU  57.643 999.000  41.611 999.000 178.565 999.000   7.354 999.000 119.389 999.000   4.001 999.000
       9     VAL  66.470 999.000  31.405 999.000 177.578 999.000   7.651 999.000 119.354 999.000   3.661 999.000
      10     VAL  67.011 999.000  31.184 999.000 176.518 999.000   8.475 999.000 118.816 999.000   3.105 999.000
      11     ASP  57.561 999.000  41.078 999.000 177.594 999.000   7.560 999.000 120.083 999.000   4.216 999.000
      12     PHE  61.385 999.000  39.599 999.000 177.004 999.000   7.670 999.000 120.484 999.000   4.165 999.000
      13     LEU  58.197 999.000  41.066 999.000 178.525 999.000   8.537 999.000 118.222 999.000   3.928 999.000
      14     SER  62.066 999.000  62.595 999.000 176.470 999.000   8.077 999.000 114.997 999.000   4.122 999.000
      15     TYR  61.102 999.000  37.902 999.000 176.964 999.000   7.937 999.000 124.006 999.000   4.252 999.000
      16     LYS  58.570 999.000  31.368 999.000 178.972 999.000   7.903 999.000 118.264 999.000   3.697 999.000
      17     LEU  57.654 999.000  41.663 999.000 178.838 999.000   8.439 999.000 118.977 999.000   4.220 999.000
      18     SER  61.554 999.000  62.933 999.000 177.090 999.000   8.451 999.000 115.861 999.000   4.232 999.000
      19     GLN  57.923 999.000  28.517 999.000 177.183 999.000   7.976 999.000 119.949 999.000   4.055 999.000
      20     LYS  55.634 999.000  32.423 999.000 176.545 999.000   7.329 999.000 116.831 999.000   4.259 999.000
      21     GLY  45.414 999.000-999.000-999.000 174.037 999.000   7.579 999.000 107.623 999.000   3.829 999.000
      22     TYR  56.620 999.000  39.483 999.000 175.540 999.000   7.877 999.000 120.256 999.000   4.815 999.000
      23     SER  57.135 999.000  64.334 999.000 174.933 999.000   8.262 999.000 116.935 999.000   4.622 999.000
      24     TRP  59.561 999.000  29.906 999.000 177.549 999.000   9.113 999.000 126.664 999.000   4.582 999.000
      25     SER  61.205 999.000  62.453 999.000 176.142 999.000   8.426 999.000 114.689 999.000   4.066 999.000
      26     GLN  57.498 999.000  28.707 999.000 176.302 999.000   7.327 999.000 120.742 999.000   3.922 999.000
      27     PHE  57.541 999.000  40.245 999.000 176.077 999.000   7.238 999.000 115.969 999.000   4.376 999.000
      28     SER  57.604 999.000  64.791 999.000 174.090 999.000   7.061 999.000 114.591 999.000   4.253 999.000
      29     ASP  53.467 999.000  40.760 999.000 176.977 999.000   8.399 999.000 122.442 999.000   4.632 999.000
      30     VAL  64.249 999.000  31.742 999.000 177.381 999.000   8.263 999.000 121.133 999.000   3.866 999.000
      31     GLU  58.076 999.000  29.178 999.000 177.613 999.000   8.357 999.000 119.690 999.000   4.152 999.000
      32     GLU  57.243 999.000  30.141 999.000 177.321 999.000   7.847 999.000 117.944 999.000   4.218 999.000
      33     ASN  53.339 999.000  38.656 999.000 175.766 999.000   7.711 999.000 117.511 999.000   4.702 999.000
      34     ARG  56.329 999.000  30.549 999.000 176.643 999.000   8.089 999.000 119.854 999.000   4.378 999.000
      35     THR  62.009 999.000  69.855 999.000 174.815 999.000   7.951 999.000 113.439 999.000   4.351 999.000
      36     GLU  56.470 999.000  30.291 999.000 175.844 999.000   8.546 999.000 122.092 999.000   4.295 999.000
      37     ALA  50.872 999.000  18.270 999.000 175.633 999.000   8.178 999.000 123.498 999.000   4.494 999.000
      38     PRO  63.132 999.000  32.294 999.000 176.664 999.000-999.000-999.000 999.000 999.000   4.532 999.000
      39     GLU  56.278 999.000  30.409 999.000 176.828 999.000   8.483 999.000 119.792 999.000   4.269 999.000
      40     GLY  45.152 999.000-999.000-999.000 174.599 999.000   8.477 999.000 109.124 999.000   4.068 999.000
      41     THR  61.647 999.000  70.413 999.000 174.986 999.000   8.121 999.000 112.660 999.000   4.426 999.000
      42     GLU  57.599 999.000  29.494 999.000 177.038 999.000   8.842 999.000 121.857 999.000   4.253 999.000
      43     SER  59.538 999.000  63.506 999.000 175.474 999.000   8.344 999.000 114.542 999.000   4.308 999.000
      44     GLU  59.227 999.000  29.040 999.000 178.243 999.000   8.114 999.000 123.084 999.000   3.961 999.000
      45     ALA  54.863 999.000  18.322 999.000 179.631 999.000   7.999 999.000 120.471 999.000   4.169 999.000
      46     VAL  65.824 999.000  31.374 999.000 177.820 999.000   7.457 999.000 119.189 999.000   3.647 999.000
      47     LYS  60.141 999.000  32.014 999.000 178.901 999.000   8.075 999.000 119.736 999.000   3.730 999.000
      48     GLN  58.753 999.000  28.219 999.000 178.221 999.000   8.120 999.000 118.632 999.000   3.950 999.000
      49     ALA  55.089 999.000  18.171 999.000 179.526 999.000   7.805 999.000 122.368 999.000   3.990 999.000
      50     LEU  58.097 999.000  41.520 999.000 178.765 999.000   8.475 999.000 118.917 999.000   4.083 999.000
      51     ARG  59.751 999.000  29.728 999.000 178.431 999.000   8.026 999.000 118.894 999.000   3.912 999.000
      52     GLU  59.068 999.000  29.199 999.000 178.905 999.000   8.098 999.000 118.874 999.000   4.129 999.000
      53     ALA  54.844 999.000  18.202 999.000 179.438 999.000   8.441 999.000 121.637 999.000   4.205 999.000
      54     GLY  47.314 999.000-999.000-999.000 175.514 999.000   8.600 999.000 106.578 999.000   4.125 999.000
      55     ASP  56.808 999.000  40.375 999.000 178.017 999.000   8.344 999.000 121.961 999.000   4.614 999.000
      56     GLU  58.912 999.000  29.656 999.000 178.269 999.000   7.807 999.000 120.652 999.000   4.208 999.000
      57     PHE  61.861 999.000  39.044 999.000 177.931 999.000   8.719 999.000 119.505 999.000   4.262 999.000
      58     GLU  58.937 999.000  29.433 999.000 178.337 999.000   8.295 999.000 118.665 999.000   4.253 999.000
      59     LEU  56.958 999.000  42.500 999.000 177.877 999.000   7.525 999.000 120.022 999.000   4.250 999.000
      60     ARG  57.340 999.000  31.266 999.000 176.694 999.000   8.101 999.000 115.523 999.000   4.015 999.000
      61     TYR  56.369 999.000  38.061 999.000 175.628 999.000   7.972 999.000 117.529 999.000   4.779 999.000
      62     ARG  58.884 999.000  30.013 999.000 177.481 999.000   7.941 999.000 120.972 999.000   3.788 999.000
      63     ARG  57.489 999.000  29.582 999.000 177.636 999.000   8.275 999.000 117.639 999.000   4.186 999.000
      64     ALA  54.165 999.000  18.530 999.000 178.012 999.000   7.680 999.000 121.011 999.000   4.187 999.000
      65     PHE  57.748 999.000  39.775 999.000 176.401 999.000   7.520 999.000 113.027 999.000   4.793 999.000
      66     SER  61.292 999.000  62.545 999.000 176.269 999.000   8.179 999.000 116.908 999.000   4.197 999.000
      67     ASP  56.225 999.000  39.929 999.000 178.178 999.000   7.879 999.000 122.009 999.000   4.493 999.000
      68     LEU  57.454 999.000  41.592 999.000 178.733 999.000   7.529 999.000 119.958 999.000   4.006 999.000
      69     THR  65.336 999.000  68.627 999.000 176.775 999.000   8.219 999.000 112.727 999.000   4.242 999.000
      70     SER  60.457 999.000  63.415 999.000 175.717 999.000   7.833 999.000 116.758 999.000   4.344 999.000
      71     GLN  57.289 999.000  28.937 999.000 177.096 999.000   7.556 999.000 121.028 999.000   4.220 999.000
      72     LEU  54.744 999.000  42.139 999.000 176.266 999.000   7.259 999.000 120.791 999.000   4.276 999.000
      73     HIS  55.873 999.000  29.906 999.000 175.385 999.000   8.601 999.000 125.635 999.000   4.630 999.000
      74     ILE  60.889 999.000  38.861 999.000 175.166 999.000   8.057 999.000 123.741 999.000   4.445 999.000
      75     THR  58.465 999.000  69.994 999.000 173.769 999.000   8.001 999.000 116.757 999.000   4.791 999.000
      76     PRO  64.698 999.000  31.630 999.000 177.495 999.000-999.000-999.000 999.000 999.000   4.410 999.000
      77     GLY  45.069 999.000-999.000-999.000 175.048 999.000   8.319 999.000 107.560 999.000   4.136 999.000
      78     THR  63.660 999.000  69.470 999.000 174.198 999.000   7.708 999.000 117.785 999.000   4.229 999.000
      79     ALA  50.872 999.000  21.100 999.000 176.809 999.000   8.627 999.000 128.878 999.000   4.699 999.000
      80     TYR  61.029 999.000  38.030 999.000 177.299 999.000   8.887 999.000 120.760 999.000   3.088 999.000
      81     GLN  58.805 999.000  27.702 999.000 178.235 999.000   8.438 999.000 118.156 999.000   3.824 999.000
      82     SER  60.820 999.000  62.923 999.000 176.065 999.000   7.587 999.000 114.597 999.000   4.264 999.000
      83     PHE  60.889 999.000  39.359 999.000 176.620 999.000   7.163 999.000 123.635 999.000   4.185 999.000
      84     GLU  59.934 999.000  29.352 999.000 178.334 999.000   8.563 999.000 119.223 999.000   3.589 999.000
      85     GLN  58.574 999.000  28.269 999.000 178.402 999.000   7.596 999.000 117.359 999.000   3.969 999.000
      86     VAL  65.102 999.000  31.898 999.000 177.750 999.000   7.072 999.000 119.395 999.000   3.694 999.000
      87     VAL  65.782 999.000  31.164 999.000 177.748 999.000   7.727 999.000 119.193 999.000   3.305 999.000
      88     ASN  55.904 999.000  37.731 999.000 177.426 999.000   8.494 999.000 117.984 999.000   4.305 999.000
      89     GLU  58.379 999.000  29.622 999.000 178.067 999.000   7.303 999.000 119.682 999.000   4.063 999.000
      90     LEU  57.264 999.000  42.022 999.000 177.360 999.000   7.394 999.000 119.839 999.000   3.889 999.000
      91     PHE  58.398 999.000  38.593 999.000 176.089 999.000   7.688 999.000 114.223 999.000   4.503 999.000
      92     ARG  58.648 999.000  29.819 999.000 176.775 999.000   7.508 999.000 120.432 999.000   3.965 999.000
      93     ASP  53.840 999.000  40.720 999.000 176.295 999.000   8.114 999.000 116.863 999.000   4.634 999.000
      94     GLY  44.643 999.000-999.000-999.000 173.335 999.000   7.568 999.000 107.897 999.000   4.091 999.000
      95     VAL  62.226 999.000  32.411 999.000 175.295 999.000   8.014 999.000 119.760 999.000   3.893 999.000
      96     ASN  51.982 999.000  41.138 999.000 174.580 999.000   7.705 999.000 122.248 999.000   4.297 999.000
      97     TRP  60.088 999.000  30.394 999.000 178.161 999.000   8.899 999.000 120.643 999.000   4.539 999.000
      98     GLY  47.126 999.000-999.000-999.000 175.970 999.000   8.889 999.000 107.009 999.000   4.141 999.000
      99     ARG  58.826 999.000  29.863 999.000 178.283 999.000   8.083 999.000 121.456 999.000   4.140 999.000
     100     ILE  65.373 999.000  37.721 999.000 177.573 999.000   8.001 999.000 120.736 999.000   4.054 999.000
     101     VAL  66.934 999.000  31.291 999.000 176.746 999.000   8.356 999.000 119.455 999.000   3.454 999.000
     102     ALA  55.517 999.000  18.047 999.000 178.708 999.000   8.225 999.000 122.694 999.000   3.888 999.000
     103     PHE  60.753 999.000  38.489 999.000 176.910 999.000   8.300 999.000 119.633 999.000   4.246 999.000
     104     PHE  62.707 999.000  38.788 999.000 177.653 999.000   8.690 999.000 118.495 999.000   3.606 999.000
     105     SER  61.932 999.000  62.622 999.000 176.425 999.000   8.348 999.000 115.359 999.000   4.139 999.000
     106     PHE  60.007 999.000  38.426 999.000 176.794 999.000   8.780 999.000 123.565 999.000   4.313 999.000
     107     GLY  47.551 999.000-999.000-999.000 176.213 999.000   8.202 999.000 106.560 999.000   3.607 999.000
     108     GLY  47.319 999.000-999.000-999.000 175.486 999.000   8.454 999.000 109.676 999.000   3.937 999.000
     109     ALA  54.846 999.000  18.347 999.000 178.946 999.000   8.204 999.000 124.579 999.000   4.175 999.000
     110     LEU  57.985 999.000  41.657 999.000 177.602 999.000   8.579 999.000 119.774 999.000   4.131 999.000
     111     CYS 999.000 999.000 999.000 999.000 999.000 999.000 999.000 999.000 999.000 999.000   3.938 999.000
     112     VAL  66.451 999.000  31.292 999.000 177.527 999.000   8.009 999.000 120.248 999.000   3.494 999.000
     113     GLU  59.504 999.000  29.084 999.000 178.444 999.000   8.388 999.000 120.471 999.000   4.012 999.000
     114     SER  62.086 999.000  63.023 999.000 176.296 999.000   8.173 999.000 115.625 999.000   4.103 999.000
     115     VAL  65.270 999.000  31.254 999.000 177.635 999.000   7.587 999.000 120.907 999.000   3.598 999.000
     116     ASP  56.398 999.000  41.141 999.000 177.704 999.000   7.914 999.000 119.942 999.000   4.429 999.000
     117     LYS  56.490 999.000  32.135 999.000 176.020 999.000   7.855 999.000 116.584 999.000   4.213 999.000
     118     GLU  57.421 999.000  27.202 999.000 175.544 999.000   7.925 999.000 115.625 999.000   4.016 999.000
     119     MET  54.740 999.000  32.058 999.000 176.123 999.000   8.460 999.000 118.919 999.000   4.737 999.000
     120     GLN  58.827 999.000  27.864 999.000 177.637 999.000   7.974 999.000 119.791 999.000   3.874 999.000
     121     VAL  64.152 999.000  31.529 999.000 177.288 999.000   7.641 999.000 118.281 999.000   3.856 999.000
     122     LEU  56.899 999.000  41.314 999.000 178.149 999.000   7.840 999.000 119.766 999.000   3.940 999.000
     123     VAL  66.643 999.000  31.269 999.000 177.769 999.000   7.455 999.000 118.791 999.000   3.277 999.000
     124     SER  61.396 999.000  62.788 999.000 176.321 999.000   8.305 999.000 114.440 999.000   4.132 999.000
     125     ARG  58.521 999.000  30.015 999.000 178.101 999.000   6.847 999.000 122.612 999.000   3.777 999.000
     126     ILE  65.678 999.000  37.785 999.000 177.407 999.000   8.235 999.000 120.869 999.000   2.920 999.000
     127     ALA  55.498 999.000  18.119 999.000 179.190 999.000   7.829 999.000 120.577 999.000   3.905 999.000
     128     ALA  54.989 999.000  18.432 999.000 178.779 999.000   7.230 999.000 121.280 999.000   4.162 999.000
     129     TRP  58.629 999.000  28.545 999.000 178.823 999.000   8.733 999.000 119.986 999.000   4.339 999.000
     130     MET  59.807 999.000  32.802 999.000 177.766 999.000   8.733 999.000 117.273 999.000   4.515 999.000
     131     ALA  55.141 999.000  18.267 999.000 178.652 999.000   8.027 999.000 121.525 999.000   4.196 999.000
     132     THR  66.779 999.000  67.964 999.000 175.568 999.000   8.451 999.000 116.209 999.000   4.017 999.000
     133     TYR  62.211 999.000  38.809 999.000 176.887 999.000   8.721 999.000 122.998 999.000   4.194 999.000
     134     LEU  58.555 999.000  41.460 999.000 177.799 999.000   8.712 999.000 119.200 999.000   4.064 999.000
     135     ASN  56.180 999.000  38.914 999.000 177.155 999.000   8.061 999.000 116.571 999.000   4.386 999.000
     136     ASP  55.983 999.000  40.931 999.000 176.933 999.000   8.112 999.000 118.124 999.000   4.405 999.000
     137     HIS  57.311 999.000  31.889 999.000 175.865 999.000   7.769 999.000 114.144 999.000   4.407 999.000
     138     LEU  56.164 999.000  42.474 999.000 177.622 999.000   7.927 999.000 116.592 999.000   4.131 999.000
     139     GLU  61.672 999.000  28.142 999.000 176.127 999.000   8.764 999.000 119.724 999.000   4.019 999.000
     140     PRO  65.394 999.000  31.448 999.000 178.028 999.000-999.000-999.000 999.000 999.000   4.206 999.000
     141     TRP  60.524 999.000  29.503 999.000 177.758 999.000   7.106 999.000 118.559 999.000   4.183 999.000
     142     ILE  65.631 999.000  37.906 999.000 177.241 999.000   8.486 999.000 119.981 999.000   3.139 999.000
     143     GLN  58.994 999.000  28.063 999.000 178.564 999.000   8.345 999.000 118.041 999.000   3.972 999.000
     144     GLU  58.240 999.000  29.678 999.000 177.801 999.000   7.482 999.000 119.165 999.000   3.994 999.000
     145     ASN  54.440 999.000  39.628 999.000 175.583 999.000   7.680 999.000 115.250 999.000   4.288 999.000
     146     GLY  45.141 999.000-999.000-999.000 174.688 999.000   7.560 999.000 107.503 999.000   4.107 999.000
     147     GLY  44.254 999.000-999.000-999.000 173.653 999.000   8.291 999.000 107.611 999.000   4.137 999.000
     148     TRP  59.989 999.000  29.750 999.000 177.636 999.000   8.893 999.000 120.041 999.000   4.601 999.000
     149     ASP  56.955 999.000  39.748 999.000 178.232 999.000   8.435 999.000 119.626 999.000   4.426 999.000
     150     THR  64.765 999.000  68.569 999.000 176.146 999.000   7.643 999.000 113.752 999.000   4.105 999.000
     151     PHE  60.653 999.000  39.488 999.000 176.617 999.000   7.589 999.000 123.495 999.000   3.794 999.000
     152     VAL  65.438 999.000  31.234 999.000 177.855 999.000   7.912 999.000 117.245 999.000   3.673 999.000
     153     GLU  58.103 999.000  29.559 999.000 177.359 999.000   7.578 999.000 118.880 999.000   4.080 999.000
     154     LEU  56.366 999.000  43.273 999.000 177.052 999.000   7.120 999.000 118.475 999.000   4.054 999.000
     155     TYR  58.136 999.000  40.293 999.000 176.252 999.000   8.079 999.000 115.069 999.000   4.454 999.000
     156     GLY  44.895 999.000-999.000-999.000 174.382 999.000   7.927 999.000 106.065 999.000   4.029 999.000
     157     ASN  54.916 999.000  38.524 999.000 176.587 999.000   8.527 999.000 118.166 999.000   4.420 999.000
     158     ASN  54.702 999.000  38.313 999.000 176.269 999.000   8.257 999.000 117.120 999.000   4.532 999.000
     159     ALA  53.735 999.000  18.657 999.000 178.754 999.000   7.713 999.000 122.426 999.000   4.165 999.000
     160     ALA  53.510 999.000  18.449 999.000 178.986 999.000   7.694 999.000 119.967 999.000   4.198 999.000
     161     ALA  53.947 999.000  18.319 999.000 179.570 999.000   7.643 999.000 120.105 999.000   4.207 999.000
     162     GLU  58.300 999.000  29.189 999.000 178.522 999.000   7.804 999.000 117.295 999.000   4.153 999.000
     163     SER  60.639 999.000  63.257 999.000 176.110 999.000   7.763 999.000 114.857 999.000   4.292 999.000
     164     ARG  57.235 999.000  29.933 999.000 177.501 999.000   7.672 999.000 121.887 999.000   4.268 999.000
     165     LYS  57.144 999.000  32.255 999.000 177.953 999.000   7.742 999.000 119.019 999.000   4.231 999.000
     166     GLY  45.465 999.000-999.000-999.000 174.538 999.000   7.918 999.000 107.160 999.000   3.959 999.000
     167     GLN  56.370 999.000  29.272 999.000 176.438 999.000   7.918 999.000 119.555 999.000   4.309 999.000
     168     GLU  57.049 999.000  30.042 999.000 176.644 999.000   7.886 999.000 118.853 999.000   4.274 999.000
     169     ARG 999.000 999.000 999.000 999.000 999.000 999.000 999.000 999.000 999.000 999.000 999.000 999.000
