   index residue  pre_ca  exp_ca  pre_cb  exp_cb   pre_c   exp_c   pre_h   exp_h   pre_n   exp_n  pre_ha  exp_ha
       1     MET 999.000 999.000 999.000 999.000 999.000 999.000-999.000-999.000 999.000 999.000 999.000 999.000
       2     SER 999.000 999.000 999.000 999.000 999.000 999.000 999.000 999.000 999.000 999.000 999.000 999.000
       3     GLN  56.834 999.000  28.233 999.000 177.287 999.000   8.633 999.000 121.377 999.000   4.351 999.000
       4     SER  61.221 999.000  62.946 999.000 175.828 999.000   8.741 999.000 115.392 999.000   4.165 999.000
       5     ASN  55.167 999.000  38.543 999.000 176.364 999.000   8.066 999.000 119.664 999.000   4.709 999.000
       6     ARG  59.437 999.000  29.746 999.000 177.937 999.000   7.847 999.000 121.388 999.000   4.111 999.000
       7     GLU  59.094 999.000  29.101 999.000 178.817 999.000   7.998 999.000 118.556 999.000   3.996 999.000
       8     LEU  57.519 999.000  41.650 999.000 178.589 999.000   7.336 999.000 119.400 999.000   4.012 999.000
       9     VAL  66.478 999.000  31.420 999.000 177.541 999.000   7.798 999.000 119.290 999.000   3.635 999.000
      10     VAL  67.033 999.000  31.218 999.000 176.451 999.000   8.430 999.000 119.092 999.000   3.113 999.000
      11     ASP  57.613 999.000  41.008 999.000 177.671 999.000   7.571 999.000 119.874 999.000   4.217 999.000
      12     PHE  61.430 999.000  39.642 999.000 176.999 999.000   7.636 999.000 120.685 999.000   4.169 999.000
      13     LEU  58.153 999.000  40.997 999.000 178.568 999.000   8.525 999.000 118.196 999.000   3.925 999.000
      14     SER  62.035 999.000  62.588 999.000 176.435 999.000   8.157 999.000 114.991 999.000   4.140 999.000
      15     TYR  61.112 999.000  37.908 999.000 176.979 999.000   7.919 999.000 124.011 999.000   4.259 999.000
      16     LYS  58.477 999.000  31.345 999.000 178.943 999.000   7.888 999.000 118.039 999.000   3.708 999.000
      17     LEU  57.632 999.000  41.697 999.000 178.830 999.000   8.366 999.000 119.004 999.000   4.224 999.000
      18     SER  61.560 999.000  62.933 999.000 177.087 999.000   8.447 999.000 115.829 999.000   4.230 999.000
      19     GLN  57.918 999.000  28.524 999.000 177.165 999.000   7.963 999.000 119.849 999.000   4.057 999.000
      20     LYS  55.593 999.000  32.376 999.000 176.546 999.000   7.322 999.000 116.752 999.000   4.267 999.000
      21     GLY  45.437 999.000-999.000-999.000 174.009 999.000   7.577 999.000 107.586 999.000   3.832 999.000
      22     TYR  56.625 999.000  39.455 999.000 175.534 999.000   7.918 999.000 120.079 999.000   4.818 999.000
      23     SER  57.141 999.000  64.309 999.000 174.929 999.000   8.280 999.000 117.142 999.000   4.618 999.000
      24     TRP  59.595 999.000  29.902 999.000 177.539 999.000   9.114 999.000 126.663 999.000   4.564 999.000
      25     SER  61.178 999.000  62.444 999.000 176.108 999.000   8.433 999.000 114.592 999.000   4.077 999.000
      26     GLN  57.428 999.000  28.751 999.000 176.284 999.000   7.327 999.000 120.741 999.000   3.934 999.000
      27     PHE  57.652 999.000  40.316 999.000 176.103 999.000   7.254 999.000 116.000 999.000   4.370 999.000
      28     SER  57.530 999.000  64.820 999.000 174.135 999.000   7.143 999.000 114.471 999.000   4.256 999.000
      29     ASP  53.622 999.000  40.647 999.000 176.941 999.000   8.391 999.000 122.326 999.000   4.613 999.000
      30     VAL  64.258 999.000  31.761 999.000 177.433 999.000   8.295 999.000 121.550 999.000   3.874 999.000
      31     GLU  58.113 999.000  29.118 999.000 177.593 999.000   8.392 999.000 119.655 999.000   4.148 999.000
      32     GLU  57.119 999.000  30.083 999.000 177.170 999.000   7.851 999.000 117.795 999.000   4.219 999.000
      33     ASN  53.302 999.000  38.675 999.000 175.670 999.000   7.651 999.000 117.752 999.000   4.697 999.000
      34     ARG  56.292 999.000  30.583 999.000 176.636 999.000   8.228 999.000 120.720 999.000   4.385 999.000
      35     THR  62.108 999.000  69.810 999.000 174.816 999.000   8.023 999.000 113.315 999.000   4.330 999.000
      36     GLU  56.307 999.000  30.446 999.000 175.771 999.000   8.491 999.000 121.786 999.000   4.307 999.000
      37     ALA  50.900 999.000  18.234 999.000 175.650 999.000   8.219 999.000 123.743 999.000   4.488 999.000
      38     PRO  62.977 999.000  32.373 999.000 176.589 999.000-999.000-999.000 999.000 999.000   4.536 999.000
      39     GLU  56.240 999.000  30.400 999.000 176.838 999.000   8.499 999.000 120.444 999.000   4.259 999.000
      40     GLY  45.257 999.000-999.000-999.000 174.695 999.000   8.545 999.000 109.407 999.000   4.062 999.000
      41     THR  61.473 999.000  70.537 999.000 175.044 999.000   8.119 999.000 112.825 999.000   4.457 999.000
      42     GLU  58.241 999.000  29.191 999.000 177.495 999.000   8.877 999.000 121.441 999.000   4.195 999.000
      43     SER  60.300 999.000  63.189 999.000 175.793 999.000   8.231 999.000 114.982 999.000   4.230 999.000
      44     GLU  59.334 999.000  28.977 999.000 178.441 999.000   7.953 999.000 123.100 999.000   3.957 999.000
      45     ALA  54.857 999.000  18.309 999.000 179.638 999.000   7.907 999.000 120.466 999.000   4.187 999.000
      46     VAL  65.853 999.000  31.374 999.000 177.831 999.000   7.406 999.000 119.337 999.000   3.649 999.000
      47     LYS  60.146 999.000  32.007 999.000 178.890 999.000   8.220 999.000 119.721 999.000   3.736 999.000
      48     GLN  58.737 999.000  28.245 999.000 178.157 999.000   8.103 999.000 118.711 999.000   3.972 999.000
      49     ALA  55.114 999.000  18.151 999.000 179.593 999.000   7.859 999.000 122.397 999.000   4.059 999.000
      50     LEU  58.163 999.000  41.534 999.000 178.802 999.000   8.524 999.000 118.896 999.000   4.080 999.000
      51     ARG  59.788 999.000  29.810 999.000 178.478 999.000   8.008 999.000 118.875 999.000   3.937 999.000
      52     GLU  59.057 999.000  29.184 999.000 178.909 999.000   8.190 999.000 118.915 999.000   4.138 999.000
      53     ALA  54.848 999.000  18.201 999.000 179.433 999.000   8.472 999.000 121.730 999.000   4.223 999.000
      54     GLY  47.336 999.000-999.000-999.000 175.513 999.000   8.588 999.000 106.633 999.000   4.108 999.000
      55     ASP  56.802 999.000  40.412 999.000 178.003 999.000   8.351 999.000 122.031 999.000   4.606 999.000
      56     GLU  58.931 999.000  29.664 999.000 178.264 999.000   7.821 999.000 120.334 999.000   4.200 999.000
      57     PHE  61.915 999.000  38.986 999.000 178.068 999.000   8.716 999.000 119.605 999.000   4.263 999.000
      58     GLU  58.912 999.000  29.404 999.000 178.326 999.000   8.300 999.000 118.493 999.000   4.251 999.000
      59     LEU  56.981 999.000  42.562 999.000 177.814 999.000   7.528 999.000 120.016 999.000   4.255 999.000
      60     ARG  57.253 999.000  31.370 999.000 176.610 999.000   8.129 999.000 115.244 999.000   4.034 999.000
      61     TYR  56.295 999.000  38.061 999.000 175.617 999.000   7.919 999.000 117.445 999.000   4.790 999.000
      62     ARG  58.984 999.000  30.008 999.000 177.544 999.000   7.943 999.000 120.958 999.000   3.773 999.000
      63     ARG  57.574 999.000  29.461 999.000 177.686 999.000   8.293 999.000 117.607 999.000   4.174 999.000
      64     ALA  54.150 999.000  18.621 999.000 177.869 999.000   7.673 999.000 120.940 999.000   4.202 999.000
      65     PHE  57.704 999.000  39.937 999.000 176.277 999.000   7.581 999.000 112.909 999.000   4.791 999.000
      66     SER  61.253 999.000  62.543 999.000 176.236 999.000   8.274 999.000 116.798 999.000   4.192 999.000
      67     ASP  56.127 999.000  39.994 999.000 178.124 999.000   7.838 999.000 122.010 999.000   4.499 999.000
      68     LEU  57.444 999.000  41.606 999.000 178.686 999.000   7.591 999.000 119.938 999.000   4.016 999.000
      69     THR  65.345 999.000  68.628 999.000 176.735 999.000   8.225 999.000 112.719 999.000   4.242 999.000
      70     SER  60.387 999.000  63.439 999.000 175.676 999.000   7.792 999.000 116.685 999.000   4.355 999.000
      71     GLN  57.339 999.000  28.943 999.000 177.070 999.000   7.545 999.000 121.091 999.000   4.221 999.000
      72     LEU  54.697 999.000  42.201 999.000 176.207 999.000   7.247 999.000 120.802 999.000   4.276 999.000
      73     HIS  55.894 999.000  29.895 999.000 175.429 999.000   8.590 999.000 125.744 999.000   4.631 999.000
      74     ILE  60.935 999.000  38.794 999.000 175.184 999.000   8.080 999.000 123.898 999.000   4.428 999.000
      75     THR  58.454 999.000  69.983 999.000 173.720 999.000   7.990 999.000 116.961 999.000   4.780 999.000
      76     PRO  64.721 999.000  31.632 999.000 177.556 999.000-999.000-999.000 999.000 999.000   4.412 999.000
      77     GLY  45.074 999.000-999.000-999.000 175.059 999.000   8.334 999.000 107.564 999.000   4.134 999.000
      78     THR  63.635 999.000  69.472 999.000 174.180 999.000   7.696 999.000 117.744 999.000   4.226 999.000
      79     ALA  50.865 999.000  21.144 999.000 176.784 999.000   8.615 999.000 128.832 999.000   4.698 999.000
      80     TYR  61.094 999.000  38.045 999.000 177.298 999.000   8.889 999.000 120.774 999.000   3.106 999.000
      81     GLN  58.750 999.000  27.729 999.000 178.166 999.000   8.457 999.000 118.144 999.000   3.842 999.000
      82     SER  60.784 999.000  62.931 999.000 176.019 999.000   7.571 999.000 114.644 999.000   4.262 999.000
      83     PHE  60.913 999.000  39.365 999.000 176.606 999.000   7.155 999.000 123.572 999.000   4.172 999.000
      84     GLU  59.910 999.000  29.328 999.000 178.363 999.000   8.558 999.000 119.200 999.000   3.584 999.000
      85     GLN  58.506 999.000  28.332 999.000 178.308 999.000   7.547 999.000 117.282 999.000   3.974 999.000
      86     VAL  65.011 999.000  31.973 999.000 177.733 999.000   7.088 999.000 119.210 999.000   3.703 999.000
      87     VAL  65.528 999.000  31.110 999.000 177.766 999.000   7.692 999.000 118.623 999.000   3.309 999.000
      88     ASN  55.982 999.000  37.876 999.000 177.308 999.000   8.407 999.000 118.290 999.000   4.299 999.000
      89     GLU  58.429 999.000  29.577 999.000 178.035 999.000   7.344 999.000 119.553 999.000   4.073 999.000
      90     LEU  56.862 999.000  41.871 999.000 177.036 999.000   7.300 999.000 119.221 999.000   3.956 999.000
      91     PHE  58.655 999.000  39.175 999.000 176.251 999.000   7.632 999.000 115.145 999.000   4.445 999.000
      92     ARG  58.685 999.000  29.781 999.000 176.903 999.000   7.555 999.000 120.333 999.000   3.948 999.000
      93     ASP  53.837 999.000  40.712 999.000 176.285 999.000   8.111 999.000 116.809 999.000   4.618 999.000
      94     GLY  44.683 999.000-999.000-999.000 173.327 999.000   7.519 999.000 107.964 999.000   4.070 999.000
      95     VAL  62.084 999.000  32.539 999.000 175.211 999.000   7.976 999.000 119.674 999.000   3.879 999.000
      96     ASN  51.975 999.000  41.158 999.000 174.627 999.000   7.668 999.000 122.238 999.000   4.302 999.000
      97     TRP  60.123 999.000  30.386 999.000 178.154 999.000   8.910 999.000 120.654 999.000   4.534 999.000
      98     GLY  47.098 999.000-999.000-999.000 175.928 999.000   8.903 999.000 106.963 999.000   4.138 999.000
      99     ARG  58.787 999.000  29.878 999.000 178.280 999.000   8.004 999.000 121.453 999.000   4.165 999.000
     100     ILE  65.304 999.000  37.672 999.000 177.583 999.000   7.992 999.000 120.696 999.000   4.022 999.000
     101     VAL  66.941 999.000  31.283 999.000 176.751 999.000   8.337 999.000 119.504 999.000   3.436 999.000
     102     ALA  55.515 999.000  18.045 999.000 178.715 999.000   8.231 999.000 122.662 999.000   3.916 999.000
     103     PHE  60.737 999.000  38.509 999.000 176.914 999.000   8.288 999.000 119.657 999.000   4.253 999.000
     104     PHE  62.648 999.000  38.763 999.000 177.638 999.000   8.675 999.000 118.481 999.000   3.614 999.000
     105     SER  61.967 999.000  62.639 999.000 176.457 999.000   8.384 999.000 115.348 999.000   4.137 999.000
     106     PHE  60.121 999.000  38.340 999.000 176.822 999.000   8.797 999.000 123.691 999.000   4.329 999.000
     107     GLY  47.548 999.000-999.000-999.000 176.195 999.000   8.228 999.000 106.666 999.000   3.631 999.000
     108     GLY  47.307 999.000-999.000-999.000 175.497 999.000   8.441 999.000 109.649 999.000   3.940 999.000
     109     ALA  54.848 999.000  18.340 999.000 178.957 999.000   8.214 999.000 124.593 999.000   4.177 999.000
     110     LEU  58.021 999.000  41.622 999.000 177.627 999.000   8.579 999.000 119.732 999.000   4.113 999.000
     111     CYS 999.000 999.000 999.000 999.000 999.000 999.000 999.000 999.000 999.000 999.000   3.935 999.000
     112     VAL  66.405 999.000  31.281 999.000 177.569 999.000   8.026 999.000 120.201 999.000   3.496 999.000
     113     GLU  59.519 999.000  29.053 999.000 178.496 999.000   8.402 999.000 120.437 999.000   4.013 999.000
     114     SER  62.093 999.000  63.029 999.000 176.315 999.000   8.165 999.000 115.647 999.000   4.106 999.000
     115     VAL  65.269 999.000  31.234 999.000 177.657 999.000   7.611 999.000 120.781 999.000   3.588 999.000
     116     ASP  56.393 999.000  41.140 999.000 177.717 999.000   7.917 999.000 119.911 999.000   4.433 999.000
     117     LYS  56.506 999.000  32.167 999.000 176.013 999.000   7.807 999.000 116.571 999.000   4.214 999.000
     118     GLU  57.403 999.000  27.195 999.000 175.570 999.000   7.917 999.000 115.619 999.000   4.008 999.000
     119     MET  54.746 999.000  31.957 999.000 176.130 999.000   8.446 999.000 118.921 999.000   4.729 999.000
     120     GLN  58.800 999.000  27.927 999.000 177.620 999.000   7.963 999.000 119.767 999.000   3.879 999.000
     121     VAL  64.103 999.000  31.542 999.000 177.238 999.000   7.653 999.000 118.102 999.000   3.863 999.000
     122     LEU  56.847 999.000  41.333 999.000 178.122 999.000   7.798 999.000 119.794 999.000   3.947 999.000
     123     VAL  66.624 999.000  31.272 999.000 177.782 999.000   7.451 999.000 118.838 999.000   3.275 999.000
     124     SER  61.419 999.000  62.784 999.000 176.328 999.000   8.296 999.000 114.491 999.000   4.120 999.000
     125     ARG  58.519 999.000  30.048 999.000 178.091 999.000   6.841 999.000 122.546 999.000   3.776 999.000
     126     ILE  65.615 999.000  37.755 999.000 177.408 999.000   8.245 999.000 120.836 999.000   2.937 999.000
     127     ALA  55.487 999.000  18.123 999.000 179.157 999.000   7.817 999.000 120.613 999.000   3.912 999.000
     128     ALA  54.944 999.000  18.445 999.000 178.851 999.000   7.231 999.000 121.227 999.000   4.163 999.000
     129     TRP  58.636 999.000  28.551 999.000 178.831 999.000   8.723 999.000 119.903 999.000   4.361 999.000
     130     MET  59.775 999.000  32.752 999.000 177.780 999.000   8.735 999.000 117.362 999.000   4.521 999.000
     131     ALA  55.184 999.000  18.269 999.000 178.643 999.000   8.049 999.000 121.624 999.000   4.184 999.000
     132     THR  66.781 999.000  67.959 999.000 175.564 999.000   8.435 999.000 116.147 999.000   4.008 999.000
     133     TYR  62.213 999.000  38.788 999.000 176.897 999.000   8.712 999.000 122.959 999.000   4.199 999.000
     134     LEU  58.564 999.000  41.441 999.000 177.806 999.000   8.700 999.000 119.186 999.000   4.055 999.000
     135     ASN  56.197 999.000  38.928 999.000 177.217 999.000   8.082 999.000 116.594 999.000   4.383 999.000
     136     ASP  55.978 999.000  40.879 999.000 176.924 999.000   8.149 999.000 118.195 999.000   4.394 999.000
     137     HIS  57.284 999.000  31.911 999.000 175.881 999.000   7.779 999.000 114.075 999.000   4.411 999.000
     138     LEU  56.201 999.000  42.435 999.000 177.663 999.000   7.921 999.000 116.598 999.000   4.167 999.000
     139     GLU  61.694 999.000  28.128 999.000 176.141 999.000   8.814 999.000 119.703 999.000   4.026 999.000
     140     PRO  65.407 999.000  31.446 999.000 178.035 999.000-999.000-999.000 999.000 999.000   4.207 999.000
     141     TRP  60.534 999.000  29.496 999.000 177.767 999.000   7.119 999.000 118.567 999.000   4.187 999.000
     142     ILE  65.607 999.000  37.904 999.000 177.265 999.000   8.460 999.000 119.914 999.000   3.153 999.000
     143     GLN  59.015 999.000  28.038 999.000 178.565 999.000   8.346 999.000 118.035 999.000   3.975 999.000
     144     GLU  58.240 999.000  29.674 999.000 177.807 999.000   7.492 999.000 119.108 999.000   3.996 999.000
     145     ASN  54.432 999.000  39.594 999.000 175.595 999.000   7.682 999.000 115.267 999.000   4.295 999.000
     146     GLY  45.173 999.000-999.000-999.000 174.713 999.000   7.560 999.000 107.568 999.000   4.107 999.000
     147     GLY  44.283 999.000-999.000-999.000 173.644 999.000   8.283 999.000 107.538 999.000   4.135 999.000
     148     TRP  59.808 999.000  29.711 999.000 177.566 999.000   8.884 999.000 119.932 999.000   4.608 999.000
     149     ASP  56.808 999.000  39.710 999.000 178.136 999.000   8.446 999.000 119.701 999.000   4.428 999.000
     150     THR  64.553 999.000  68.654 999.000 175.983 999.000   7.600 999.000 113.753 999.000   4.113 999.000
     151     PHE  60.587 999.000  39.529 999.000 176.555 999.000   7.565 999.000 123.450 999.000   3.803 999.000
     152     VAL  64.938 999.000  31.197 999.000 177.539 999.000   7.788 999.000 116.145 999.000   3.759 999.000
     153     GLU  57.729 999.000  29.760 999.000 176.809 999.000   7.451 999.000 118.615 999.000   4.117 999.000
     154     LEU  56.009 999.000  43.629 999.000 176.766 999.000   7.132 999.000 118.034 999.000   4.088 999.000
     155     TYR  57.723 999.000  40.917 999.000 175.492 999.000   7.987 999.000 114.990 999.000   4.501 999.000
     156     GLY  44.567 999.000-999.000-999.000 174.228 999.000   8.195 999.000 106.938 999.000   4.086 999.000
     157     ASN  55.711 999.000  38.464 999.000 176.904 999.000   8.777 999.000 118.926 999.000   4.355 999.000
     158     ASN  55.216 999.000  38.147 999.000 176.687 999.000   8.426 999.000 117.112 999.000   4.534 999.000
     159     ALA  54.536 999.000  18.304 999.000 179.306 999.000   7.707 999.000 123.051 999.000   4.068 999.000
     160     ALA  54.443 999.000  18.001 999.000 179.656 999.000   7.918 999.000 120.284 999.000   4.118 999.000
     161     ALA  54.557 999.000  17.994 999.000 179.916 999.000   7.692 999.000 120.568 999.000   4.167 999.000
     162     GLU  58.956 999.000  29.051 999.000 179.248 999.000   7.934 999.000 117.947 999.000   4.125 999.000
     163     SER  60.976 999.000  63.029 999.000 176.656 999.000   7.977 999.000 115.263 999.000   4.264 999.000
     164     ARG  58.160 999.000  29.629 999.000 178.351 999.000   7.825 999.000 122.034 999.000   4.182 999.000
     165     LYS  58.043 999.000  31.986 999.000 178.708 999.000   7.915 999.000 118.964 999.000   4.186 999.000
     166     GLY  45.873 999.000-999.000-999.000 175.164 999.000   7.833 999.000 107.196 999.000   3.974 999.000
     167     GLN  57.108 999.000  28.952 999.000 177.149 999.000   7.790 999.000 120.041 999.000   4.253 999.000
     168     GLU  57.120 999.000  29.898 999.000 177.001 999.000   7.671 999.000 118.627 999.000   4.296 999.000
     169     ARG 999.000 999.000 999.000 999.000 999.000 999.000 999.000 999.000 999.000 999.000 999.000 999.000
