   index residue  pre_ca  exp_ca  pre_cb  exp_cb   pre_c   exp_c   pre_h   exp_h   pre_n   exp_n  pre_ha  exp_ha
       1     MET 999.000 999.000 999.000 999.000 999.000 999.000-999.000-999.000 999.000 999.000 999.000 999.000
       2     SER 999.000 999.000 999.000 999.000 999.000 999.000 999.000 999.000 999.000 999.000 999.000 999.000
       3     GLN  56.275 999.000  28.404 999.000 176.958 999.000   8.276 999.000 121.990 999.000   4.425 999.000
       4     SER  61.237 999.000  62.973 999.000 176.018 999.000   8.709 999.000 116.565 999.000   4.163 999.000
       5     ASN  55.774 999.000  38.206 999.000 176.731 999.000   8.059 999.000 120.033 999.000   4.603 999.000
       6     ARG  59.267 999.000  29.797 999.000 177.928 999.000   7.816 999.000 121.025 999.000   4.168 999.000
       7     GLU  59.141 999.000  29.148 999.000 179.108 999.000   7.906 999.000 118.867 999.000   4.009 999.000
       8     LEU  57.740 999.000  41.534 999.000 178.679 999.000   7.501 999.000 119.573 999.000   4.001 999.000
       9     VAL  66.379 999.000  31.420 999.000 177.569 999.000   7.658 999.000 119.118 999.000   3.684 999.000
      10     VAL  67.132 999.000  31.261 999.000 176.351 999.000   8.508 999.000 119.570 999.000   3.051 999.000
      11     ASP  57.546 999.000  40.806 999.000 177.852 999.000   7.628 999.000 119.563 999.000   4.239 999.000
      12     PHE  61.447 999.000  39.544 999.000 176.921 999.000   7.544 999.000 120.952 999.000   4.173 999.000
      13     LEU  58.088 999.000  41.019 999.000 178.569 999.000   8.621 999.000 118.569 999.000   3.889 999.000
      14     SER  62.286 999.000  62.559 999.000 176.553 999.000   8.297 999.000 115.060 999.000   4.156 999.000
      15     TYR  61.234 999.000  38.039 999.000 177.059 999.000   8.036 999.000 124.065 999.000   4.275 999.000
      16     LYS  58.630 999.000  31.373 999.000 178.997 999.000   8.001 999.000 118.228 999.000   3.744 999.000
      17     LEU  57.676 999.000  41.654 999.000 178.836 999.000   8.498 999.000 119.086 999.000   4.229 999.000
      18     SER  61.550 999.000  62.910 999.000 177.200 999.000   8.448 999.000 115.885 999.000   4.229 999.000
      19     GLN  57.970 999.000  28.491 999.000 177.081 999.000   8.009 999.000 119.659 999.000   4.044 999.000
      20     LYS  55.369 999.000  32.339 999.000 176.450 999.000   7.327 999.000 116.649 999.000   4.282 999.000
      21     GLY  45.464 999.000-999.000-999.000 174.029 999.000   7.626 999.000 107.639 999.000   3.826 999.000
      22     TYR  56.606 999.000  39.537 999.000 175.464 999.000   7.904 999.000 120.011 999.000   4.814 999.000
      23     SER  57.041 999.000  64.272 999.000 174.930 999.000   8.354 999.000 116.859 999.000   4.627 999.000
      24     TRP  59.935 999.000  29.807 999.000 177.567 999.000   9.085 999.000 127.004 999.000   4.449 999.000
      25     SER  61.060 999.000  62.470 999.000 176.040 999.000   8.418 999.000 114.296 999.000   4.086 999.000
      26     GLN  57.263 999.000  28.843 999.000 176.259 999.000   7.287 999.000 120.780 999.000   3.941 999.000
      27     PHE  57.579 999.000  40.212 999.000 176.029 999.000   7.264 999.000 115.766 999.000   4.411 999.000
      28     SER  57.565 999.000  64.788 999.000 174.115 999.000   7.112 999.000 114.413 999.000   4.258 999.000
      29     ASP  53.732 999.000  41.171 999.000 176.943 999.000   8.372 999.000 122.256 999.000   4.590 999.000
      30     VAL  64.204 999.000  31.801 999.000 177.380 999.000   8.404 999.000 121.972 999.000   3.913 999.000
      31     GLU  58.107 999.000  29.141 999.000 177.446 999.000   8.324 999.000 119.795 999.000   4.161 999.000
      32     GLU  56.811 999.000  30.146 999.000 176.873 999.000   7.845 999.000 117.497 999.000   4.248 999.000
      33     ASN  53.132 999.000  38.773 999.000 175.390 999.000   7.600 999.000 118.129 999.000   4.702 999.000
      34     ARG  55.681 999.000  30.673 999.000 176.222 999.000   8.470 999.000 123.141 999.000   4.443 999.000
      35     THR  62.789 999.000  69.337 999.000 175.261 999.000   8.328 999.000 115.363 999.000   4.218 999.000
      36     GLU  56.450 999.000  30.547 999.000 175.761 999.000   8.334 999.000 121.002 999.000   4.326 999.000
      37     ALA  50.738 999.000  18.522 999.000 175.471 999.000   8.007 999.000 122.922 999.000   4.528 999.000
      38     PRO  62.858 999.000  32.429 999.000 176.600 999.000-999.000-999.000 999.000 999.000   4.552 999.000
      39     GLU  56.378 999.000  30.341 999.000 176.898 999.000   8.532 999.000 121.065 999.000   4.237 999.000
      40     GLY  45.328 999.000-999.000-999.000 174.974 999.000   8.635 999.000 109.699 999.000   4.071 999.000
      41     THR  62.225 999.000  69.986 999.000 175.396 999.000   8.149 999.000 113.251 999.000   4.321 999.000
      42     GLU  58.233 999.000  29.303 999.000 177.518 999.000   8.765 999.000 121.091 999.000   4.202 999.000
      43     SER  60.428 999.000  63.184 999.000 175.952 999.000   8.209 999.000 114.921 999.000   4.217 999.000
      44     GLU  59.357 999.000  28.916 999.000 178.537 999.000   7.870 999.000 122.865 999.000   3.964 999.000
      45     ALA  54.911 999.000  18.272 999.000 179.657 999.000   7.884 999.000 120.376 999.000   4.176 999.000
      46     VAL  65.646 999.000  31.420 999.000 177.792 999.000   7.353 999.000 119.286 999.000   3.626 999.000
      47     LYS  60.186 999.000  32.018 999.000 178.866 999.000   8.206 999.000 120.035 999.000   3.753 999.000
      48     GLN  58.822 999.000  28.240 999.000 178.251 999.000   8.185 999.000 118.510 999.000   3.961 999.000
      49     ALA  55.137 999.000  18.158 999.000 179.562 999.000   7.790 999.000 122.489 999.000   4.034 999.000
      50     LEU  58.168 999.000  41.560 999.000 178.850 999.000   8.469 999.000 118.854 999.000   4.027 999.000
      51     ARG  59.809 999.000  29.810 999.000 178.519 999.000   8.136 999.000 119.001 999.000   4.023 999.000
      52     GLU  59.054 999.000  29.149 999.000 178.925 999.000   8.205 999.000 118.878 999.000   4.140 999.000
      53     ALA  54.908 999.000  18.126 999.000 179.505 999.000   8.405 999.000 121.793 999.000   4.057 999.000
      54     GLY  47.244 999.000-999.000-999.000 175.432 999.000   8.493 999.000 106.595 999.000   4.088 999.000
      55     ASP  56.738 999.000  40.372 999.000 178.002 999.000   8.214 999.000 122.201 999.000   4.576 999.000
      56     GLU  58.789 999.000  29.640 999.000 178.356 999.000   7.901 999.000 120.088 999.000   4.194 999.000
      57     PHE  61.822 999.000  39.159 999.000 177.458 999.000   8.664 999.000 120.507 999.000   4.214 999.000
      58     GLU  58.827 999.000  29.272 999.000 178.366 999.000   8.296 999.000 117.944 999.000   4.114 999.000
      59     LEU  56.821 999.000  42.182 999.000 178.156 999.000   7.504 999.000 119.904 999.000   4.220 999.000
      60     ARG  57.964 999.000  30.663 999.000 177.189 999.000   7.820 999.000 117.228 999.000   3.950 999.000
      61     TYR  56.332 999.000  37.830 999.000 175.470 999.000   8.110 999.000 118.686 999.000   4.755 999.000
      62     ARG  58.351 999.000  30.198 999.000 176.725 999.000   8.087 999.000 121.342 999.000   4.043 999.000
      63     ARG  56.296 999.000  30.757 999.000 176.315 999.000   8.170 999.000 117.169 999.000   4.394 999.000
      64     ALA  54.522 999.000  18.656 999.000 178.355 999.000   8.168 999.000 121.171 999.000   4.051 999.000
      65     PHE  58.703 999.000  39.099 999.000 176.527 999.000   7.904 999.000 114.356 999.000   4.685 999.000
      66     SER  61.371 999.000  62.550 999.000 176.247 999.000   7.993 999.000 116.350 999.000   4.219 999.000
      67     ASP  56.312 999.000  40.009 999.000 178.243 999.000   7.990 999.000 121.905 999.000   4.505 999.000
      68     LEU  57.594 999.000  41.831 999.000 178.686 999.000   7.524 999.000 120.368 999.000   4.056 999.000
      69     THR  64.697 999.000  68.714 999.000 176.626 999.000   8.287 999.000 110.505 999.000   4.199 999.000
      70     SER  60.376 999.000  63.383 999.000 175.584 999.000   7.787 999.000 116.996 999.000   4.365 999.000
      71     GLN  57.120 999.000  28.908 999.000 176.735 999.000   7.555 999.000 120.503 999.000   4.221 999.000
      72     LEU  54.536 999.000  42.625 999.000 176.252 999.000   7.179 999.000 120.433 999.000   4.320 999.000
      73     HIS  55.686 999.000  29.793 999.000 175.466 999.000   8.549 999.000 123.944 999.000   4.652 999.000
      74     ILE  61.099 999.000  38.635 999.000 175.242 999.000   8.100 999.000 123.832 999.000   4.386 999.000
      75     THR  58.437 999.000  69.988 999.000 173.710 999.000   7.996 999.000 117.068 999.000   4.802 999.000
      76     PRO  64.694 999.000  31.656 999.000 177.608 999.000-999.000-999.000 999.000 999.000   4.406 999.000
      77     GLY  45.070 999.000-999.000-999.000 175.078 999.000   8.339 999.000 107.511 999.000   4.130 999.000
      78     THR  63.436 999.000  69.522 999.000 174.151 999.000   7.690 999.000 117.518 999.000   4.246 999.000
      79     ALA  50.809 999.000  21.203 999.000 176.772 999.000   8.577 999.000 128.504 999.000   4.689 999.000
      80     TYR  61.155 999.000  38.041 999.000 177.296 999.000   8.836 999.000 120.823 999.000   3.028 999.000
      81     GLN  58.765 999.000  27.712 999.000 178.122 999.000   8.435 999.000 118.414 999.000   3.853 999.000
      82     SER  60.711 999.000  62.966 999.000 175.827 999.000   7.621 999.000 114.568 999.000   4.272 999.000
      83     PHE  60.787 999.000  39.494 999.000 176.575 999.000   7.195 999.000 123.686 999.000   4.174 999.000
      84     GLU  59.883 999.000  29.258 999.000 178.378 999.000   8.489 999.000 118.987 999.000   3.501 999.000
      85     GLN  58.278 999.000  28.464 999.000 177.956 999.000   7.477 999.000 116.872 999.000   3.969 999.000
      86     VAL  64.804 999.000  32.176 999.000 177.645 999.000   7.022 999.000 118.895 999.000   3.698 999.000
      87     VAL  64.204 999.000  30.975 999.000 177.388 999.000   7.396 999.000 114.965 999.000   3.425 999.000
      88     ASN  56.415 999.000  38.672 999.000 176.558 999.000   8.164 999.000 119.655 999.000   4.286 999.000
      89     GLU  58.708 999.000  29.210 999.000 177.697 999.000   7.697 999.000 118.467 999.000   4.104 999.000
      90     LEU  55.201 999.000  41.175 999.000 175.820 999.000   7.180 999.000 117.287 999.000   4.268 999.000
      91     PHE  59.716 999.000  41.358 999.000 176.703 999.000   7.545 999.000 118.394 999.000   4.286 999.000
      92     ARG  58.834 999.000  29.790 999.000 176.850 999.000   8.506 999.000 119.610 999.000   3.925 999.000
      93     ASP  53.573 999.000  40.440 999.000 176.192 999.000   7.993 999.000 117.550 999.000   4.603 999.000
      94     GLY  44.790 999.000-999.000-999.000 173.357 999.000   7.540 999.000 108.404 999.000   3.970 999.000
      95     VAL  61.002 999.000  33.521 999.000 174.796 999.000   7.797 999.000 119.139 999.000   3.945 999.000
      96     ASN  51.981 999.000  40.997 999.000 174.758 999.000   7.514 999.000 120.816 999.000   4.242 999.000
      97     TRP  60.211 999.000  30.286 999.000 178.184 999.000   8.867 999.000 119.848 999.000   4.556 999.000
      98     GLY  47.023 999.000-999.000-999.000 175.820 999.000   8.865 999.000 107.127 999.000   4.164 999.000
      99     ARG  59.055 999.000  30.169 999.000 178.227 999.000   7.939 999.000 121.501 999.000   4.225 999.000
     100     ILE  65.057 999.000  37.590 999.000 177.590 999.000   7.951 999.000 120.407 999.000   3.916 999.000
     101     VAL  66.890 999.000  31.290 999.000 176.737 999.000   8.323 999.000 119.466 999.000   3.517 999.000
     102     ALA  55.509 999.000  18.039 999.000 178.711 999.000   8.405 999.000 122.695 999.000   3.824 999.000
     103     PHE  60.861 999.000  38.557 999.000 176.915 999.000   8.184 999.000 119.463 999.000   4.218 999.000
     104     PHE  62.727 999.000  38.780 999.000 177.609 999.000   8.595 999.000 118.319 999.000   3.628 999.000
     105     SER  61.944 999.000  62.605 999.000 176.425 999.000   8.441 999.000 115.308 999.000   4.234 999.000
     106     PHE  60.448 999.000  38.506 999.000 176.824 999.000   8.746 999.000 123.450 999.000   4.109 999.000
     107     GLY  47.536 999.000-999.000-999.000 176.182 999.000   8.206 999.000 106.621 999.000   3.646 999.000
     108     GLY  47.314 999.000-999.000-999.000 175.479 999.000   8.507 999.000 109.692 999.000   3.949 999.000
     109     ALA  54.848 999.000  18.339 999.000 178.954 999.000   8.082 999.000 124.514 999.000   4.130 999.000
     110     LEU  58.000 999.000  41.632 999.000 177.542 999.000   8.470 999.000 119.741 999.000   4.057 999.000
     111     CYS 999.000 999.000 999.000 999.000 999.000 999.000 999.000 999.000 999.000 999.000   3.934 999.000
     112     VAL  66.398 999.000  31.318 999.000 177.523 999.000   8.034 999.000 120.183 999.000   3.466 999.000
     113     GLU  59.453 999.000  29.151 999.000 178.375 999.000   8.394 999.000 120.628 999.000   4.007 999.000
     114     SER  62.109 999.000  63.053 999.000 176.322 999.000   8.112 999.000 115.508 999.000   4.103 999.000
     115     VAL  65.166 999.000  31.245 999.000 177.624 999.000   7.556 999.000 120.455 999.000   3.556 999.000
     116     ASP  56.372 999.000  41.166 999.000 177.711 999.000   7.893 999.000 120.000 999.000   4.440 999.000
     117     LYS  56.553 999.000  32.188 999.000 176.034 999.000   7.802 999.000 116.603 999.000   4.220 999.000
     118     GLU  57.397 999.000  27.280 999.000 175.661 999.000   7.898 999.000 115.536 999.000   3.986 999.000
     119     MET  54.823 999.000  31.674 999.000 176.080 999.000   8.346 999.000 119.005 999.000   4.705 999.000
     120     GLN  58.709 999.000  28.053 999.000 177.576 999.000   7.942 999.000 119.791 999.000   3.856 999.000
     121     VAL  63.995 999.000  31.580 999.000 177.227 999.000   7.660 999.000 117.735 999.000   3.869 999.000
     122     LEU  56.928 999.000  41.290 999.000 178.206 999.000   7.726 999.000 119.815 999.000   3.938 999.000
     123     VAL  66.547 999.000  31.251 999.000 177.791 999.000   7.373 999.000 118.757 999.000   3.278 999.000
     124     SER  61.428 999.000  62.846 999.000 176.389 999.000   8.206 999.000 114.687 999.000   4.132 999.000
     125     ARG  58.495 999.000  29.908 999.000 178.210 999.000   6.776 999.000 122.395 999.000   3.740 999.000
     126     ILE  65.552 999.000  37.677 999.000 177.423 999.000   8.198 999.000 120.753 999.000   3.008 999.000
     127     ALA  55.446 999.000  18.106 999.000 179.167 999.000   7.729 999.000 120.687 999.000   3.927 999.000
     128     ALA  54.982 999.000  18.420 999.000 178.927 999.000   7.269 999.000 121.094 999.000   4.165 999.000
     129     TRP  58.625 999.000  28.562 999.000 178.854 999.000   8.749 999.000 119.740 999.000   4.353 999.000
     130     MET  59.891 999.000  32.831 999.000 177.766 999.000   8.713 999.000 117.435 999.000   4.494 999.000
     131     ALA  55.252 999.000  18.272 999.000 178.600 999.000   8.018 999.000 121.870 999.000   4.146 999.000
     132     THR  66.820 999.000  67.963 999.000 175.636 999.000   8.488 999.000 115.988 999.000   3.991 999.000
     133     TYR  62.106 999.000  38.691 999.000 176.788 999.000   8.666 999.000 123.063 999.000   4.230 999.000
     134     LEU  58.510 999.000  41.456 999.000 177.943 999.000   8.672 999.000 119.309 999.000   3.994 999.000
     135     ASN  55.989 999.000  38.720 999.000 177.299 999.000   8.129 999.000 116.556 999.000   4.383 999.000
     136     ASP  55.990 999.000  40.891 999.000 176.937 999.000   8.137 999.000 118.250 999.000   4.383 999.000
     137     HIS  57.310 999.000  31.830 999.000 175.923 999.000   7.840 999.000 114.087 999.000   4.376 999.000
     138     LEU  56.202 999.000  42.441 999.000 177.673 999.000   7.827 999.000 116.497 999.000   4.269 999.000
     139     GLU  61.606 999.000  28.174 999.000 176.122 999.000   8.792 999.000 119.881 999.000   4.012 999.000
     140     PRO  65.429 999.000  31.436 999.000 178.053 999.000-999.000-999.000 999.000 999.000   4.208 999.000
     141     TRP  60.570 999.000  29.477 999.000 177.825 999.000   7.180 999.000 118.604 999.000   4.187 999.000
     142     ILE  65.609 999.000  37.966 999.000 177.398 999.000   8.386 999.000 119.767 999.000   3.154 999.000
     143     GLN  58.943 999.000  28.154 999.000 178.513 999.000   8.371 999.000 118.068 999.000   3.956 999.000
     144     GLU  58.259 999.000  29.663 999.000 177.728 999.000   7.547 999.000 118.986 999.000   4.007 999.000
     145     ASN  54.004 999.000  39.346 999.000 175.231 999.000   7.582 999.000 115.312 999.000   4.417 999.000
     146     GLY  45.123 999.000-999.000-999.000 174.795 999.000   7.719 999.000 107.958 999.000   4.134 999.000
     147     GLY  44.298 999.000-999.000-999.000 173.734 999.000   8.238 999.000 107.762 999.000   4.087 999.000
     148     TRP  59.681 999.000  29.867 999.000 177.604 999.000   8.758 999.000 119.842 999.000   4.638 999.000
     149     ASP  56.939 999.000  39.751 999.000 178.219 999.000   8.434 999.000 119.350 999.000   4.408 999.000
     150     THR  65.288 999.000  68.594 999.000 176.042 999.000   7.633 999.000 115.601 999.000   4.049 999.000
     151     PHE  60.555 999.000  39.587 999.000 176.585 999.000   7.482 999.000 122.776 999.000   3.829 999.000
     152     VAL  64.979 999.000  31.267 999.000 177.488 999.000   7.958 999.000 116.669 999.000   3.798 999.000
     153     GLU  57.652 999.000  29.789 999.000 176.849 999.000   7.488 999.000 118.550 999.000   4.113 999.000
     154     LEU  56.046 999.000  43.463 999.000 176.762 999.000   7.079 999.000 118.092 999.000   4.056 999.000
     155     TYR  57.696 999.000  40.914 999.000 175.401 999.000   7.896 999.000 115.017 999.000   4.518 999.000
     156     GLY  44.629 999.000-999.000-999.000 174.177 999.000   8.127 999.000 107.281 999.000   4.053 999.000
     157     ASN  55.854 999.000  38.521 999.000 176.918 999.000   8.815 999.000 118.983 999.000   4.343 999.000
     158     ASN  55.244 999.000  38.193 999.000 176.777 999.000   8.432 999.000 116.931 999.000   4.541 999.000
     159     ALA  54.616 999.000  18.280 999.000 179.365 999.000   7.647 999.000 123.067 999.000   4.065 999.000
     160     ALA  54.540 999.000  18.004 999.000 179.671 999.000   7.913 999.000 120.475 999.000   4.123 999.000
     161     ALA  54.731 999.000  17.998 999.000 179.954 999.000   7.768 999.000 120.702 999.000   4.156 999.000
     162     GLU  59.067 999.000  28.967 999.000 179.315 999.000   7.987 999.000 118.050 999.000   4.116 999.000
     163     SER  61.059 999.000  62.986 999.000 176.897 999.000   8.011 999.000 115.406 999.000   4.280 999.000
     164     ARG  58.602 999.000  29.596 999.000 178.578 999.000   7.929 999.000 122.219 999.000   4.141 999.000
     165     LYS  58.441 999.000  31.784 999.000 179.012 999.000   8.051 999.000 119.177 999.000   4.144 999.000
     166     GLY  46.244 999.000-999.000-999.000 175.737 999.000   7.885 999.000 107.478 999.000   3.955 999.000
     167     GLN  57.353 999.000  28.776 999.000 177.408 999.000   7.876 999.000 120.498 999.000   4.222 999.000
     168     GLU  57.443 999.000  29.693 999.000 177.281 999.000   7.731 999.000 118.540 999.000   4.275 999.000
     169     ARG 999.000 999.000 999.000 999.000 999.000 999.000 999.000 999.000 999.000 999.000 999.000 999.000
