   index residue  pre_ca  exp_ca  pre_cb  exp_cb   pre_c   exp_c   pre_h   exp_h   pre_n   exp_n  pre_ha  exp_ha
       1     MET 999.000 999.000 999.000 999.000 999.000 999.000-999.000-999.000 999.000 999.000 999.000 999.000
       2     SER 999.000 999.000 999.000 999.000 999.000 999.000 999.000 999.000 999.000 999.000 999.000 999.000
       3     GLN  57.083 999.000  29.178 999.000 176.905 999.000   8.082 999.000 119.459 999.000   4.266 999.000
       4     SER  60.330 999.000  63.282 999.000 175.896 999.000   7.846 999.000 115.118 999.000   4.162 999.000
       5     ASN  55.669 999.000  37.787 999.000 176.565 999.000   8.025 999.000 120.789 999.000   4.464 999.000
       6     ARG  58.795 999.000  30.111 999.000 177.583 999.000   7.744 999.000 119.772 999.000   4.113 999.000
       7     GLU  58.934 999.000  29.249 999.000 178.837 999.000   7.647 999.000 118.954 999.000   4.003 999.000
       8     LEU  57.736 999.000  41.439 999.000 178.583 999.000   7.670 999.000 118.870 999.000   4.095 999.000
       9     VAL  66.066 999.000  31.289 999.000 177.553 999.000   7.280 999.000 119.011 999.000   2.991 999.000
      10     VAL  66.963 999.000  31.177 999.000 176.371 999.000   7.825 999.000 119.486 999.000   3.681 999.000
      11     ASP  57.537 999.000  41.281 999.000 177.467 999.000   7.862 999.000 119.965 999.000   4.374 999.000
      12     PHE  61.523 999.000  39.685 999.000 177.292 999.000   8.014 999.000 120.561 999.000   4.213 999.000
      13     LEU  58.294 999.000  41.152 999.000 178.603 999.000   8.764 999.000 118.572 999.000   4.097 999.000
      14     SER  62.281 999.000  62.576 999.000 176.525 999.000   8.527 999.000 115.109 999.000   4.345 999.000
      15     TYR  60.926 999.000  37.882 999.000 177.006 999.000   8.547 999.000 124.368 999.000   4.340 999.000
      16     LYS  58.532 999.000  31.392 999.000 179.123 999.000   8.148 999.000 118.448 999.000   3.791 999.000
      17     LEU  58.078 999.000  41.541 999.000 178.738 999.000   8.544 999.000 119.905 999.000   4.045 999.000
      18     SER  61.799 999.000  62.809 999.000 177.141 999.000   8.445 999.000 115.876 999.000   4.259 999.000
      19     GLN  57.808 999.000  28.548 999.000 177.502 999.000   8.014 999.000 120.420 999.000   4.047 999.000
      20     LYS  56.350 999.000  32.640 999.000 177.105 999.000   7.306 999.000 117.685 999.000   4.071 999.000
      21     GLY  45.565 999.000-999.000-999.000 174.032 999.000   7.462 999.000 107.624 999.000   3.959 999.000
      22     TYR  54.610 999.000  40.044 999.000 175.259 999.000   8.268 999.000 119.480 999.000   4.779 999.000
      23     SER  56.364 999.000  66.037 999.000 174.542 999.000   8.635 999.000 113.376 999.000   4.769 999.000
      24     TRP  59.701 999.000  29.643 999.000 176.464 999.000   8.389 999.000 121.010 999.000   4.241 999.000
      25     SER  58.690 999.000  64.455 999.000 173.777 999.000   7.893 999.000 111.075 999.000   4.376 999.000
      26     GLN  54.527 999.000  31.947 999.000 175.022 999.000   7.537 999.000 119.751 999.000   4.369 999.000
      27     PHE  58.479 999.000  38.053 999.000 175.701 999.000   8.408 999.000 120.936 999.000   4.105 999.000
      28     SER  57.111 999.000  64.971 999.000 174.140 999.000   7.441 999.000 113.744 999.000   4.728 999.000
      29     ASP  55.021 999.000  39.677 999.000 177.220 999.000   8.664 999.000 124.735 999.000   4.430 999.000
      30     VAL  63.509 999.000  31.731 999.000 176.705 999.000   7.881 999.000 117.308 999.000   3.969 999.000
      31     GLU  56.449 999.000  29.928 999.000 176.516 999.000   8.051 999.000 120.224 999.000   4.279 999.000
      32     GLU  57.129 999.000  30.179 999.000 176.789 999.000   7.987 999.000 119.330 999.000   4.181 999.000
      33     ASN  53.458 999.000  38.073 999.000 175.205 999.000   8.514 999.000 116.558 999.000   4.596 999.000
      34     ARG  55.878 999.000  30.670 999.000 176.373 999.000   8.016 999.000 119.660 999.000   4.325 999.000
      35     THR  61.644 999.000  70.069 999.000 174.945 999.000   8.207 999.000 115.510 999.000   4.352 999.000
      36     GLU  56.547 999.000  30.050 999.000 175.894 999.000   8.610 999.000 122.817 999.000   4.214 999.000
      37     ALA  50.910 999.000  18.228 999.000 175.630 999.000   8.255 999.000 124.745 999.000   4.419 999.000
      38     PRO  62.871 999.000  32.383 999.000 176.923 999.000-999.000-999.000 999.000 999.000   4.524 999.000
      39     GLU  56.900 999.000  29.931 999.000 176.984 999.000   8.604 999.000 121.785 999.000   4.181 999.000
      40     GLY  45.579 999.000-999.000-999.000 174.933 999.000   8.656 999.000 111.138 999.000   4.077 999.000
      41     THR  61.986 999.000  70.095 999.000 175.081 999.000   7.493 999.000 115.080 999.000   4.345 999.000
      42     GLU  59.096 999.000  29.285 999.000 177.686 999.000   9.098 999.000 125.265 999.000   4.023 999.000
      43     SER  60.961 999.000  63.105 999.000 175.930 999.000   8.470 999.000 114.211 999.000   4.372 999.000
      44     GLU  58.793 999.000  29.192 999.000 178.161 999.000   7.987 999.000 122.610 999.000   4.059 999.000
      45     ALA  54.982 999.000  18.308 999.000 179.398 999.000   7.530 999.000 121.070 999.000   3.855 999.000
      46     VAL  66.100 999.000  31.241 999.000 177.867 999.000   7.338 999.000 118.732 999.000   3.517 999.000
      47     LYS  60.197 999.000  31.975 999.000 178.814 999.000   7.958 999.000 119.661 999.000   3.893 999.000
      48     GLN  58.701 999.000  28.108 999.000 178.217 999.000   8.158 999.000 118.816 999.000   3.953 999.000
      49     ALA  54.981 999.000  18.134 999.000 179.604 999.000   7.884 999.000 122.162 999.000   4.095 999.000
      50     LEU  57.594 999.000  41.520 999.000 178.849 999.000   8.151 999.000 118.617 999.000   4.152 999.000
      51     ARG  59.522 999.000  29.681 999.000 178.636 999.000   7.930 999.000 119.393 999.000   3.897 999.000
      52     GLU  59.003 999.000  29.332 999.000 178.825 999.000   8.099 999.000 119.027 999.000   4.082 999.000
      53     ALA  54.664 999.000  18.178 999.000 179.627 999.000   8.124 999.000 121.616 999.000   4.166 999.000
      54     GLY  47.075 999.000-999.000-999.000 175.490 999.000   8.431 999.000 106.667 999.000   4.201 999.000
      55     ASP  56.354 999.000  40.563 999.000 177.703 999.000   8.105 999.000 121.701 999.000   4.578 999.000
      56     GLU  58.396 999.000  29.810 999.000 178.011 999.000   7.771 999.000 119.930 999.000   4.168 999.000
      57     PHE  60.740 999.000  39.516 999.000 176.723 999.000   8.378 999.000 119.638 999.000   4.270 999.000
      58     GLU  56.710 999.000  29.928 999.000 177.534 999.000   7.720 999.000 116.020 999.000   4.149 999.000
      59     LEU  56.146 999.000  41.450 999.000 176.536 999.000   7.570 999.000 122.272 999.000   4.047 999.000
      60     ARG  57.430 999.000  27.899 999.000 175.486 999.000   8.853 999.000 122.748 999.000   3.808 999.000
      61     TYR  58.496 999.000  35.427 999.000 175.532 999.000   7.521 999.000 115.224 999.000   4.140 999.000
      62     ARG  57.917 999.000  30.170 999.000 176.923 999.000   7.547 999.000 119.211 999.000   4.081 999.000
      63     ARG  56.298 999.000  30.745 999.000 176.017 999.000   7.868 999.000 116.286 999.000   4.217 999.000
      64     ALA  52.001 999.000  18.727 999.000 176.709 999.000   7.518 999.000 122.386 999.000   4.185 999.000
      65     PHE  57.072 999.000  40.423 999.000 176.615 999.000   8.386 999.000 119.892 999.000   4.677 999.000
      66     SER  61.350 999.000  62.677 999.000 175.822 999.000   9.131 999.000 119.257 999.000   4.143 999.000
      67     ASP  56.114 999.000  39.936 999.000 177.132 999.000   8.361 999.000 120.993 999.000   4.437 999.000
      68     LEU  55.485 999.000  42.710 999.000 177.436 999.000   7.573 999.000 117.617 999.000   4.471 999.000
      69     THR  62.808 999.000  70.121 999.000 175.334 999.000   7.668 999.000 109.385 999.000   4.321 999.000
      70     SER  59.439 999.000  64.166 999.000 174.683 999.000   8.300 999.000 115.915 999.000   4.512 999.000
      71     GLN  55.206 999.000  28.213 999.000 175.752 999.000   8.047 999.000 121.145 999.000   4.366 999.000
      72     LEU  54.961 999.000  41.463 999.000 176.459 999.000   7.895 999.000 122.713 999.000   4.218 999.000
      73     HIS  55.482 999.000  30.296 999.000 175.029 999.000   8.447 999.000 123.450 999.000   4.637 999.000
      74     ILE  60.377 999.000  38.737 999.000 176.116 999.000   8.154 999.000 123.460 999.000   4.320 999.000
      75     THR  60.644 999.000  68.801 999.000 174.200 999.000   8.291 999.000 120.988 999.000   4.244 999.000
      76     PRO  63.517 999.000  32.335 999.000 176.918 999.000-999.000-999.000 999.000 999.000   4.339 999.000
      77     GLY  44.861 999.000-999.000-999.000 174.497 999.000   8.298 999.000 109.261 999.000   4.093 999.000
      78     THR  62.253 999.000  69.885 999.000 175.167 999.000   7.993 999.000 113.572 999.000   4.182 999.000
      79     ALA  53.850 999.000  18.961 999.000 177.964 999.000   8.372 999.000 124.826 999.000   3.972 999.000
      80     TYR  58.836 999.000  38.428 999.000 177.580 999.000   7.796 999.000 114.741 999.000   4.252 999.000
      81     GLN  57.736 999.000  28.125 999.000 177.471 999.000   7.883 999.000 119.100 999.000   4.024 999.000
      82     SER  61.082 999.000  63.017 999.000 176.000 999.000   7.560 999.000 116.104 999.000   4.170 999.000
      83     PHE  60.290 999.000  38.152 999.000 177.479 999.000   7.864 999.000 122.440 999.000   4.363 999.000
      84     GLU  59.831 999.000  29.350 999.000 178.358 999.000   7.546 999.000 119.868 999.000   3.514 999.000
      85     GLN  57.878 999.000  28.289 999.000 177.675 999.000   7.437 999.000 116.677 999.000   3.989 999.000
      86     VAL  65.484 999.000  31.955 999.000 177.264 999.000   7.366 999.000 119.499 999.000   3.714 999.000
      87     VAL  63.426 999.000  31.627 999.000 177.001 999.000   7.818 999.000 114.595 999.000   3.698 999.000
      88     ASN  55.757 999.000  38.389 999.000 176.053 999.000   7.787 999.000 118.708 999.000   3.971 999.000
      89     GLU  56.882 999.000  30.770 999.000 177.050 999.000   7.584 999.000 116.258 999.000   4.267 999.000
      90     LEU  57.332 999.000  41.754 999.000 177.338 999.000   7.356 999.000 119.619 999.000   3.794 999.000
      91     PHE  58.143 999.000  38.853 999.000 176.411 999.000   7.383 999.000 113.620 999.000   4.420 999.000
      92     ARG  58.163 999.000  29.878 999.000 177.014 999.000   7.513 999.000 119.797 999.000   3.518 999.000
      93     ASP  54.321 999.000  41.134 999.000 176.184 999.000   7.556 999.000 116.274 999.000   4.535 999.000
      94     GLY  45.112 999.000-999.000-999.000 173.230 999.000   7.207 999.000 107.990 999.000   3.964 999.000
      95     VAL  60.923 999.000  30.422 999.000 175.746 999.000   7.649 999.000 116.697 999.000   4.322 999.000
      96     ASN  53.477 999.000  39.581 999.000 175.749 999.000   7.635 999.000 119.829 999.000   4.477 999.000
      97     TRP  59.747 999.000  28.954 999.000 177.207 999.000   8.505 999.000 122.561 999.000   4.228 999.000
      98     GLY  47.660 999.000-999.000-999.000 175.374 999.000   7.650 999.000 107.894 999.000   3.634 999.000
      99     ARG  59.025 999.000  30.003 999.000 177.991 999.000   7.855 999.000 120.633 999.000   4.082 999.000
     100     ILE  64.741 999.000  37.360 999.000 177.472 999.000   7.433 999.000 119.803 999.000   3.694 999.000
     101     VAL  66.917 999.000  31.178 999.000 176.797 999.000   8.460 999.000 119.103 999.000   3.136 999.000
     102     ALA  55.407 999.000  18.043 999.000 178.257 999.000   8.071 999.000 122.303 999.000   3.896 999.000
     103     PHE  60.648 999.000  39.094 999.000 176.886 999.000   7.884 999.000 119.369 999.000   4.414 999.000
     104     PHE  58.576 999.000  37.787 999.000 177.738 999.000   8.828 999.000 118.094 999.000   4.245 999.000
     105     SER  61.738 999.000  62.702 999.000 176.302 999.000   8.593 999.000 115.898 999.000   4.482 999.000
     106     PHE  60.516 999.000  38.841 999.000 176.846 999.000   8.586 999.000 122.958 999.000   4.334 999.000
     107     GLY  47.623 999.000-999.000-999.000 176.192 999.000   8.387 999.000 106.513 999.000   3.708 999.000
     108     GLY  47.275 999.000-999.000-999.000 175.458 999.000   8.642 999.000 109.852 999.000   3.982 999.000
     109     ALA  54.766 999.000  18.405 999.000 178.917 999.000   8.130 999.000 124.536 999.000   4.135 999.000
     110     LEU  58.090 999.000  41.538 999.000 177.997 999.000   8.301 999.000 119.498 999.000   3.943 999.000
     111     CYS 999.000 999.000 999.000 999.000 999.000 999.000 999.000 999.000 999.000 999.000   4.087 999.000
     112     VAL  64.778 999.000  31.998 999.000 177.133 999.000   7.923 999.000 118.676 999.000   3.882 999.000
     113     GLU  57.475 999.000  29.353 999.000 177.289 999.000   8.197 999.000 117.852 999.000   4.224 999.000
     114     SER  58.359 999.000  63.345 999.000 174.949 999.000   7.703 999.000 114.734 999.000   4.520 999.000
     115     VAL  63.680 999.000  31.562 999.000 175.948 999.000   7.781 999.000 119.327 999.000   3.890 999.000
     116     ASP  54.521 999.000  40.301 999.000 176.630 999.000   8.160 999.000 118.991 999.000   4.581 999.000
     117     LYS  55.952 999.000  33.053 999.000 176.378 999.000   7.567 999.000 120.557 999.000   4.350 999.000
     118     GLU  55.933 999.000  29.851 999.000 176.675 999.000   8.648 999.000 120.794 999.000   4.324 999.000
     119     MET  57.747 999.000  31.264 999.000 177.744 999.000   8.722 999.000 123.347 999.000   4.065 999.000
     120     GLN  57.816 999.000  28.517 999.000 176.849 999.000   8.228 999.000 117.795 999.000   4.174 999.000
     121     VAL  62.103 999.000  33.749 999.000 176.916 999.000   7.651 999.000 113.890 999.000   4.332 999.000
     122     LEU  58.533 999.000  41.569 999.000 177.921 999.000   8.098 999.000 121.963 999.000   3.967 999.000
     123     VAL  66.258 999.000  31.302 999.000 178.075 999.000   7.931 999.000 117.657 999.000   3.435 999.000
     124     SER  61.733 999.000  62.915 999.000 176.555 999.000   7.777 999.000 116.160 999.000   4.333 999.000
     125     ARG  58.888 999.000  30.028 999.000 178.532 999.000   7.933 999.000 122.347 999.000   4.054 999.000
     126     ILE  65.101 999.000  37.599 999.000 177.431 999.000   8.522 999.000 120.647 999.000   3.885 999.000
     127     ALA  55.470 999.000  18.105 999.000 179.263 999.000   8.517 999.000 121.103 999.000   3.978 999.000
     128     ALA  55.303 999.000  18.159 999.000 178.972 999.000   7.846 999.000 121.083 999.000   4.002 999.000
     129     TRP  60.566 999.000  29.721 999.000 178.655 999.000   8.256 999.000 119.142 999.000   4.182 999.000
     130     MET  59.809 999.000  32.760 999.000 177.656 999.000   8.902 999.000 118.027 999.000   4.285 999.000
     131     ALA  55.299 999.000  18.244 999.000 178.504 999.000   8.399 999.000 121.479 999.000   4.133 999.000
     132     THR  66.681 999.000  67.975 999.000 176.139 999.000   8.056 999.000 115.690 999.000   3.924 999.000
     133     TYR  59.619 999.000  38.012 999.000 177.789 999.000   8.317 999.000 120.322 999.000   4.619 999.000
     134     LEU  58.262 999.000  41.458 999.000 177.636 999.000   8.868 999.000 119.910 999.000   4.067 999.000
     135     ASN  56.242 999.000  38.914 999.000 177.066 999.000   8.140 999.000 116.356 999.000   4.416 999.000
     136     ASP  55.815 999.000  41.012 999.000 176.902 999.000   7.782 999.000 118.187 999.000   4.505 999.000
     137     HIS  56.646 999.000  31.505 999.000 175.126 999.000   8.043 999.000 113.860 999.000   4.662 999.000
     138     LEU  56.316 999.000  43.556 999.000 177.005 999.000   8.128 999.000 119.368 999.000   4.486 999.000
     139     GLU  61.652 999.000  27.948 999.000 176.240 999.000   8.638 999.000 118.816 999.000   4.031 999.000
     140     PRO  65.380 999.000  31.377 999.000 178.171 999.000-999.000-999.000 999.000 999.000   4.188 999.000
     141     TRP  58.545 999.000  30.020 999.000 178.382 999.000   7.138 999.000 116.809 999.000   4.603 999.000
     142     ILE  64.670 999.000  37.223 999.000 177.396 999.000   8.216 999.000 119.990 999.000   3.807 999.000
     143     GLN  59.060 999.000  27.725 999.000 178.659 999.000   8.464 999.000 118.899 999.000   4.111 999.000
     144     GLU  58.384 999.000  29.538 999.000 177.858 999.000   7.774 999.000 118.831 999.000   4.098 999.000
     145     ASN  54.470 999.000  39.686 999.000 175.600 999.000   7.865 999.000 115.038 999.000   4.535 999.000
     146     GLY  45.494 999.000-999.000-999.000 174.117 999.000   7.798 999.000 106.516 999.000   4.122 999.000
     147     GLY  45.257 999.000-999.000-999.000 173.636 999.000   8.354 999.000 108.009 999.000   4.088 999.000
     148     TRP  60.386 999.000  29.550 999.000 177.728 999.000   8.939 999.000 123.904 999.000   4.623 999.000
     149     ASP  57.325 999.000  39.698 999.000 177.884 999.000   8.300 999.000 119.024 999.000   4.264 999.000
     150     THR  65.155 999.000  68.341 999.000 176.354 999.000   7.603 999.000 113.405 999.000   3.957 999.000
     151     PHE  60.183 999.000  39.279 999.000 177.686 999.000   7.690 999.000 120.661 999.000   4.314 999.000
     152     VAL  65.929 999.000  31.190 999.000 177.766 999.000   7.606 999.000 118.729 999.000   3.472 999.000
     153     GLU  59.104 999.000  29.050 999.000 178.545 999.000   7.736 999.000 120.192 999.000   3.850 999.000
     154     LEU  57.308 999.000  41.696 999.000 178.004 999.000   7.230 999.000 119.584 999.000   3.811 999.000
     155     TYR  59.007 999.000  38.998 999.000 177.159 999.000   7.707 999.000 117.075 999.000   4.431 999.000
     156     GLY  45.229 999.000-999.000-999.000 174.499 999.000   7.973 999.000 106.588 999.000   3.852 999.000
     157     ASN  53.020 999.000  38.759 999.000 175.647 999.000   7.925 999.000 117.962 999.000   4.546 999.000
     158     ASN  55.710 999.000  38.531 999.000 176.532 999.000   8.302 999.000 121.198 999.000   4.372 999.000
     159     ALA  54.739 999.000  18.375 999.000 179.214 999.000   8.066 999.000 122.132 999.000   4.139 999.000
     160     ALA  54.205 999.000  18.117 999.000 179.718 999.000   7.520 999.000 120.553 999.000   4.215 999.000
     161     ALA  54.427 999.000  18.110 999.000 179.936 999.000   7.636 999.000 120.463 999.000   4.170 999.000
     162     GLU  58.788 999.000  29.159 999.000 179.075 999.000   8.075 999.000 118.042 999.000   4.127 999.000
     163     SER  61.039 999.000  63.112 999.000 176.504 999.000   7.911 999.000 115.203 999.000   4.271 999.000
     164     ARG  57.792 999.000  29.839 999.000 178.054 999.000   7.745 999.000 121.860 999.000   4.228 999.000
     165     LYS  57.258 999.000  32.258 999.000 178.286 999.000   7.760 999.000 118.763 999.000   4.239 999.000
     166     GLY  45.452 999.000-999.000-999.000 174.596 999.000   7.840 999.000 106.872 999.000   3.961 999.000
     167     GLN  56.618 999.000  29.183 999.000 176.549 999.000   7.851 999.000 119.492 999.000   4.270 999.000
     168     GLU  56.899 999.000  29.940 999.000 176.643 999.000   7.843 999.000 119.041 999.000   4.305 999.000
     169     ARG 999.000 999.000 999.000 999.000 999.000 999.000 999.000 999.000 999.000 999.000 999.000 999.000
     630     GLU 999.000 999.000 999.000 999.000 999.000 999.000-999.000-999.000 999.000 999.000 999.000 999.000
     631     GLU 999.000 999.000 999.000 999.000 999.000 999.000 999.000 999.000 999.000 999.000 999.000 999.000
     632     GLN  56.069 999.000  28.089 999.000 176.751 999.000   7.924 999.000 119.411 999.000   4.193 999.000
     633     TRP  59.274 999.000  29.384 999.000 177.780 999.000   7.758 999.000 120.878 999.000   4.361 999.000
     634     ALA  54.845 999.000  18.161 999.000 179.043 999.000   8.047 999.000 121.188 999.000   4.014 999.000
     635     ARG  59.230 999.000  29.693 999.000 178.470 999.000   7.912 999.000 118.027 999.000   3.984 999.000
     636     GLU  58.956 999.000  29.336 999.000 178.996 999.000   7.647 999.000 119.222 999.000   4.126 999.000
     637     ILE  64.017 999.000  36.842 999.000 178.034 999.000   7.883 999.000 119.522 999.000   3.709 999.000
     638     GLY  47.623 999.000-999.000-999.000 176.040 999.000   8.429 999.000 107.777 999.000   3.780 999.000
     639     ALA  54.994 999.000  18.111 999.000 179.016 999.000   8.079 999.000 124.356 999.000   4.046 999.000
     640     GLN  58.887 999.000  28.338 999.000 178.464 999.000   7.884 999.000 118.305 999.000   3.856 999.000
     641     LEU  58.211 999.000  41.304 999.000 178.610 999.000   8.597 999.000 120.900 999.000   3.996 999.000
     642     ARG  59.645 999.000  29.875 999.000 178.677 999.000   8.305 999.000 118.987 999.000   3.887 999.000
     643     ARG  58.436 999.000  29.832 999.000 178.374 999.000   7.890 999.000 118.997 999.000   4.137 999.000
     644     MET  58.275 999.000  32.815 999.000 177.010 999.000   8.378 999.000 119.115 999.000   4.179 999.000
     645     ALA  52.932 999.000  18.748 999.000 176.860 999.000   7.789 999.000 119.338 999.000   4.268 999.000
     646     ASP  53.940 999.000  41.339 999.000 175.871 999.000   7.328 999.000 117.985 999.000   4.482 999.000
     647     ASP  54.543 999.000  40.946 999.000 176.778 999.000   8.414 999.000 123.390 999.000   4.451 999.000
     648     LEU  56.097 999.000  42.143 999.000 177.353 999.000   7.495 999.000 120.309 999.000   4.074 999.000
     649     ASN  53.657 999.000  38.499 999.000 175.676 999.000   8.132 999.000 116.435 999.000   4.536 999.000
     650     ALA  52.816 999.000  18.966 999.000 177.673 999.000   7.779 999.000 121.899 999.000   4.258 999.000
     651     GLN  56.358 999.000  29.034 999.000 176.063 999.000   7.726 999.000 117.858 999.000   4.079 999.000
     652     TYR  58.887 999.000  37.519 999.000 175.479 999.000   8.214 999.000 116.699 999.000   4.357 999.000
     653     GLU  57.076 999.000  30.263 999.000 176.545 999.000   7.917 999.000 119.450 999.000   4.284 999.000
     654     ARG 999.000 999.000 999.000 999.000 999.000 999.000 999.000 999.000 999.000 999.000 999.000 999.000
