   index residue  pre_ca  exp_ca  pre_cb  exp_cb   pre_c   exp_c   pre_h   exp_h   pre_n   exp_n  pre_ha  exp_ha
       1     MET 999.000 999.000 999.000 999.000 999.000 999.000-999.000-999.000 999.000 999.000 999.000 999.000
       2     SER 999.000 999.000 999.000 999.000 999.000 999.000 999.000 999.000 999.000 999.000 999.000 999.000
       3     GLN  57.373 999.000  28.138 999.000 177.503 999.000   8.799 999.000 121.978 999.000   4.282 999.000
       4     SER  61.250 999.000  62.872 999.000 175.927 999.000   8.751 999.000 114.870 999.000   4.162 999.000
       5     ASN  55.245 999.000  38.507 999.000 176.563 999.000   8.051 999.000 119.795 999.000   4.697 999.000
       6     ARG  59.455 999.000  29.833 999.000 177.929 999.000   7.879 999.000 121.425 999.000   4.120 999.000
       7     GLU  59.146 999.000  29.122 999.000 178.922 999.000   8.139 999.000 118.791 999.000   3.981 999.000
       8     LEU  57.665 999.000  41.612 999.000 178.610 999.000   7.393 999.000 119.395 999.000   4.001 999.000
       9     VAL  66.458 999.000  31.406 999.000 177.570 999.000   7.679 999.000 119.340 999.000   3.660 999.000
      10     VAL  67.112 999.000  31.246 999.000 176.379 999.000   8.470 999.000 119.369 999.000   3.102 999.000
      11     ASP  57.617 999.000  41.088 999.000 177.633 999.000   7.654 999.000 119.969 999.000   4.217 999.000
      12     PHE  61.425 999.000  39.611 999.000 176.990 999.000   7.657 999.000 120.596 999.000   4.178 999.000
      13     LEU  58.129 999.000  41.062 999.000 178.565 999.000   8.542 999.000 118.130 999.000   3.916 999.000
      14     SER  62.111 999.000  62.577 999.000 176.434 999.000   8.122 999.000 115.047 999.000   4.119 999.000
      15     TYR  61.055 999.000  37.843 999.000 176.960 999.000   7.952 999.000 123.912 999.000   4.260 999.000
      16     LYS  58.553 999.000  31.374 999.000 178.948 999.000   7.865 999.000 118.175 999.000   3.685 999.000
      17     LEU  57.617 999.000  41.682 999.000 178.836 999.000   8.407 999.000 118.942 999.000   4.221 999.000
      18     SER  61.563 999.000  62.938 999.000 177.081 999.000   8.442 999.000 115.859 999.000   4.232 999.000
      19     GLN  57.918 999.000  28.499 999.000 177.201 999.000   7.979 999.000 119.922 999.000   4.060 999.000
      20     LYS  55.641 999.000  32.377 999.000 176.554 999.000   7.330 999.000 116.776 999.000   4.267 999.000
      21     GLY  45.429 999.000-999.000-999.000 174.026 999.000   7.580 999.000 107.653 999.000   3.828 999.000
      22     TYR  56.644 999.000  39.496 999.000 175.533 999.000   7.898 999.000 120.221 999.000   4.809 999.000
      23     SER  57.162 999.000  64.310 999.000 174.956 999.000   8.283 999.000 117.090 999.000   4.621 999.000
      24     TRP  59.574 999.000  29.900 999.000 177.542 999.000   9.112 999.000 126.654 999.000   4.580 999.000
      25     SER  61.216 999.000  62.451 999.000 176.138 999.000   8.430 999.000 114.692 999.000   4.078 999.000
      26     GLN  57.465 999.000  28.706 999.000 176.286 999.000   7.326 999.000 120.718 999.000   3.922 999.000
      27     PHE  57.580 999.000  40.329 999.000 176.074 999.000   7.255 999.000 115.946 999.000   4.373 999.000
      28     SER  57.593 999.000  64.847 999.000 174.120 999.000   7.095 999.000 114.461 999.000   4.248 999.000
      29     ASP  53.454 999.000  40.381 999.000 177.009 999.000   8.460 999.000 122.665 999.000   4.629 999.000
      30     VAL  64.233 999.000  31.693 999.000 177.356 999.000   8.119 999.000 120.507 999.000   3.863 999.000
      31     GLU  57.983 999.000  29.244 999.000 177.431 999.000   8.358 999.000 119.662 999.000   4.162 999.000
      32     GLU  57.075 999.000  30.323 999.000 177.083 999.000   7.788 999.000 117.631 999.000   4.234 999.000
      33     ASN  53.149 999.000  38.759 999.000 175.555 999.000   7.685 999.000 117.625 999.000   4.702 999.000
      34     ARG  56.166 999.000  30.611 999.000 176.618 999.000   8.314 999.000 121.489 999.000   4.387 999.000
      35     THR  62.038 999.000  69.827 999.000 174.765 999.000   7.969 999.000 113.456 999.000   4.342 999.000
      36     GLU  56.482 999.000  30.398 999.000 175.778 999.000   8.556 999.000 122.207 999.000   4.295 999.000
      37     ALA  50.805 999.000  18.410 999.000 175.541 999.000   8.163 999.000 123.168 999.000   4.512 999.000
      38     PRO  63.232 999.000  32.270 999.000 176.667 999.000-999.000-999.000 999.000 999.000   4.529 999.000
      39     GLU  56.144 999.000  30.580 999.000 176.787 999.000   8.445 999.000 119.311 999.000   4.290 999.000
      40     GLY  45.183 999.000-999.000-999.000 174.619 999.000   8.497 999.000 109.238 999.000   4.060 999.000
      41     THR  61.533 999.000  70.510 999.000 174.945 999.000   8.127 999.000 112.829 999.000   4.447 999.000
      42     GLU  57.687 999.000  29.493 999.000 177.050 999.000   8.872 999.000 122.025 999.000   4.247 999.000
      43     SER  59.582 999.000  63.493 999.000 175.503 999.000   8.345 999.000 114.473 999.000   4.311 999.000
      44     GLU  59.425 999.000  29.003 999.000 178.353 999.000   8.072 999.000 123.261 999.000   3.941 999.000
      45     ALA  54.844 999.000  18.327 999.000 179.631 999.000   8.016 999.000 120.369 999.000   4.186 999.000
      46     VAL  65.824 999.000  31.380 999.000 177.830 999.000   7.446 999.000 119.332 999.000   3.653 999.000
      47     LYS  60.152 999.000  32.014 999.000 178.900 999.000   8.205 999.000 119.694 999.000   3.741 999.000
      48     GLN  58.743 999.000  28.281 999.000 178.206 999.000   8.108 999.000 118.611 999.000   3.965 999.000
      49     ALA  55.090 999.000  18.166 999.000 179.534 999.000   7.843 999.000 122.397 999.000   4.067 999.000
      50     LEU  58.101 999.000  41.533 999.000 178.788 999.000   8.498 999.000 118.838 999.000   4.091 999.000
      51     ARG  59.715 999.000  29.740 999.000 178.440 999.000   7.984 999.000 118.983 999.000   3.904 999.000
      52     GLU  59.070 999.000  29.202 999.000 178.898 999.000   8.131 999.000 118.881 999.000   4.133 999.000
      53     ALA  54.861 999.000  18.196 999.000 179.443 999.000   8.470 999.000 121.670 999.000   4.195 999.000
      54     GLY  47.318 999.000-999.000-999.000 175.506 999.000   8.586 999.000 106.591 999.000   4.121 999.000
      55     ASP  56.800 999.000  40.412 999.000 178.018 999.000   8.328 999.000 122.007 999.000   4.605 999.000
      56     GLU  58.919 999.000  29.635 999.000 178.309 999.000   7.825 999.000 120.375 999.000   4.200 999.000
      57     PHE  61.857 999.000  38.989 999.000 177.919 999.000   8.710 999.000 119.674 999.000   4.252 999.000
      58     GLU  58.891 999.000  29.380 999.000 178.354 999.000   8.275 999.000 118.442 999.000   4.224 999.000
      59     LEU  56.948 999.000  42.454 999.000 177.948 999.000   7.522 999.000 120.028 999.000   4.245 999.000
      60     ARG  57.478 999.000  31.086 999.000 176.816 999.000   8.045 999.000 115.872 999.000   4.005 999.000
      61     TYR  56.366 999.000  37.952 999.000 175.632 999.000   7.963 999.000 117.889 999.000   4.765 999.000
      62     ARG  58.679 999.000  30.096 999.000 177.253 999.000   7.987 999.000 120.876 999.000   3.857 999.000
      63     ARG  57.047 999.000  29.898 999.000 177.266 999.000   8.255 999.000 117.303 999.000   4.255 999.000
      64     ALA  54.270 999.000  18.551 999.000 178.049 999.000   7.783 999.000 121.013 999.000   4.134 999.000
      65     PHE  57.983 999.000  39.698 999.000 176.471 999.000   7.555 999.000 113.269 999.000   4.744 999.000
      66     SER  61.324 999.000  62.544 999.000 176.282 999.000   8.045 999.000 116.632 999.000   4.204 999.000
      67     ASP  56.184 999.000  39.959 999.000 178.198 999.000   7.855 999.000 121.995 999.000   4.499 999.000
      68     LEU  57.564 999.000  41.653 999.000 178.699 999.000   7.517 999.000 120.052 999.000   4.028 999.000
      69     THR  65.162 999.000  68.649 999.000 176.733 999.000   8.235 999.000 111.970 999.000   4.221 999.000
      70     SER  60.461 999.000  63.411 999.000 175.725 999.000   7.823 999.000 116.915 999.000   4.349 999.000
      71     GLN  57.228 999.000  28.919 999.000 177.045 999.000   7.579 999.000 120.964 999.000   4.236 999.000
      72     LEU  54.741 999.000  42.171 999.000 176.332 999.000   7.232 999.000 120.797 999.000   4.278 999.000
      73     HIS  55.843 999.000  29.857 999.000 175.350 999.000   8.594 999.000 125.370 999.000   4.634 999.000
      74     ILE  60.901 999.000  38.776 999.000 175.179 999.000   8.057 999.000 124.057 999.000   4.428 999.000
      75     THR  58.462 999.000  69.974 999.000 173.736 999.000   7.998 999.000 116.944 999.000   4.794 999.000
      76     PRO  64.671 999.000  31.641 999.000 177.521 999.000-999.000-999.000 999.000 999.000   4.417 999.000
      77     GLY  45.064 999.000-999.000-999.000 175.047 999.000   8.333 999.000 107.527 999.000   4.135 999.000
      78     THR  63.624 999.000  69.496 999.000 174.184 999.000   7.690 999.000 117.713 999.000   4.230 999.000
      79     ALA  50.875 999.000  21.109 999.000 176.798 999.000   8.613 999.000 128.782 999.000   4.693 999.000
      80     TYR  61.054 999.000  38.034 999.000 177.293 999.000   8.879 999.000 120.748 999.000   3.098 999.000
      81     GLN  58.770 999.000  27.716 999.000 178.201 999.000   8.438 999.000 118.149 999.000   3.835 999.000
      82     SER  60.805 999.000  62.917 999.000 176.031 999.000   7.582 999.000 114.607 999.000   4.262 999.000
      83     PHE  60.896 999.000  39.362 999.000 176.617 999.000   7.147 999.000 123.595 999.000   4.177 999.000
      84     GLU  59.912 999.000  29.343 999.000 178.339 999.000   8.537 999.000 119.220 999.000   3.594 999.000
      85     GLN  58.535 999.000  28.294 999.000 178.371 999.000   7.574 999.000 117.349 999.000   3.972 999.000
      86     VAL  65.060 999.000  31.924 999.000 177.739 999.000   7.067 999.000 119.333 999.000   3.692 999.000
      87     VAL  65.683 999.000  31.155 999.000 177.741 999.000   7.720 999.000 119.082 999.000   3.299 999.000
      88     ASN  55.924 999.000  37.747 999.000 177.379 999.000   8.457 999.000 118.088 999.000   4.304 999.000
      89     GLU  58.387 999.000  29.620 999.000 178.027 999.000   7.314 999.000 119.580 999.000   4.065 999.000
      90     LEU  57.069 999.000  41.975 999.000 177.267 999.000   7.348 999.000 119.611 999.000   3.921 999.000
      91     PHE  58.567 999.000  38.801 999.000 176.153 999.000   7.677 999.000 114.746 999.000   4.472 999.000
      92     ARG  58.634 999.000  29.800 999.000 176.759 999.000   7.538 999.000 120.284 999.000   3.955 999.000
      93     ASP  53.812 999.000  40.739 999.000 176.267 999.000   8.126 999.000 116.836 999.000   4.628 999.000
      94     GLY  44.657 999.000-999.000-999.000 173.330 999.000   7.554 999.000 107.930 999.000   4.077 999.000
      95     VAL  62.180 999.000  32.447 999.000 175.267 999.000   7.999 999.000 119.718 999.000   3.879 999.000
      96     ASN  51.997 999.000  41.142 999.000 174.580 999.000   7.692 999.000 122.214 999.000   4.294 999.000
      97     TRP  60.107 999.000  30.424 999.000 178.150 999.000   8.913 999.000 120.674 999.000   4.541 999.000
      98     GLY  47.121 999.000-999.000-999.000 175.981 999.000   8.904 999.000 106.942 999.000   4.156 999.000
      99     ARG  58.735 999.000  29.788 999.000 178.297 999.000   8.048 999.000 121.446 999.000   4.160 999.000
     100     ILE  65.354 999.000  37.699 999.000 177.587 999.000   8.006 999.000 120.727 999.000   4.043 999.000
     101     VAL  66.945 999.000  31.289 999.000 176.753 999.000   8.357 999.000 119.461 999.000   3.444 999.000
     102     ALA  55.523 999.000  18.047 999.000 178.710 999.000   8.235 999.000 122.694 999.000   3.887 999.000
     103     PHE  60.753 999.000  38.485 999.000 176.920 999.000   8.296 999.000 119.655 999.000   4.230 999.000
     104     PHE  62.680 999.000  38.772 999.000 177.642 999.000   8.677 999.000 118.486 999.000   3.599 999.000
     105     SER  61.961 999.000  62.644 999.000 176.447 999.000   8.370 999.000 115.364 999.000   4.161 999.000
     106     PHE  60.174 999.000  38.377 999.000 176.820 999.000   8.765 999.000 123.624 999.000   4.246 999.000
     107     GLY  47.554 999.000-999.000-999.000 176.218 999.000   8.207 999.000 106.654 999.000   3.617 999.000
     108     GLY  47.325 999.000-999.000-999.000 175.497 999.000   8.444 999.000 109.669 999.000   3.934 999.000
     109     ALA  54.879 999.000  18.337 999.000 178.961 999.000   8.182 999.000 124.577 999.000   4.155 999.000
     110     LEU  58.008 999.000  41.635 999.000 177.606 999.000   8.545 999.000 119.748 999.000   4.105 999.000
     111     CYS 999.000 999.000 999.000 999.000 999.000 999.000 999.000 999.000 999.000 999.000   3.932 999.000
     112     VAL  66.453 999.000  31.284 999.000 177.543 999.000   8.054 999.000 120.264 999.000   3.484 999.000
     113     GLU  59.507 999.000  29.069 999.000 178.474 999.000   8.387 999.000 120.392 999.000   4.010 999.000
     114     SER  62.084 999.000  63.033 999.000 176.315 999.000   8.145 999.000 115.660 999.000   4.106 999.000
     115     VAL  65.247 999.000  31.240 999.000 177.621 999.000   7.610 999.000 120.824 999.000   3.596 999.000
     116     ASP  56.379 999.000  41.170 999.000 177.695 999.000   7.907 999.000 119.973 999.000   4.437 999.000
     117     LYS  56.501 999.000  32.158 999.000 176.023 999.000   7.829 999.000 116.623 999.000   4.216 999.000
     118     GLU  57.422 999.000  27.209 999.000 175.585 999.000   7.916 999.000 115.508 999.000   4.013 999.000
     119     MET  54.755 999.000  31.933 999.000 176.119 999.000   8.410 999.000 118.947 999.000   4.728 999.000
     120     GLN  58.772 999.000  27.898 999.000 177.606 999.000   7.963 999.000 119.761 999.000   3.883 999.000
     121     VAL  64.114 999.000  31.537 999.000 177.279 999.000   7.652 999.000 118.035 999.000   3.863 999.000
     122     LEU  56.918 999.000  41.313 999.000 178.150 999.000   7.785 999.000 119.827 999.000   3.943 999.000
     123     VAL  66.645 999.000  31.265 999.000 177.780 999.000   7.438 999.000 118.789 999.000   3.274 999.000
     124     SER  61.439 999.000  62.779 999.000 176.344 999.000   8.284 999.000 114.515 999.000   4.122 999.000
     125     ARG  58.530 999.000  30.011 999.000 178.103 999.000   6.826 999.000 122.565 999.000   3.769 999.000
     126     ILE  65.654 999.000  37.774 999.000 177.403 999.000   8.242 999.000 120.882 999.000   2.934 999.000
     127     ALA  55.480 999.000  18.121 999.000 179.180 999.000   7.861 999.000 120.626 999.000   3.911 999.000
     128     ALA  54.956 999.000  18.451 999.000 178.793 999.000   7.241 999.000 121.274 999.000   4.166 999.000
     129     TRP  58.623 999.000  28.555 999.000 178.820 999.000   8.717 999.000 119.929 999.000   4.352 999.000
     130     MET  59.779 999.000  32.775 999.000 177.771 999.000   8.749 999.000 117.330 999.000   4.519 999.000
     131     ALA  55.152 999.000  18.278 999.000 178.639 999.000   8.021 999.000 121.554 999.000   4.194 999.000
     132     THR  66.788 999.000  67.960 999.000 175.578 999.000   8.438 999.000 116.203 999.000   4.010 999.000
     133     TYR  62.226 999.000  38.798 999.000 176.868 999.000   8.730 999.000 123.000 999.000   4.200 999.000
     134     LEU  58.554 999.000  41.426 999.000 177.780 999.000   8.684 999.000 119.190 999.000   4.062 999.000
     135     ASN  56.219 999.000  38.934 999.000 177.187 999.000   8.094 999.000 116.566 999.000   4.382 999.000
     136     ASP  55.971 999.000  40.900 999.000 176.949 999.000   8.139 999.000 118.175 999.000   4.400 999.000
     137     HIS  57.290 999.000  31.877 999.000 175.873 999.000   7.786 999.000 114.130 999.000   4.409 999.000
     138     LEU  56.184 999.000  42.482 999.000 177.623 999.000   7.920 999.000 116.611 999.000   4.148 999.000
     139     GLU  61.680 999.000  28.146 999.000 176.125 999.000   8.789 999.000 119.736 999.000   4.017 999.000
     140     PRO  65.418 999.000  31.448 999.000 178.046 999.000-999.000-999.000 999.000 999.000   4.205 999.000
     141     TRP  60.528 999.000  29.491 999.000 177.766 999.000   7.130 999.000 118.564 999.000   4.182 999.000
     142     ILE  65.627 999.000  37.901 999.000 177.212 999.000   8.453 999.000 119.966 999.000   3.140 999.000
     143     GLN  59.020 999.000  28.063 999.000 178.593 999.000   8.361 999.000 118.044 999.000   3.974 999.000
     144     GLU  58.237 999.000  29.678 999.000 177.825 999.000   7.481 999.000 119.135 999.000   3.996 999.000
     145     ASN  54.511 999.000  39.680 999.000 175.664 999.000   7.686 999.000 115.332 999.000   4.263 999.000
     146     GLY  45.153 999.000-999.000-999.000 174.660 999.000   7.553 999.000 107.342 999.000   4.105 999.000
     147     GLY  44.270 999.000-999.000-999.000 173.635 999.000   8.305 999.000 107.560 999.000   4.143 999.000
     148     TRP  60.004 999.000  29.738 999.000 177.652 999.000   8.908 999.000 120.076 999.000   4.606 999.000
     149     ASP  56.888 999.000  39.728 999.000 178.195 999.000   8.441 999.000 119.637 999.000   4.426 999.000
     150     THR  64.506 999.000  68.614 999.000 176.025 999.000   7.622 999.000 113.311 999.000   4.121 999.000
     151     PHE  60.529 999.000  39.551 999.000 176.544 999.000   7.612 999.000 123.528 999.000   3.804 999.000
     152     VAL  65.087 999.000  31.204 999.000 177.655 999.000   7.820 999.000 116.570 999.000   3.733 999.000
     153     GLU  57.870 999.000  29.682 999.000 176.896 999.000   7.497 999.000 118.630 999.000   4.100 999.000
     154     LEU  56.033 999.000  43.616 999.000 176.782 999.000   7.112 999.000 118.059 999.000   4.084 999.000
     155     TYR  57.729 999.000  40.699 999.000 175.713 999.000   8.015 999.000 114.790 999.000   4.494 999.000
     156     GLY  44.623 999.000-999.000-999.000 174.200 999.000   8.057 999.000 106.526 999.000   4.079 999.000
     157     ASN  55.761 999.000  38.480 999.000 176.901 999.000   8.820 999.000 118.958 999.000   4.339 999.000
     158     ASN  55.172 999.000  38.130 999.000 176.664 999.000   8.430 999.000 117.012 999.000   4.528 999.000
     159     ALA  54.524 999.000  18.330 999.000 179.289 999.000   7.699 999.000 123.122 999.000   4.074 999.000
     160     ALA  54.414 999.000  18.001 999.000 179.630 999.000   7.949 999.000 120.279 999.000   4.108 999.000
     161     ALA  54.506 999.000  18.018 999.000 179.946 999.000   7.691 999.000 120.378 999.000   4.160 999.000
     162     GLU  58.762 999.000  29.149 999.000 179.048 999.000   7.858 999.000 117.771 999.000   4.132 999.000
     163     SER  60.850 999.000  63.123 999.000 176.501 999.000   7.933 999.000 115.108 999.000   4.282 999.000
     164     ARG  57.727 999.000  29.762 999.000 178.009 999.000   7.805 999.000 121.976 999.000   4.227 999.000
     165     LYS  57.611 999.000  32.137 999.000 178.388 999.000   7.801 999.000 118.897 999.000   4.212 999.000
     166     GLY  45.733 999.000-999.000-999.000 174.922 999.000   7.840 999.000 107.108 999.000   3.972 999.000
     167     GLN  56.823 999.000  29.092 999.000 176.871 999.000   7.805 999.000 119.794 999.000   4.276 999.000
     168     GLU  57.113 999.000  29.976 999.000 176.888 999.000   7.690 999.000 118.582 999.000   4.284 999.000
     169     ARG 999.000 999.000 999.000 999.000 999.000 999.000 999.000 999.000 999.000 999.000 999.000 999.000
