   index residue  pre_ca  exp_ca  pre_cb  exp_cb   pre_c   exp_c   pre_h   exp_h   pre_n   exp_n  pre_ha  exp_ha
       1     MET 999.000 999.000 999.000 999.000 999.000 999.000-999.000-999.000 999.000 999.000 999.000 999.000
       2     SER 999.000 999.000 999.000 999.000 999.000 999.000 999.000 999.000 999.000 999.000 999.000 999.000
       3     GLN  57.123 999.000  29.016 999.000 176.953 999.000   8.091 999.000 119.625 999.000   4.252 999.000
       4     SER  60.270 999.000  63.342 999.000 175.917 999.000   7.792 999.000 115.245 999.000   4.183 999.000
       5     ASN  55.707 999.000  37.711 999.000 176.571 999.000   8.156 999.000 120.911 999.000   4.460 999.000
       6     ARG  58.854 999.000  30.135 999.000 177.524 999.000   7.762 999.000 119.882 999.000   4.127 999.000
       7     GLU  58.993 999.000  29.231 999.000 178.938 999.000   7.634 999.000 118.986 999.000   4.000 999.000
       8     LEU  57.723 999.000  41.470 999.000 178.610 999.000   7.740 999.000 118.959 999.000   4.117 999.000
       9     VAL  66.164 999.000  31.304 999.000 177.587 999.000   7.267 999.000 119.186 999.000   3.011 999.000
      10     VAL  66.972 999.000  31.160 999.000 176.401 999.000   8.017 999.000 119.088 999.000   3.675 999.000
      11     ASP  57.528 999.000  41.271 999.000 177.483 999.000   7.818 999.000 119.931 999.000   4.375 999.000
      12     PHE  61.524 999.000  39.695 999.000 177.285 999.000   7.999 999.000 120.539 999.000   4.215 999.000
      13     LEU  58.277 999.000  41.127 999.000 178.594 999.000   8.754 999.000 118.556 999.000   4.100 999.000
      14     SER  62.263 999.000  62.587 999.000 176.534 999.000   8.535 999.000 115.091 999.000   4.340 999.000
      15     TYR  60.932 999.000  37.879 999.000 177.000 999.000   8.524 999.000 124.350 999.000   4.344 999.000
      16     LYS  58.492 999.000  31.391 999.000 179.120 999.000   8.151 999.000 118.413 999.000   3.793 999.000
      17     LEU  58.058 999.000  41.565 999.000 178.777 999.000   8.556 999.000 119.871 999.000   4.046 999.000
      18     SER  61.793 999.000  62.820 999.000 177.134 999.000   8.447 999.000 115.876 999.000   4.258 999.000
      19     GLN  57.803 999.000  28.594 999.000 177.483 999.000   8.013 999.000 120.408 999.000   4.051 999.000
      20     LYS  56.303 999.000  32.629 999.000 177.075 999.000   7.310 999.000 117.633 999.000   4.074 999.000
      21     GLY  45.580 999.000-999.000-999.000 174.054 999.000   7.454 999.000 107.633 999.000   3.951 999.000
      22     TYR  54.674 999.000  39.999 999.000 175.271 999.000   8.251 999.000 119.473 999.000   4.773 999.000
      23     SER  56.385 999.000  66.011 999.000 174.546 999.000   8.623 999.000 113.486 999.000   4.773 999.000
      24     TRP  59.671 999.000  29.603 999.000 176.465 999.000   8.343 999.000 121.003 999.000   4.248 999.000
      25     SER  58.717 999.000  64.455 999.000 173.782 999.000   7.874 999.000 111.044 999.000   4.369 999.000
      26     GLN  54.512 999.000  31.949 999.000 175.012 999.000   7.548 999.000 119.748 999.000   4.384 999.000
      27     PHE  58.564 999.000  38.112 999.000 175.710 999.000   8.436 999.000 120.970 999.000   4.113 999.000
      28     SER  57.134 999.000  64.948 999.000 174.114 999.000   7.454 999.000 113.748 999.000   4.716 999.000
      29     ASP  54.885 999.000  39.687 999.000 177.175 999.000   8.642 999.000 124.496 999.000   4.452 999.000
      30     VAL  63.500 999.000  31.735 999.000 176.701 999.000   7.878 999.000 117.291 999.000   3.960 999.000
      31     GLU  56.466 999.000  30.099 999.000 176.494 999.000   8.071 999.000 120.201 999.000   4.288 999.000
      32     GLU  57.099 999.000  30.313 999.000 176.744 999.000   8.034 999.000 119.019 999.000   4.179 999.000
      33     ASN  53.439 999.000  37.907 999.000 175.082 999.000   8.458 999.000 116.409 999.000   4.580 999.000
      34     ARG  55.846 999.000  30.725 999.000 176.338 999.000   8.008 999.000 119.530 999.000   4.327 999.000
      35     THR  61.661 999.000  70.067 999.000 174.918 999.000   8.204 999.000 115.656 999.000   4.352 999.000
      36     GLU  56.529 999.000  30.052 999.000 175.863 999.000   8.612 999.000 122.789 999.000   4.217 999.000
      37     ALA  50.891 999.000  18.269 999.000 175.603 999.000   8.242 999.000 124.652 999.000   4.427 999.000
      38     PRO  62.868 999.000  32.377 999.000 176.945 999.000-999.000-999.000 999.000 999.000   4.526 999.000
      39     GLU  56.926 999.000  29.913 999.000 176.998 999.000   8.615 999.000 121.841 999.000   4.179 999.000
      40     GLY  45.596 999.000-999.000-999.000 174.912 999.000   8.658 999.000 111.203 999.000   4.076 999.000
      41     THR  62.036 999.000  70.075 999.000 175.057 999.000   7.490 999.000 115.346 999.000   4.342 999.000
      42     GLU  59.170 999.000  29.291 999.000 177.739 999.000   9.097 999.000 125.602 999.000   4.003 999.000
      43     SER  61.045 999.000  63.069 999.000 175.963 999.000   8.491 999.000 114.201 999.000   4.347 999.000
      44     GLU  58.646 999.000  29.240 999.000 178.140 999.000   7.966 999.000 122.527 999.000   4.087 999.000
      45     ALA  54.986 999.000  18.297 999.000 179.386 999.000   7.498 999.000 121.257 999.000   3.846 999.000
      46     VAL  66.140 999.000  31.225 999.000 177.901 999.000   7.340 999.000 118.615 999.000   3.493 999.000
      47     LYS  60.174 999.000  31.964 999.000 178.802 999.000   7.900 999.000 119.678 999.000   3.893 999.000
      48     GLN  58.675 999.000  28.098 999.000 178.200 999.000   8.123 999.000 118.859 999.000   3.953 999.000
      49     ALA  54.960 999.000  18.138 999.000 179.574 999.000   7.926 999.000 122.119 999.000   4.093 999.000
      50     LEU  57.560 999.000  41.512 999.000 178.852 999.000   8.113 999.000 118.650 999.000   4.145 999.000
      51     ARG  59.527 999.000  29.665 999.000 178.637 999.000   7.878 999.000 119.244 999.000   3.890 999.000
      52     GLU  58.985 999.000  29.332 999.000 178.819 999.000   8.060 999.000 119.028 999.000   4.084 999.000
      53     ALA  54.659 999.000  18.173 999.000 179.620 999.000   8.145 999.000 121.644 999.000   4.151 999.000
      54     GLY  47.114 999.000-999.000-999.000 175.500 999.000   8.421 999.000 106.715 999.000   4.211 999.000
      55     ASP  56.372 999.000  40.546 999.000 177.718 999.000   8.096 999.000 121.701 999.000   4.585 999.000
      56     GLU  58.403 999.000  29.883 999.000 177.981 999.000   7.762 999.000 120.061 999.000   4.170 999.000
      57     PHE  60.757 999.000  39.649 999.000 176.708 999.000   8.440 999.000 119.904 999.000   4.279 999.000
      58     GLU  56.691 999.000  29.883 999.000 177.492 999.000   7.769 999.000 115.947 999.000   4.140 999.000
      59     LEU  56.143 999.000  41.418 999.000 176.537 999.000   7.586 999.000 122.255 999.000   4.047 999.000
      60     ARG  57.427 999.000  27.896 999.000 175.498 999.000   8.835 999.000 122.596 999.000   3.803 999.000
      61     TYR  58.436 999.000  35.416 999.000 175.510 999.000   7.535 999.000 115.383 999.000   4.140 999.000
      62     ARG  57.878 999.000  30.199 999.000 176.903 999.000   7.545 999.000 119.116 999.000   4.088 999.000
      63     ARG  56.342 999.000  30.759 999.000 176.060 999.000   7.884 999.000 116.296 999.000   4.226 999.000
      64     ALA  52.050 999.000  18.980 999.000 176.699 999.000   7.475 999.000 122.135 999.000   4.183 999.000
      65     PHE  56.929 999.000  40.648 999.000 176.552 999.000   8.410 999.000 119.567 999.000   4.705 999.000
      66     SER  61.334 999.000  62.662 999.000 175.804 999.000   9.124 999.000 119.122 999.000   4.134 999.000
      67     ASP  56.098 999.000  39.944 999.000 177.187 999.000   8.345 999.000 120.994 999.000   4.448 999.000
      68     LEU  55.545 999.000  42.617 999.000 177.513 999.000   7.581 999.000 117.764 999.000   4.445 999.000
      69     THR  62.923 999.000  70.017 999.000 175.405 999.000   7.681 999.000 109.669 999.000   4.289 999.000
      70     SER  59.354 999.000  64.184 999.000 174.694 999.000   8.253 999.000 116.081 999.000   4.502 999.000
      71     GLN  55.300 999.000  28.262 999.000 175.741 999.000   8.032 999.000 120.951 999.000   4.338 999.000
      72     LEU  54.915 999.000  41.447 999.000 176.324 999.000   7.927 999.000 123.029 999.000   4.212 999.000
      73     HIS  55.432 999.000  30.290 999.000 174.901 999.000   8.419 999.000 123.766 999.000   4.631 999.000
      74     ILE  60.264 999.000  38.964 999.000 176.021 999.000   8.066 999.000 123.397 999.000   4.342 999.000
      75     THR  60.687 999.000  68.827 999.000 174.232 999.000   8.290 999.000 120.782 999.000   4.324 999.000
      76     PRO  63.507 999.000  32.331 999.000 176.833 999.000-999.000-999.000 999.000 999.000   4.369 999.000
      77     GLY  44.836 999.000-999.000-999.000 174.503 999.000   8.276 999.000 109.108 999.000   4.094 999.000
      78     THR  62.056 999.000  69.952 999.000 175.197 999.000   7.939 999.000 113.897 999.000   4.197 999.000
      79     ALA  54.388 999.000  18.730 999.000 178.092 999.000   8.470 999.000 126.310 999.000   3.890 999.000
      80     TYR  58.727 999.000  38.538 999.000 177.673 999.000   7.662 999.000 114.562 999.000   4.255 999.000
      81     GLN  57.640 999.000  28.166 999.000 177.458 999.000   7.881 999.000 118.734 999.000   4.032 999.000
      82     SER  61.072 999.000  63.017 999.000 176.001 999.000   7.557 999.000 116.138 999.000   4.159 999.000
      83     PHE  60.281 999.000  38.098 999.000 177.480 999.000   7.828 999.000 122.179 999.000   4.337 999.000
      84     GLU  59.843 999.000  29.346 999.000 178.366 999.000   7.543 999.000 119.853 999.000   3.523 999.000
      85     GLN  57.867 999.000  28.399 999.000 177.630 999.000   7.421 999.000 116.600 999.000   3.996 999.000
      86     VAL  65.403 999.000  31.970 999.000 177.258 999.000   7.383 999.000 119.394 999.000   3.738 999.000
      87     VAL  63.359 999.000  31.625 999.000 176.930 999.000   7.922 999.000 114.357 999.000   3.721 999.000
      88     ASN  55.740 999.000  38.344 999.000 176.067 999.000   7.736 999.000 118.786 999.000   4.023 999.000
      89     GLU  56.918 999.000  30.710 999.000 177.049 999.000   7.601 999.000 116.362 999.000   4.263 999.000
      90     LEU  57.331 999.000  41.706 999.000 177.468 999.000   7.369 999.000 119.674 999.000   3.832 999.000
      91     PHE  58.315 999.000  38.696 999.000 176.515 999.000   7.369 999.000 113.920 999.000   4.374 999.000
      92     ARG  58.117 999.000  29.838 999.000 177.070 999.000   7.473 999.000 119.804 999.000   3.553 999.000
      93     ASP  54.440 999.000  41.143 999.000 176.181 999.000   7.537 999.000 116.385 999.000   4.546 999.000
      94     GLY  45.024 999.000-999.000-999.000 173.258 999.000   7.188 999.000 107.865 999.000   3.956 999.000
      95     VAL  60.970 999.000  30.591 999.000 175.728 999.000   7.517 999.000 116.861 999.000   4.282 999.000
      96     ASN  53.391 999.000  39.733 999.000 175.703 999.000   7.663 999.000 119.716 999.000   4.484 999.000
      97     TRP  59.788 999.000  28.958 999.000 177.248 999.000   8.469 999.000 122.289 999.000   4.213 999.000
      98     GLY  47.659 999.000-999.000-999.000 175.398 999.000   7.630 999.000 107.871 999.000   3.619 999.000
      99     ARG  59.005 999.000  29.979 999.000 177.988 999.000   7.853 999.000 120.617 999.000   4.079 999.000
     100     ILE  64.626 999.000  37.309 999.000 177.492 999.000   7.419 999.000 119.792 999.000   3.692 999.000
     101     VAL  66.904 999.000  31.168 999.000 176.791 999.000   8.487 999.000 119.108 999.000   3.138 999.000
     102     ALA  55.407 999.000  18.037 999.000 178.279 999.000   8.023 999.000 122.287 999.000   3.851 999.000
     103     PHE  60.617 999.000  39.086 999.000 176.872 999.000   7.807 999.000 119.355 999.000   4.402 999.000
     104     PHE  58.657 999.000  37.844 999.000 177.699 999.000   8.783 999.000 117.991 999.000   4.220 999.000
     105     SER  61.743 999.000  62.696 999.000 176.325 999.000   8.616 999.000 115.882 999.000   4.469 999.000
     106     PHE  60.639 999.000  38.851 999.000 176.862 999.000   8.554 999.000 122.939 999.000   4.306 999.000
     107     GLY  47.632 999.000-999.000-999.000 176.192 999.000   8.375 999.000 106.532 999.000   3.718 999.000
     108     GLY  47.285 999.000-999.000-999.000 175.447 999.000   8.650 999.000 109.849 999.000   3.983 999.000
     109     ALA  54.754 999.000  18.403 999.000 178.933 999.000   8.109 999.000 124.519 999.000   4.132 999.000
     110     LEU  58.061 999.000  41.552 999.000 177.949 999.000   8.303 999.000 119.556 999.000   3.940 999.000
     111     CYS 999.000 999.000 999.000 999.000 999.000 999.000 999.000 999.000 999.000 999.000   4.084 999.000
     112     VAL  64.920 999.000  31.967 999.000 177.174 999.000   7.916 999.000 118.966 999.000   3.850 999.000
     113     GLU  57.609 999.000  29.375 999.000 177.313 999.000   8.148 999.000 117.988 999.000   4.204 999.000
     114     SER  58.430 999.000  63.446 999.000 174.974 999.000   7.737 999.000 114.473 999.000   4.515 999.000
     115     VAL  63.656 999.000  31.519 999.000 175.933 999.000   7.714 999.000 119.336 999.000   3.894 999.000
     116     ASP  54.557 999.000  40.308 999.000 176.654 999.000   8.140 999.000 119.105 999.000   4.575 999.000
     117     LYS  56.025 999.000  33.036 999.000 176.413 999.000   7.577 999.000 120.491 999.000   4.345 999.000
     118     GLU  55.885 999.000  29.848 999.000 176.649 999.000   8.624 999.000 120.689 999.000   4.332 999.000
     119     MET  57.775 999.000  31.272 999.000 177.742 999.000   8.703 999.000 122.973 999.000   4.071 999.000
     120     GLN  57.823 999.000  28.549 999.000 176.882 999.000   8.214 999.000 117.842 999.000   4.184 999.000
     121     VAL  62.186 999.000  33.737 999.000 176.939 999.000   7.714 999.000 114.030 999.000   4.333 999.000
     122     LEU  58.529 999.000  41.535 999.000 177.980 999.000   8.147 999.000 121.886 999.000   3.982 999.000
     123     VAL  66.241 999.000  31.301 999.000 178.096 999.000   7.931 999.000 117.627 999.000   3.460 999.000
     124     SER  61.727 999.000  62.922 999.000 176.535 999.000   7.783 999.000 116.136 999.000   4.358 999.000
     125     ARG  58.859 999.000  30.037 999.000 178.548 999.000   7.946 999.000 122.317 999.000   4.081 999.000
     126     ILE  65.133 999.000  37.635 999.000 177.405 999.000   8.573 999.000 120.691 999.000   3.926 999.000
     127     ALA  55.466 999.000  18.103 999.000 179.263 999.000   8.495 999.000 121.085 999.000   3.980 999.000
     128     ALA  55.291 999.000  18.158 999.000 179.000 999.000   7.874 999.000 121.031 999.000   3.998 999.000
     129     TRP  60.689 999.000  29.694 999.000 178.640 999.000   8.253 999.000 119.075 999.000   4.162 999.000
     130     MET  59.840 999.000  32.781 999.000 177.659 999.000   8.913 999.000 118.099 999.000   4.277 999.000
     131     ALA  55.295 999.000  18.249 999.000 178.489 999.000   8.411 999.000 121.483 999.000   4.132 999.000
     132     THR  66.693 999.000  67.971 999.000 176.141 999.000   8.030 999.000 115.697 999.000   3.911 999.000
     133     TYR  59.809 999.000  38.010 999.000 177.791 999.000   8.331 999.000 120.384 999.000   4.609 999.000
     134     LEU  58.314 999.000  41.484 999.000 177.639 999.000   8.840 999.000 120.025 999.000   4.056 999.000
     135     ASN  56.220 999.000  38.887 999.000 177.079 999.000   8.149 999.000 116.354 999.000   4.411 999.000
     136     ASP  55.826 999.000  41.006 999.000 176.918 999.000   7.822 999.000 118.211 999.000   4.507 999.000
     137     HIS  56.802 999.000  31.525 999.000 175.270 999.000   8.038 999.000 113.918 999.000   4.630 999.000
     138     LEU  56.340 999.000  43.409 999.000 177.082 999.000   8.139 999.000 119.116 999.000   4.485 999.000
     139     GLU  61.651 999.000  27.946 999.000 176.219 999.000   8.633 999.000 118.954 999.000   4.035 999.000
     140     PRO  65.385 999.000  31.379 999.000 178.179 999.000-999.000-999.000 999.000 999.000   4.185 999.000
     141     TRP  58.706 999.000  29.991 999.000 178.361 999.000   7.170 999.000 116.872 999.000   4.583 999.000
     142     ILE  64.654 999.000  37.215 999.000 177.452 999.000   8.189 999.000 119.895 999.000   3.814 999.000
     143     GLN  59.043 999.000  27.738 999.000 178.648 999.000   8.468 999.000 118.869 999.000   4.110 999.000
     144     GLU  58.370 999.000  29.533 999.000 177.840 999.000   7.771 999.000 118.873 999.000   4.095 999.000
     145     ASN  54.398 999.000  39.629 999.000 175.552 999.000   7.875 999.000 114.933 999.000   4.543 999.000
     146     GLY  45.470 999.000-999.000-999.000 174.163 999.000   7.777 999.000 106.683 999.000   4.130 999.000
     147     GLY  45.232 999.000-999.000-999.000 173.578 999.000   8.348 999.000 107.882 999.000   4.092 999.000
     148     TRP  60.471 999.000  29.530 999.000 177.753 999.000   8.945 999.000 123.726 999.000   4.610 999.000
     149     ASP  57.326 999.000  39.697 999.000 177.907 999.000   8.320 999.000 119.023 999.000   4.278 999.000
     150     THR  65.014 999.000  68.313 999.000 176.408 999.000   7.615 999.000 112.914 999.000   3.982 999.000
     151     PHE  60.244 999.000  39.223 999.000 177.687 999.000   7.727 999.000 120.869 999.000   4.323 999.000
     152     VAL  66.036 999.000  31.215 999.000 177.746 999.000   7.589 999.000 119.004 999.000   3.499 999.000
     153     GLU  59.168 999.000  29.060 999.000 178.584 999.000   7.780 999.000 120.150 999.000   3.859 999.000
     154     LEU  57.354 999.000  41.693 999.000 178.107 999.000   7.229 999.000 119.718 999.000   3.808 999.000
     155     TYR  59.400 999.000  39.030 999.000 177.357 999.000   7.814 999.000 117.406 999.000   4.397 999.000
     156     GLY  45.257 999.000-999.000-999.000 174.514 999.000   8.077 999.000 106.322 999.000   3.848 999.000
     157     ASN  53.065 999.000  38.738 999.000 175.632 999.000   7.900 999.000 117.948 999.000   4.536 999.000
     158     ASN  55.757 999.000  38.545 999.000 176.543 999.000   8.223 999.000 120.914 999.000   4.367 999.000
     159     ALA  54.782 999.000  18.369 999.000 179.237 999.000   8.120 999.000 122.056 999.000   4.136 999.000
     160     ALA  54.287 999.000  18.083 999.000 179.779 999.000   7.532 999.000 120.694 999.000   4.208 999.000
     161     ALA  54.607 999.000  18.110 999.000 180.002 999.000   7.670 999.000 120.619 999.000   4.151 999.000
     162     GLU  58.881 999.000  29.143 999.000 179.187 999.000   8.125 999.000 118.102 999.000   4.127 999.000
     163     SER  61.166 999.000  63.073 999.000 176.649 999.000   7.969 999.000 115.318 999.000   4.259 999.000
     164     ARG  58.121 999.000  29.742 999.000 178.373 999.000   7.788 999.000 121.818 999.000   4.183 999.000
     165     LYS  57.576 999.000  32.124 999.000 178.544 999.000   7.840 999.000 118.873 999.000   4.221 999.000
     166     GLY  45.587 999.000-999.000-999.000 174.808 999.000   7.857 999.000 106.971 999.000   3.955 999.000
     167     GLN  56.634 999.000  29.147 999.000 176.621 999.000   7.784 999.000 119.745 999.000   4.276 999.000
     168     GLU  56.955 999.000  29.929 999.000 176.703 999.000   7.791 999.000 119.044 999.000   4.304 999.000
     169     ARG 999.000 999.000 999.000 999.000 999.000 999.000 999.000 999.000 999.000 999.000 999.000 999.000
     630     GLU 999.000 999.000 999.000 999.000 999.000 999.000-999.000-999.000 999.000 999.000 999.000 999.000
     631     GLU 999.000 999.000 999.000 999.000 999.000 999.000 999.000 999.000 999.000 999.000 999.000 999.000
     632     GLN  55.654 999.000  28.102 999.000 176.596 999.000   7.847 999.000 119.488 999.000   4.212 999.000
     633     TRP  58.989 999.000  29.556 999.000 177.744 999.000   7.680 999.000 120.637 999.000   4.386 999.000
     634     ALA  54.794 999.000  18.174 999.000 179.001 999.000   8.163 999.000 121.302 999.000   4.098 999.000
     635     ARG  59.215 999.000  29.691 999.000 178.468 999.000   7.895 999.000 118.000 999.000   3.993 999.000
     636     GLU  58.944 999.000  29.325 999.000 178.990 999.000   7.666 999.000 119.162 999.000   4.143 999.000
     637     ILE  64.104 999.000  36.889 999.000 178.030 999.000   7.908 999.000 119.564 999.000   3.746 999.000
     638     GLY  47.622 999.000-999.000-999.000 176.039 999.000   8.420 999.000 107.755 999.000   3.799 999.000
     639     ALA  54.983 999.000  18.113 999.000 179.015 999.000   8.082 999.000 124.374 999.000   4.059 999.000
     640     GLN  58.883 999.000  28.353 999.000 178.430 999.000   7.924 999.000 118.337 999.000   3.878 999.000
     641     LEU  58.194 999.000  41.300 999.000 178.559 999.000   8.600 999.000 120.956 999.000   4.015 999.000
     642     ARG  59.648 999.000  29.856 999.000 178.671 999.000   8.337 999.000 119.097 999.000   3.894 999.000
     643     ARG  58.429 999.000  29.845 999.000 178.365 999.000   7.898 999.000 118.949 999.000   4.139 999.000
     644     MET  58.287 999.000  32.811 999.000 177.004 999.000   8.386 999.000 119.094 999.000   4.156 999.000
     645     ALA  52.782 999.000  18.750 999.000 176.788 999.000   7.801 999.000 119.236 999.000   4.299 999.000
     646     ASP  53.966 999.000  41.279 999.000 175.882 999.000   7.331 999.000 118.113 999.000   4.487 999.000
     647     ASP  54.706 999.000  41.094 999.000 176.791 999.000   8.424 999.000 123.839 999.000   4.457 999.000
     648     LEU  56.326 999.000  42.095 999.000 177.450 999.000   7.534 999.000 120.066 999.000   4.064 999.000
     649     ASN  53.767 999.000  38.506 999.000 175.673 999.000   8.061 999.000 116.038 999.000   4.532 999.000
     650     ALA  52.647 999.000  18.988 999.000 177.559 999.000   7.667 999.000 121.846 999.000   4.276 999.000
     651     GLN  56.367 999.000  29.094 999.000 175.974 999.000   7.741 999.000 118.031 999.000   4.073 999.000
     652     TYR  58.956 999.000  37.321 999.000 175.364 999.000   8.291 999.000 116.717 999.000   4.330 999.000
     653     GLU  57.062 999.000  30.274 999.000 176.509 999.000   7.934 999.000 119.613 999.000   4.289 999.000
     654     ARG 999.000 999.000 999.000 999.000 999.000 999.000 999.000 999.000 999.000 999.000 999.000 999.000
