   index residue  pre_ca  exp_ca  pre_cb  exp_cb   pre_c   exp_c   pre_h   exp_h   pre_n   exp_n  pre_ha  exp_ha
       1     MET 999.000 999.000 999.000 999.000 999.000 999.000-999.000-999.000 999.000 999.000 999.000 999.000
       2     SER 999.000 999.000 999.000 999.000 999.000 999.000 999.000 999.000 999.000 999.000 999.000 999.000
       3     GLN  57.180 999.000  28.885 999.000 176.990 999.000   8.081 999.000 119.827 999.000   4.240 999.000
       4     SER  60.224 999.000  63.373 999.000 175.930 999.000   7.748 999.000 115.325 999.000   4.196 999.000
       5     ASN  55.719 999.000  37.690 999.000 176.586 999.000   8.265 999.000 121.043 999.000   4.453 999.000
       6     ARG  58.918 999.000  30.173 999.000 177.477 999.000   7.799 999.000 119.938 999.000   4.135 999.000
       7     GLU  59.043 999.000  29.224 999.000 179.009 999.000   7.637 999.000 118.978 999.000   3.994 999.000
       8     LEU  57.706 999.000  41.494 999.000 178.626 999.000   7.796 999.000 118.990 999.000   4.133 999.000
       9     VAL  66.226 999.000  31.312 999.000 177.601 999.000   7.270 999.000 119.256 999.000   3.046 999.000
      10     VAL  66.973 999.000  31.152 999.000 176.409 999.000   8.165 999.000 118.813 999.000   3.673 999.000
      11     ASP  57.496 999.000  41.269 999.000 177.484 999.000   7.775 999.000 119.899 999.000   4.376 999.000
      12     PHE  61.515 999.000  39.704 999.000 177.267 999.000   7.989 999.000 120.582 999.000   4.224 999.000
      13     LEU  58.264 999.000  41.151 999.000 178.574 999.000   8.773 999.000 118.551 999.000   4.092 999.000
      14     SER  62.241 999.000  62.580 999.000 176.536 999.000   8.538 999.000 115.118 999.000   4.337 999.000
      15     TYR  60.931 999.000  37.895 999.000 176.993 999.000   8.508 999.000 124.336 999.000   4.342 999.000
      16     LYS  58.494 999.000  31.396 999.000 179.114 999.000   8.141 999.000 118.423 999.000   3.797 999.000
      17     LEU  58.061 999.000  41.566 999.000 178.795 999.000   8.565 999.000 119.872 999.000   4.043 999.000
      18     SER  61.779 999.000  62.836 999.000 177.138 999.000   8.437 999.000 115.855 999.000   4.252 999.000
      19     GLN  57.801 999.000  28.586 999.000 177.479 999.000   8.019 999.000 120.429 999.000   4.051 999.000
      20     LYS  56.279 999.000  32.622 999.000 177.049 999.000   7.315 999.000 117.582 999.000   4.076 999.000
      21     GLY  45.580 999.000-999.000-999.000 174.063 999.000   7.447 999.000 107.636 999.000   3.944 999.000
      22     TYR  54.730 999.000  39.975 999.000 175.277 999.000   8.241 999.000 119.483 999.000   4.769 999.000
      23     SER  56.394 999.000  65.996 999.000 174.547 999.000   8.614 999.000 113.529 999.000   4.770 999.000
      24     TRP  59.658 999.000  29.575 999.000 176.467 999.000   8.347 999.000 121.043 999.000   4.250 999.000
      25     SER  58.726 999.000  64.460 999.000 173.796 999.000   7.864 999.000 111.013 999.000   4.364 999.000
      26     GLN  54.510 999.000  31.920 999.000 175.020 999.000   7.555 999.000 119.786 999.000   4.396 999.000
      27     PHE  58.630 999.000  38.156 999.000 175.731 999.000   8.456 999.000 121.061 999.000   4.120 999.000
      28     SER  57.152 999.000  64.957 999.000 174.062 999.000   7.466 999.000 113.731 999.000   4.706 999.000
      29     ASP  54.771 999.000  39.701 999.000 177.135 999.000   8.631 999.000 124.238 999.000   4.467 999.000
      30     VAL  63.512 999.000  31.751 999.000 176.694 999.000   7.881 999.000 117.320 999.000   3.954 999.000
      31     GLU  56.474 999.000  30.183 999.000 176.452 999.000   8.107 999.000 120.191 999.000   4.292 999.000
      32     GLU  57.065 999.000  30.414 999.000 176.711 999.000   8.075 999.000 118.868 999.000   4.178 999.000
      33     ASN  53.418 999.000  37.806 999.000 175.007 999.000   8.420 999.000 116.373 999.000   4.567 999.000
      34     ARG  55.816 999.000  30.745 999.000 176.323 999.000   8.010 999.000 119.478 999.000   4.328 999.000
      35     THR  61.683 999.000  70.052 999.000 174.932 999.000   8.204 999.000 115.697 999.000   4.350 999.000
      36     GLU  56.554 999.000  30.036 999.000 175.868 999.000   8.616 999.000 122.781 999.000   4.217 999.000
      37     ALA  50.880 999.000  18.292 999.000 175.593 999.000   8.236 999.000 124.636 999.000   4.433 999.000
      38     PRO  62.863 999.000  32.385 999.000 176.955 999.000-999.000-999.000 999.000 999.000   4.529 999.000
      39     GLU  56.931 999.000  29.909 999.000 177.005 999.000   8.622 999.000 121.830 999.000   4.180 999.000
      40     GLY  45.607 999.000-999.000-999.000 174.906 999.000   8.654 999.000 111.151 999.000   4.076 999.000
      41     THR  62.109 999.000  70.037 999.000 175.035 999.000   7.490 999.000 115.569 999.000   4.333 999.000
      42     GLU  59.175 999.000  29.302 999.000 177.746 999.000   9.096 999.000 125.837 999.000   3.993 999.000
      43     SER  61.075 999.000  63.050 999.000 175.983 999.000   8.508 999.000 114.175 999.000   4.333 999.000
      44     GLU  58.567 999.000  29.236 999.000 178.126 999.000   7.965 999.000 122.470 999.000   4.101 999.000
      45     ALA  54.984 999.000  18.289 999.000 179.386 999.000   7.495 999.000 121.396 999.000   3.838 999.000
      46     VAL  66.152 999.000  31.223 999.000 177.913 999.000   7.368 999.000 118.556 999.000   3.482 999.000
      47     LYS  60.160 999.000  31.961 999.000 178.809 999.000   7.852 999.000 119.683 999.000   3.897 999.000
      48     GLN  58.663 999.000  28.127 999.000 178.212 999.000   8.113 999.000 118.847 999.000   3.955 999.000
      49     ALA  54.950 999.000  18.144 999.000 179.562 999.000   7.936 999.000 122.137 999.000   4.095 999.000
      50     LEU  57.563 999.000  41.498 999.000 178.852 999.000   8.103 999.000 118.671 999.000   4.138 999.000
      51     ARG  59.502 999.000  29.651 999.000 178.644 999.000   7.845 999.000 119.185 999.000   3.900 999.000
      52     GLU  58.967 999.000  29.333 999.000 178.808 999.000   8.033 999.000 119.008 999.000   4.086 999.000
      53     ALA  54.650 999.000  18.170 999.000 179.606 999.000   8.156 999.000 121.658 999.000   4.137 999.000
      54     GLY  47.123 999.000-999.000-999.000 175.495 999.000   8.403 999.000 106.715 999.000   4.210 999.000
      55     ASP  56.358 999.000  40.515 999.000 177.704 999.000   8.079 999.000 121.690 999.000   4.583 999.000
      56     GLU  58.429 999.000  29.906 999.000 177.981 999.000   7.768 999.000 120.179 999.000   4.169 999.000
      57     PHE  60.744 999.000  39.636 999.000 176.717 999.000   8.462 999.000 119.866 999.000   4.287 999.000
      58     GLU  56.665 999.000  29.869 999.000 177.467 999.000   7.781 999.000 115.941 999.000   4.152 999.000
      59     LEU  56.143 999.000  41.421 999.000 176.553 999.000   7.595 999.000 122.232 999.000   4.052 999.000
      60     ARG  57.433 999.000  27.899 999.000 175.495 999.000   8.828 999.000 122.564 999.000   3.799 999.000
      61     TYR  58.441 999.000  35.425 999.000 175.504 999.000   7.537 999.000 115.329 999.000   4.145 999.000
      62     ARG  57.846 999.000  30.196 999.000 176.924 999.000   7.556 999.000 119.136 999.000   4.093 999.000
      63     ARG  56.323 999.000  30.685 999.000 176.024 999.000   7.877 999.000 116.374 999.000   4.223 999.000
      64     ALA  52.020 999.000  18.966 999.000 176.681 999.000   7.478 999.000 122.186 999.000   4.197 999.000
      65     PHE  56.956 999.000  40.642 999.000 176.533 999.000   8.417 999.000 119.520 999.000   4.700 999.000
      66     SER  61.331 999.000  62.664 999.000 175.790 999.000   9.128 999.000 119.047 999.000   4.135 999.000
      67     ASP  56.072 999.000  39.940 999.000 177.233 999.000   8.337 999.000 121.001 999.000   4.451 999.000
      68     LEU  55.637 999.000  42.560 999.000 177.621 999.000   7.596 999.000 117.875 999.000   4.424 999.000
      69     THR  63.001 999.000  69.958 999.000 175.449 999.000   7.684 999.000 109.749 999.000   4.265 999.000
      70     SER  59.297 999.000  64.216 999.000 174.701 999.000   8.216 999.000 116.213 999.000   4.495 999.000
      71     GLN  55.343 999.000  28.293 999.000 175.742 999.000   8.031 999.000 120.831 999.000   4.322 999.000
      72     LEU  54.898 999.000  41.405 999.000 176.283 999.000   7.947 999.000 123.198 999.000   4.203 999.000
      73     HIS  55.425 999.000  30.256 999.000 174.860 999.000   8.400 999.000 123.996 999.000   4.624 999.000
      74     ILE  60.165 999.000  39.096 999.000 175.954 999.000   8.025 999.000 123.348 999.000   4.361 999.000
      75     THR  60.762 999.000  68.838 999.000 174.266 999.000   8.299 999.000 120.786 999.000   4.362 999.000
      76     PRO  63.510 999.000  32.326 999.000 176.786 999.000-999.000-999.000 999.000 999.000   4.385 999.000
      77     GLY  44.820 999.000-999.000-999.000 174.488 999.000   8.293 999.000 109.270 999.000   4.105 999.000
      78     THR  61.990 999.000  69.978 999.000 175.186 999.000   7.934 999.000 113.813 999.000   4.207 999.000
      79     ALA  54.523 999.000  18.668 999.000 178.172 999.000   8.491 999.000 126.612 999.000   3.885 999.000
      80     TYR  58.776 999.000  38.493 999.000 177.708 999.000   7.652 999.000 114.663 999.000   4.273 999.000
      81     GLN  57.614 999.000  28.191 999.000 177.474 999.000   7.892 999.000 118.698 999.000   4.035 999.000
      82     SER  61.097 999.000  63.008 999.000 176.006 999.000   7.553 999.000 116.147 999.000   4.149 999.000
      83     PHE  60.372 999.000  38.114 999.000 177.472 999.000   7.802 999.000 122.220 999.000   4.322 999.000
      84     GLU  59.849 999.000  29.335 999.000 178.381 999.000   7.549 999.000 119.882 999.000   3.514 999.000
      85     GLN  57.880 999.000  28.448 999.000 177.626 999.000   7.421 999.000 116.539 999.000   3.999 999.000
      86     VAL  65.372 999.000  31.972 999.000 177.268 999.000   7.392 999.000 119.393 999.000   3.744 999.000
      87     VAL  63.519 999.000  31.631 999.000 176.972 999.000   7.977 999.000 114.682 999.000   3.704 999.000
      88     ASN  55.748 999.000  38.353 999.000 176.106 999.000   7.762 999.000 118.711 999.000   4.034 999.000
      89     GLU  56.952 999.000  30.648 999.000 177.055 999.000   7.572 999.000 116.445 999.000   4.254 999.000
      90     LEU  57.264 999.000  41.708 999.000 177.474 999.000   7.365 999.000 119.630 999.000   3.856 999.000
      91     PHE  58.382 999.000  38.622 999.000 176.515 999.000   7.367 999.000 114.112 999.000   4.362 999.000
      92     ARG  58.100 999.000  29.833 999.000 177.013 999.000   7.451 999.000 119.714 999.000   3.562 999.000
      93     ASP  54.431 999.000  41.170 999.000 176.183 999.000   7.561 999.000 116.427 999.000   4.548 999.000
      94     GLY  44.977 999.000-999.000-999.000 173.218 999.000   7.186 999.000 107.803 999.000   3.942 999.000
      95     VAL  60.950 999.000  30.667 999.000 175.705 999.000   7.427 999.000 116.918 999.000   4.275 999.000
      96     ASN  53.316 999.000  39.738 999.000 175.678 999.000   7.666 999.000 119.583 999.000   4.494 999.000
      97     TRP  59.834 999.000  28.978 999.000 177.258 999.000   8.466 999.000 121.929 999.000   4.207 999.000
      98     GLY  47.634 999.000-999.000-999.000 175.393 999.000   7.669 999.000 107.836 999.000   3.616 999.000
      99     ARG  58.953 999.000  29.973 999.000 177.976 999.000   7.842 999.000 120.613 999.000   4.083 999.000
     100     ILE  64.551 999.000  37.267 999.000 177.490 999.000   7.408 999.000 119.762 999.000   3.703 999.000
     101     VAL  66.866 999.000  31.156 999.000 176.813 999.000   8.471 999.000 119.063 999.000   3.144 999.000
     102     ALA  55.423 999.000  18.035 999.000 178.272 999.000   8.003 999.000 122.300 999.000   3.861 999.000
     103     PHE  60.635 999.000  39.069 999.000 176.883 999.000   7.775 999.000 119.348 999.000   4.395 999.000
     104     PHE  58.709 999.000  37.882 999.000 177.666 999.000   8.756 999.000 117.943 999.000   4.206 999.000
     105     SER  61.728 999.000  62.704 999.000 176.337 999.000   8.627 999.000 115.862 999.000   4.464 999.000
     106     PHE  60.715 999.000  38.850 999.000 176.867 999.000   8.561 999.000 122.875 999.000   4.288 999.000
     107     GLY  47.631 999.000-999.000-999.000 176.189 999.000   8.349 999.000 106.517 999.000   3.726 999.000
     108     GLY  47.282 999.000-999.000-999.000 175.443 999.000   8.640 999.000 109.830 999.000   3.983 999.000
     109     ALA  54.745 999.000  18.416 999.000 178.920 999.000   8.095 999.000 124.490 999.000   4.127 999.000
     110     LEU  58.072 999.000  41.551 999.000 177.853 999.000   8.307 999.000 119.604 999.000   3.938 999.000
     111     CYS 999.000 999.000 999.000 999.000 999.000 999.000 999.000 999.000 999.000 999.000   4.082 999.000
     112     VAL  64.924 999.000  31.944 999.000 177.183 999.000   7.908 999.000 118.930 999.000   3.839 999.000
     113     GLU  57.753 999.000  29.425 999.000 177.382 999.000   8.117 999.000 118.121 999.000   4.186 999.000
     114     SER  58.448 999.000  63.403 999.000 175.050 999.000   7.776 999.000 114.348 999.000   4.522 999.000
     115     VAL  63.700 999.000  31.347 999.000 175.984 999.000   7.636 999.000 119.217 999.000   3.868 999.000
     116     ASP  54.577 999.000  40.284 999.000 176.686 999.000   8.111 999.000 119.261 999.000   4.568 999.000
     117     LYS  56.061 999.000  32.997 999.000 176.419 999.000   7.587 999.000 120.464 999.000   4.341 999.000
     118     GLU  55.835 999.000  29.826 999.000 176.622 999.000   8.612 999.000 120.652 999.000   4.344 999.000
     119     MET  57.795 999.000  31.290 999.000 177.722 999.000   8.684 999.000 122.723 999.000   4.071 999.000
     120     GLN  57.809 999.000  28.558 999.000 176.872 999.000   8.210 999.000 117.873 999.000   4.191 999.000
     121     VAL  62.195 999.000  33.750 999.000 176.932 999.000   7.758 999.000 114.025 999.000   4.338 999.000
     122     LEU  58.531 999.000  41.523 999.000 178.012 999.000   8.166 999.000 121.883 999.000   3.991 999.000
     123     VAL  66.222 999.000  31.296 999.000 178.108 999.000   7.941 999.000 117.599 999.000   3.479 999.000
     124     SER  61.718 999.000  62.925 999.000 176.534 999.000   7.786 999.000 116.146 999.000   4.370 999.000
     125     ARG  58.863 999.000  30.057 999.000 178.558 999.000   7.961 999.000 122.281 999.000   4.091 999.000
     126     ILE  65.164 999.000  37.663 999.000 177.401 999.000   8.597 999.000 120.697 999.000   3.941 999.000
     127     ALA  55.466 999.000  18.104 999.000 179.257 999.000   8.472 999.000 121.068 999.000   3.982 999.000
     128     ALA  55.281 999.000  18.158 999.000 179.007 999.000   7.865 999.000 120.972 999.000   3.996 999.000
     129     TRP  60.712 999.000  29.688 999.000 178.630 999.000   8.244 999.000 119.056 999.000   4.157 999.000
     130     MET  59.850 999.000  32.787 999.000 177.658 999.000   8.911 999.000 118.136 999.000   4.266 999.000
     131     ALA  55.294 999.000  18.260 999.000 178.484 999.000   8.411 999.000 121.468 999.000   4.133 999.000
     132     THR  66.705 999.000  67.959 999.000 176.108 999.000   8.028 999.000 115.774 999.000   3.908 999.000
     133     TYR  59.854 999.000  38.003 999.000 177.802 999.000   8.344 999.000 120.408 999.000   4.603 999.000
     134     LEU  58.371 999.000  41.510 999.000 177.632 999.000   8.821 999.000 120.097 999.000   4.048 999.000
     135     ASN  56.187 999.000  38.865 999.000 177.098 999.000   8.154 999.000 116.363 999.000   4.411 999.000
     136     ASP  55.849 999.000  40.992 999.000 176.922 999.000   7.871 999.000 118.276 999.000   4.507 999.000
     137     HIS  56.871 999.000  31.557 999.000 175.354 999.000   8.041 999.000 113.954 999.000   4.614 999.000
     138     LEU  56.357 999.000  43.322 999.000 177.131 999.000   8.152 999.000 118.942 999.000   4.482 999.000
     139     GLU  61.635 999.000  27.953 999.000 176.207 999.000   8.645 999.000 119.079 999.000   4.042 999.000
     140     PRO  65.399 999.000  31.377 999.000 178.180 999.000-999.000-999.000 999.000 999.000   4.181 999.000
     141     TRP  58.854 999.000  29.961 999.000 178.334 999.000   7.193 999.000 116.906 999.000   4.561 999.000
     142     ILE  64.713 999.000  37.260 999.000 177.435 999.000   8.167 999.000 119.911 999.000   3.815 999.000
     143     GLN  59.043 999.000  27.732 999.000 178.644 999.000   8.492 999.000 118.833 999.000   4.109 999.000
     144     GLU  58.402 999.000  29.544 999.000 177.868 999.000   7.755 999.000 118.914 999.000   4.090 999.000
     145     ASN  54.400 999.000  39.589 999.000 175.607 999.000   7.900 999.000 115.017 999.000   4.530 999.000
     146     GLY  45.497 999.000-999.000-999.000 174.152 999.000   7.791 999.000 106.642 999.000   4.130 999.000
     147     GLY  45.206 999.000-999.000-999.000 173.578 999.000   8.344 999.000 107.816 999.000   4.097 999.000
     148     TRP  60.502 999.000  29.531 999.000 177.757 999.000   8.945 999.000 123.637 999.000   4.601 999.000
     149     ASP  57.333 999.000  39.699 999.000 177.923 999.000   8.316 999.000 119.025 999.000   4.282 999.000
     150     THR  65.013 999.000  68.304 999.000 176.403 999.000   7.630 999.000 112.893 999.000   3.990 999.000
     151     PHE  60.270 999.000  39.217 999.000 177.687 999.000   7.737 999.000 120.998 999.000   4.333 999.000
     152     VAL  66.053 999.000  31.205 999.000 177.777 999.000   7.590 999.000 119.030 999.000   3.507 999.000
     153     GLU  59.179 999.000  29.065 999.000 178.588 999.000   7.792 999.000 120.220 999.000   3.863 999.000
     154     LEU  57.399 999.000  41.699 999.000 178.186 999.000   7.245 999.000 119.816 999.000   3.803 999.000
     155     TYR  59.534 999.000  39.009 999.000 177.401 999.000   7.842 999.000 117.524 999.000   4.382 999.000
     156     GLY  45.234 999.000-999.000-999.000 174.517 999.000   8.089 999.000 106.225 999.000   3.858 999.000
     157     ASN  53.132 999.000  38.666 999.000 175.646 999.000   7.890 999.000 117.927 999.000   4.523 999.000
     158     ASN  55.816 999.000  38.548 999.000 176.558 999.000   8.183 999.000 120.744 999.000   4.359 999.000
     159     ALA  54.769 999.000  18.369 999.000 179.249 999.000   8.143 999.000 122.009 999.000   4.142 999.000
     160     ALA  54.317 999.000  18.076 999.000 179.800 999.000   7.520 999.000 120.781 999.000   4.203 999.000
     161     ALA  54.651 999.000  18.062 999.000 180.011 999.000   7.695 999.000 120.628 999.000   4.141 999.000
     162     GLU  58.930 999.000  29.135 999.000 179.230 999.000   8.118 999.000 118.115 999.000   4.124 999.000
     163     SER  61.233 999.000  63.056 999.000 176.768 999.000   7.987 999.000 115.396 999.000   4.255 999.000
     164     ARG  58.276 999.000  29.698 999.000 178.530 999.000   7.833 999.000 121.865 999.000   4.163 999.000
     165     LYS  57.777 999.000  32.023 999.000 178.741 999.000   7.875 999.000 118.922 999.000   4.205 999.000
     166     GLY  45.678 999.000-999.000-999.000 174.946 999.000   7.894 999.000 107.061 999.000   3.952 999.000
     167     GLN  56.692 999.000  29.116 999.000 176.683 999.000   7.760 999.000 119.878 999.000   4.274 999.000
     168     GLU  56.984 999.000  29.911 999.000 176.753 999.000   7.756 999.000 118.980 999.000   4.304 999.000
     169     ARG 999.000 999.000 999.000 999.000 999.000 999.000 999.000 999.000 999.000 999.000 999.000 999.000
     630     GLU 999.000 999.000 999.000 999.000 999.000 999.000-999.000-999.000 999.000 999.000 999.000 999.000
     631     GLU 999.000 999.000 999.000 999.000 999.000 999.000 999.000 999.000 999.000 999.000 999.000 999.000
     632     GLN  55.419 999.000  28.096 999.000 176.526 999.000   7.800 999.000 119.598 999.000   4.218 999.000
     633     TRP  58.825 999.000  29.643 999.000 177.737 999.000   7.629 999.000 120.496 999.000   4.398 999.000
     634     ALA  54.775 999.000  18.170 999.000 178.978 999.000   8.250 999.000 121.406 999.000   4.131 999.000
     635     ARG  59.216 999.000  29.708 999.000 178.466 999.000   7.883 999.000 117.980 999.000   3.994 999.000
     636     GLU  58.940 999.000  29.319 999.000 178.983 999.000   7.670 999.000 119.127 999.000   4.154 999.000
     637     ILE  64.119 999.000  36.900 999.000 178.030 999.000   7.919 999.000 119.583 999.000   3.766 999.000
     638     GLY  47.624 999.000-999.000-999.000 176.031 999.000   8.427 999.000 107.754 999.000   3.803 999.000
     639     ALA  54.979 999.000  18.112 999.000 179.023 999.000   8.090 999.000 124.384 999.000   4.063 999.000
     640     GLN  58.879 999.000  28.367 999.000 178.420 999.000   7.936 999.000 118.350 999.000   3.877 999.000
     641     LEU  58.191 999.000  41.300 999.000 178.521 999.000   8.615 999.000 121.063 999.000   4.021 999.000
     642     ARG  59.653 999.000  29.840 999.000 178.676 999.000   8.378 999.000 119.135 999.000   3.892 999.000
     643     ARG  58.423 999.000  29.881 999.000 178.323 999.000   7.884 999.000 118.836 999.000   4.143 999.000
     644     MET  58.248 999.000  32.811 999.000 177.004 999.000   8.371 999.000 119.234 999.000   4.165 999.000
     645     ALA  52.763 999.000  18.747 999.000 176.746 999.000   7.856 999.000 119.194 999.000   4.306 999.000
     646     ASP  53.967 999.000  41.260 999.000 175.857 999.000   7.327 999.000 118.102 999.000   4.491 999.000
     647     ASP  54.652 999.000  41.130 999.000 176.786 999.000   8.423 999.000 123.980 999.000   4.472 999.000
     648     LEU  56.486 999.000  42.025 999.000 177.535 999.000   7.542 999.000 120.067 999.000   4.051 999.000
     649     ASN  53.863 999.000  38.437 999.000 175.713 999.000   8.036 999.000 115.825 999.000   4.523 999.000
     650     ALA  52.553 999.000  18.988 999.000 177.522 999.000   7.651 999.000 121.954 999.000   4.289 999.000
     651     GLN  56.435 999.000  29.164 999.000 175.924 999.000   7.755 999.000 118.138 999.000   4.064 999.000
     652     TYR  58.815 999.000  37.256 999.000 175.245 999.000   8.306 999.000 116.498 999.000   4.335 999.000
     653     GLU  57.088 999.000  30.269 999.000 176.516 999.000   7.921 999.000 119.826 999.000   4.288 999.000
     654     ARG 999.000 999.000 999.000 999.000 999.000 999.000 999.000 999.000 999.000 999.000 999.000 999.000
