   index residue  pre_ca  exp_ca  pre_cb  exp_cb   pre_c   exp_c   pre_h   exp_h   pre_n   exp_n  pre_ha  exp_ha
       1     MET 999.000 999.000 999.000 999.000 999.000 999.000-999.000-999.000 999.000 999.000 999.000 999.000
       2     SER 999.000 999.000 999.000 999.000 999.000 999.000 999.000 999.000 999.000 999.000 999.000 999.000
       3     GLN  57.992 999.000  27.924 999.000 177.785 999.000   8.081 999.000 122.298 999.000   4.146 999.000
       4     SER  60.905 999.000  62.951 999.000 176.195 999.000   7.960 999.000 116.300 999.000   4.293 999.000
       5     ASN  55.419 999.000  37.980 999.000 176.338 999.000   8.210 999.000 121.262 999.000   4.703 999.000
       6     ARG  59.933 999.000  29.887 999.000 177.698 999.000   7.962 999.000 121.466 999.000   3.987 999.000
       7     GLU  59.116 999.000  29.115 999.000 178.762 999.000   7.892 999.000 117.919 999.000   4.050 999.000
       8     LEU  57.415 999.000  41.469 999.000 178.712 999.000   7.503 999.000 119.361 999.000   4.170 999.000
       9     VAL  66.415 999.000  31.329 999.000 177.609 999.000   8.115 999.000 119.686 999.000   3.375 999.000
      10     VAL  66.765 999.000  31.125 999.000 176.590 999.000   8.237 999.000 118.832 999.000   3.518 999.000
      11     ASP  57.261 999.000  41.182 999.000 177.340 999.000   7.768 999.000 119.949 999.000   4.388 999.000
      12     PHE  61.548 999.000  39.624 999.000 176.991 999.000   7.883 999.000 120.809 999.000   4.202 999.000
      13     LEU  58.069 999.000  41.182 999.000 178.427 999.000   8.723 999.000 118.289 999.000   4.015 999.000
      14     SER  61.882 999.000  62.682 999.000 176.544 999.000   8.587 999.000 115.033 999.000   4.239 999.000
      15     TYR  60.932 999.000  38.162 999.000 177.125 999.000   8.270 999.000 124.110 999.000   4.326 999.000
      16     LYS  58.794 999.000  31.601 999.000 178.971 999.000   8.034 999.000 119.383 999.000   3.820 999.000
      17     LEU  57.885 999.000  41.498 999.000 178.892 999.000   8.488 999.000 119.164 999.000   4.060 999.000
      18     SER  61.900 999.000  62.759 999.000 177.197 999.000   8.363 999.000 115.808 999.000   4.227 999.000
      19     GLN  57.844 999.000  28.572 999.000 177.378 999.000   7.857 999.000 120.213 999.000   4.062 999.000
      20     LYS  56.209 999.000  32.774 999.000 177.044 999.000   7.329 999.000 117.428 999.000   4.147 999.000
      21     GLY  45.571 999.000-999.000-999.000 173.897 999.000   7.571 999.000 107.779 999.000   3.920 999.000
      22     TYR  56.017 999.000  40.755 999.000 175.132 999.000   8.095 999.000 119.016 999.000   4.762 999.000
      23     SER  56.651 999.000  65.736 999.000 174.729 999.000   8.560 999.000 114.865 999.000   4.668 999.000
      24     TRP  58.659 999.000  28.801 999.000 176.205 999.000   8.534 999.000 118.335 999.000   4.435 999.000
      25     SER  58.654 999.000  64.352 999.000 173.823 999.000   7.092 999.000 111.247 999.000   4.304 999.000
      26     GLN  54.453 999.000  31.948 999.000 175.138 999.000   7.309 999.000 120.176 999.000   4.418 999.000
      27     PHE  59.394 999.000  38.625 999.000 176.107 999.000   8.583 999.000 120.048 999.000   4.047 999.000
      28     SER  57.114 999.000  64.862 999.000 173.890 999.000   7.249 999.000 113.091 999.000   4.470 999.000
      29     ASP  54.766 999.000  40.229 999.000 176.554 999.000   8.588 999.000 123.768 999.000   4.360 999.000
      30     VAL  64.031 999.000  31.123 999.000 175.848 999.000   8.240 999.000 117.010 999.000   3.837 999.000
      31     GLU  55.838 999.000  31.251 999.000 175.590 999.000   8.192 999.000 120.512 999.000   4.360 999.000
      32     GLU  57.210 999.000  30.586 999.000 176.470 999.000   8.806 999.000 121.772 999.000   4.139 999.000
      33     ASN  53.431 999.000  37.227 999.000 174.995 999.000   8.519 999.000 116.339 999.000   4.498 999.000
      34     ARG  56.255 999.000  29.852 999.000 176.521 999.000   8.119 999.000 119.398 999.000   4.364 999.000
      35     THR  62.135 999.000  69.774 999.000 175.345 999.000   8.297 999.000 116.731 999.000   4.321 999.000
      36     GLU  56.293 999.000  29.559 999.000 175.530 999.000   8.443 999.000 120.821 999.000   4.206 999.000
      37     ALA  50.836 999.000  18.250 999.000 175.625 999.000   8.085 999.000 125.138 999.000   4.469 999.000
      38     PRO  62.785 999.000  32.464 999.000 177.084 999.000-999.000-999.000 999.000 999.000   4.565 999.000
      39     GLU  57.500 999.000  29.478 999.000 177.408 999.000   8.767 999.000 121.615 999.000   4.168 999.000
      40     GLY  45.672 999.000-999.000-999.000 174.902 999.000   8.691 999.000 112.269 999.000   4.130 999.000
      41     THR  63.004 999.000  69.494 999.000 174.796 999.000   7.490 999.000 118.069 999.000   4.256 999.000
      42     GLU  59.619 999.000  29.362 999.000 177.890 999.000   9.155 999.000 128.036 999.000   3.935 999.000
      43     SER  61.588 999.000  62.697 999.000 176.430 999.000   8.830 999.000 114.229 999.000   4.217 999.000
      44     GLU  58.722 999.000  29.055 999.000 178.302 999.000   7.991 999.000 123.042 999.000   4.070 999.000
      45     ALA  54.921 999.000  18.319 999.000 179.294 999.000   7.391 999.000 121.907 999.000   3.433 999.000
      46     VAL  66.642 999.000  31.119 999.000 177.838 999.000   7.913 999.000 118.650 999.000   3.151 999.000
      47     LYS  60.094 999.000  31.906 999.000 178.717 999.000   7.952 999.000 119.837 999.000   3.735 999.000
      48     GLN  58.481 999.000  28.557 999.000 178.246 999.000   7.550 999.000 118.137 999.000   3.989 999.000
      49     ALA  54.988 999.000  18.255 999.000 179.344 999.000   8.039 999.000 122.324 999.000   4.039 999.000
      50     LEU  57.648 999.000  41.378 999.000 178.766 999.000   8.156 999.000 118.294 999.000   3.803 999.000
      51     ARG  58.613 999.000  29.506 999.000 178.526 999.000   7.461 999.000 118.656 999.000   4.035 999.000
      52     GLU  58.759 999.000  29.568 999.000 178.717 999.000   7.786 999.000 118.363 999.000   4.142 999.000
      53     ALA  54.461 999.000  18.171 999.000 179.265 999.000   8.447 999.000 121.111 999.000   4.159 999.000
      54     GLY  47.097 999.000-999.000-999.000 175.256 999.000   8.173 999.000 106.473 999.000   4.160 999.000
      55     ASP  56.375 999.000  40.610 999.000 177.479 999.000   7.915 999.000 120.774 999.000   4.603 999.000
      56     GLU  58.529 999.000  29.437 999.000 178.197 999.000   7.521 999.000 120.496 999.000   4.265 999.000
      57     PHE  60.437 999.000  39.480 999.000 176.660 999.000   8.907 999.000 120.336 999.000   4.436 999.000
      58     GLU  56.981 999.000  30.476 999.000 176.446 999.000   7.980 999.000 115.663 999.000   4.071 999.000
      59     LEU  55.889 999.000  39.297 999.000 176.112 999.000   8.080 999.000 119.415 999.000   4.203 999.000
      60     ARG  57.176 999.000  27.219 999.000 175.495 999.000   8.711 999.000 118.401 999.000   3.812 999.000
      61     TYR  58.757 999.000  35.800 999.000 174.880 999.000   8.306 999.000 117.546 999.000   4.240 999.000
      62     ARG  56.389 999.000  31.988 999.000 176.018 999.000   8.376 999.000 118.737 999.000   4.351 999.000
      63     ARG  57.334 999.000  30.673 999.000 176.955 999.000   8.057 999.000 117.648 999.000   4.019 999.000
      64     ALA  52.135 999.000  19.398 999.000 177.328 999.000   7.831 999.000 121.269 999.000   4.126 999.000
      65     PHE  57.332 999.000  39.955 999.000 176.497 999.000   8.444 999.000 121.482 999.000   4.630 999.000
      66     SER  61.363 999.000  62.475 999.000 175.651 999.000   8.612 999.000 117.972 999.000   4.013 999.000
      67     ASP  55.779 999.000  40.049 999.000 177.007 999.000   8.115 999.000 120.812 999.000   4.475 999.000
      68     LEU  56.184 999.000  42.790 999.000 178.076 999.000   7.625 999.000 119.542 999.000   4.305 999.000
      69     THR  63.739 999.000  69.190 999.000 176.366 999.000   7.963 999.000 110.590 999.000   4.162 999.000
      70     SER  58.745 999.000  64.189 999.000 174.762 999.000   7.836 999.000 118.309 999.000   4.385 999.000
      71     GLN  56.245 999.000  28.902 999.000 176.061 999.000   8.460 999.000 121.370 999.000   4.152 999.000
      72     LEU  55.197 999.000  41.549 999.000 176.029 999.000   8.284 999.000 125.765 999.000   4.137 999.000
      73     HIS  55.602 999.000  30.670 999.000 174.530 999.000   8.473 999.000 126.012 999.000   4.686 999.000
      74     ILE  59.921 999.000  40.641 999.000 175.535 999.000   7.953 999.000 122.672 999.000   4.494 999.000
      75     THR  61.046 999.000  68.660 999.000 174.497 999.000   8.213 999.000 121.413 999.000   4.310 999.000
      76     PRO  63.527 999.000  32.250 999.000 177.353 999.000-999.000-999.000 999.000 999.000   4.361 999.000
      77     GLY  45.833 999.000-999.000-999.000 174.692 999.000   8.737 999.000 111.183 999.000   4.069 999.000
      78     THR  61.481 999.000  69.944 999.000 175.273 999.000   7.410 999.000 110.120 999.000   4.430 999.000
      79     ALA  55.005 999.000  17.929 999.000 178.964 999.000   7.941 999.000 125.308 999.000   3.975 999.000
      80     TYR  59.630 999.000  37.509 999.000 178.277 999.000   7.739 999.000 115.954 999.000   4.441 999.000
      81     GLN  57.936 999.000  28.291 999.000 177.846 999.000   7.949 999.000 119.332 999.000   4.128 999.000
      82     SER  61.436 999.000  62.919 999.000 176.200 999.000   7.886 999.000 115.613 999.000   4.126 999.000
      83     PHE  61.954 999.000  38.493 999.000 177.843 999.000   7.957 999.000 121.444 999.000   4.127 999.000
      84     GLU  59.584 999.000  29.283 999.000 178.542 999.000   7.827 999.000 119.096 999.000   3.749 999.000
      85     GLN  58.216 999.000  28.579 999.000 178.124 999.000   7.281 999.000 117.517 999.000   3.989 999.000
      86     VAL  65.499 999.000  31.568 999.000 177.842 999.000   7.576 999.000 118.482 999.000   3.669 999.000
      87     VAL  66.013 999.000  31.202 999.000 177.093 999.000   8.225 999.000 119.374 999.000   3.475 999.000
      88     ASN  56.225 999.000  38.431 999.000 177.289 999.000   7.990 999.000 117.614 999.000   4.194 999.000
      89     GLU  58.061 999.000  29.409 999.000 177.791 999.000   7.547 999.000 117.733 999.000   4.174 999.000
      90     LEU  56.755 999.000  41.723 999.000 177.821 999.000   7.442 999.000 118.252 999.000   4.117 999.000
      91     PHE  59.770 999.000  38.308 999.000 177.321 999.000   8.254 999.000 117.609 999.000   3.987 999.000
      92     ARG  58.072 999.000  30.058 999.000 176.375 999.000   7.321 999.000 119.370 999.000   3.795 999.000
      93     ASP  53.750 999.000  41.574 999.000 175.955 999.000   7.590 999.000 116.235 999.000   4.551 999.000
      94     GLY  44.577 999.000-999.000-999.000 172.799 999.000   7.360 999.000 107.470 999.000   3.715 999.000
      95     VAL  60.917 999.000  32.058 999.000 175.057 999.000   8.308 999.000 119.215 999.000   4.310 999.000
      96     ASN  53.181 999.000  40.357 999.000 175.833 999.000   7.966 999.000 122.772 999.000   4.683 999.000
      97     TRP  60.027 999.000  28.972 999.000 177.018 999.000   8.408 999.000 121.204 999.000   4.180 999.000
      98     GLY  47.245 999.000-999.000-999.000 175.188 999.000   6.836 999.000 107.838 999.000   3.312 999.000
      99     ARG  58.880 999.000  29.837 999.000 178.056 999.000   7.864 999.000 120.309 999.000   4.057 999.000
     100     ILE  65.159 999.000  37.547 999.000 177.386 999.000   7.435 999.000 119.832 999.000   3.585 999.000
     101     VAL  66.821 999.000  31.332 999.000 176.908 999.000   7.594 999.000 119.207 999.000   3.241 999.000
     102     ALA  55.423 999.000  18.068 999.000 178.263 999.000   8.129 999.000 122.421 999.000   4.000 999.000
     103     PHE  60.896 999.000  39.047 999.000 177.027 999.000   7.825 999.000 119.243 999.000   4.293 999.000
     104     PHE  60.000 999.000  38.288 999.000 177.495 999.000   8.720 999.000 118.170 999.000   3.985 999.000
     105     SER  61.851 999.000  62.637 999.000 176.261 999.000   8.621 999.000 115.770 999.000   4.408 999.000
     106     PHE  61.124 999.000  39.045 999.000 177.064 999.000   8.310 999.000 122.769 999.000   4.153 999.000
     107     GLY  47.688 999.000-999.000-999.000 176.167 999.000   7.952 999.000 106.125 999.000   3.856 999.000
     108     GLY  47.239 999.000-999.000-999.000 175.284 999.000   8.584 999.000 109.925 999.000   4.028 999.000
     109     ALA  54.574 999.000  18.158 999.000 179.318 999.000   8.132 999.000 124.098 999.000   4.089 999.000
     110     LEU  58.035 999.000  41.726 999.000 177.781 999.000   8.054 999.000 118.587 999.000   3.895 999.000
     111     CYS 999.000 999.000 999.000 999.000 999.000 999.000 999.000 999.000 999.000 999.000   3.971 999.000
     112     VAL  64.525 999.000  31.079 999.000 177.135 999.000   8.014 999.000 114.779 999.000   3.776 999.000
     113     GLU  57.393 999.000  29.788 999.000 177.463 999.000   7.566 999.000 118.837 999.000   4.298 999.000
     114     SER  60.138 999.000  63.810 999.000 176.136 999.000   8.037 999.000 114.474 999.000   4.434 999.000
     115     VAL  64.714 999.000  31.105 999.000 176.750 999.000   7.440 999.000 118.845 999.000   3.773 999.000
     116     ASP  54.996 999.000  40.688 999.000 176.988 999.000   7.727 999.000 119.859 999.000   4.587 999.000
     117     LYS  57.658 999.000  33.419 999.000 176.878 999.000   7.857 999.000 117.886 999.000   4.157 999.000
     118     GLU  55.247 999.000  30.582 999.000 176.195 999.000   7.925 999.000 118.388 999.000   4.515 999.000
     119     MET  57.908 999.000  31.767 999.000 176.410 999.000   8.409 999.000 117.752 999.000   4.071 999.000
     120     GLN  56.897 999.000  29.546 999.000 176.841 999.000   8.517 999.000 117.484 999.000   4.536 999.000
     121     VAL  63.322 999.000  32.740 999.000 177.147 999.000   7.879 999.000 116.292 999.000   4.195 999.000
     122     LEU  58.024 999.000  41.352 999.000 177.748 999.000   7.674 999.000 121.811 999.000   4.196 999.000
     123     VAL  65.635 999.000  31.098 999.000 178.283 999.000   8.289 999.000 116.575 999.000   3.780 999.000
     124     SER  61.092 999.000  63.285 999.000 175.570 999.000   7.824 999.000 115.257 999.000   4.223 999.000
     125     ARG  57.377 999.000  30.835 999.000 177.638 999.000   7.667 999.000 121.729 999.000   4.283 999.000
     126     ILE  64.470 999.000  37.607 999.000 177.066 999.000   8.729 999.000 119.887 999.000   4.012 999.000
     127     ALA  55.433 999.000  18.112 999.000 179.160 999.000   7.853 999.000 120.605 999.000   3.938 999.000
     128     ALA  55.146 999.000  18.166 999.000 179.064 999.000   7.417 999.000 120.953 999.000   4.010 999.000
     129     TRP  60.441 999.000  29.896 999.000 178.560 999.000   7.843 999.000 119.342 999.000   4.123 999.000
     130     MET  59.559 999.000  32.664 999.000 177.761 999.000   8.771 999.000 117.956 999.000   3.937 999.000
     131     ALA  55.255 999.000  18.309 999.000 178.438 999.000   8.483 999.000 121.685 999.000   4.137 999.000
     132     THR  66.779 999.000  67.959 999.000 175.871 999.000   8.016 999.000 116.300 999.000   3.906 999.000
     133     TYR  59.704 999.000  37.681 999.000 177.669 999.000   8.558 999.000 121.091 999.000   4.287 999.000
     134     LEU  58.508 999.000  41.298 999.000 177.779 999.000   8.549 999.000 119.962 999.000   3.950 999.000
     135     ASN  56.352 999.000  39.306 999.000 177.173 999.000   8.048 999.000 116.676 999.000   4.343 999.000
     136     ASP  56.174 999.000  40.913 999.000 176.892 999.000   8.381 999.000 118.070 999.000   4.475 999.000
     137     HIS  56.646 999.000  31.868 999.000 175.925 999.000   7.744 999.000 114.677 999.000   4.713 999.000
     138     LEU  56.465 999.000  42.391 999.000 177.613 999.000   8.264 999.000 117.500 999.000   4.496 999.000
     139     GLU  61.775 999.000  27.827 999.000 176.249 999.000   8.447 999.000 119.848 999.000   4.069 999.000
     140     PRO  65.368 999.000  31.366 999.000 178.148 999.000-999.000-999.000 999.000 999.000   4.183 999.000
     141     TRP  58.739 999.000  29.968 999.000 178.400 999.000   7.240 999.000 116.342 999.000   4.598 999.000
     142     ILE  65.508 999.000  37.857 999.000 177.051 999.000   8.446 999.000 120.457 999.000   3.815 999.000
     143     GLN  58.858 999.000  27.967 999.000 178.536 999.000   8.407 999.000 117.937 999.000   4.144 999.000
     144     GLU  58.265 999.000  29.655 999.000 177.658 999.000   7.776 999.000 118.863 999.000   4.115 999.000
     145     ASN  55.045 999.000  40.092 999.000 176.224 999.000   8.023 999.000 115.494 999.000   4.537 999.000
     146     GLY  46.248 999.000-999.000-999.000 174.909 999.000   8.014 999.000 108.360 999.000   4.102 999.000
     147     GLY  47.489 999.000-999.000-999.000 174.809 999.000   8.531 999.000 109.074 999.000   3.794 999.000
     148     TRP  60.829 999.000  29.802 999.000 177.478 999.000   8.276 999.000 122.471 999.000   4.432 999.000
     149     ASP  57.007 999.000  39.922 999.000 177.947 999.000   8.302 999.000 118.684 999.000   4.517 999.000
     150     THR  66.530 999.000  68.165 999.000 176.113 999.000   8.061 999.000 117.514 999.000   3.985 999.000
     151     PHE  60.479 999.000  38.274 999.000 178.016 999.000   7.604 999.000 120.379 999.000   4.415 999.000
     152     VAL  66.312 999.000  31.325 999.000 178.135 999.000   7.567 999.000 119.369 999.000   3.632 999.000
     153     GLU  59.207 999.000  29.483 999.000 178.912 999.000   8.007 999.000 119.937 999.000   3.985 999.000
     154     LEU  57.626 999.000  41.660 999.000 178.854 999.000   8.008 999.000 120.259 999.000   4.079 999.000
     155     TYR  60.867 999.000  38.393 999.000 178.141 999.000   8.187 999.000 119.046 999.000   4.187 999.000
     156     GLY  45.474 999.000-999.000-999.000 174.701 999.000   7.831 999.000 106.002 999.000   3.894 999.000
     157     ASN  55.314 999.000  38.335 999.000 175.538 999.000   8.010 999.000 116.503 999.000   4.364 999.000
     158     ASN  54.856 999.000  38.345 999.000 176.275 999.000   8.471 999.000 116.651 999.000   4.532 999.000
     159     ALA  54.788 999.000  18.294 999.000 178.925 999.000   8.178 999.000 122.290 999.000   4.072 999.000
     160     ALA  54.049 999.000  18.420 999.000 179.347 999.000   7.651 999.000 120.077 999.000   4.075 999.000
     161     ALA  54.395 999.000  18.581 999.000 179.747 999.000   7.679 999.000 119.693 999.000   4.228 999.000
     162     GLU  58.798 999.000  29.063 999.000 179.094 999.000   7.849 999.000 117.979 999.000   4.100 999.000
     163     SER  61.114 999.000  63.204 999.000 176.441 999.000   8.029 999.000 115.031 999.000   4.186 999.000
     164     ARG  58.002 999.000  29.883 999.000 178.100 999.000   7.528 999.000 121.939 999.000   4.063 999.000
     165     LYS  57.576 999.000  32.103 999.000 178.282 999.000   7.685 999.000 118.979 999.000   4.193 999.000
     166     GLY  45.686 999.000-999.000-999.000 174.711 999.000   7.839 999.000 107.195 999.000   3.906 999.000
     167     GLN  55.704 999.000  29.542 999.000 175.563 999.000   7.762 999.000 120.357 999.000   4.331 999.000
     168     GLU  56.388 999.000  30.393 999.000 175.809 999.000   8.606 999.000 122.826 999.000   4.350 999.000
     169     ARG 999.000 999.000 999.000 999.000 999.000 999.000 999.000 999.000 999.000 999.000 999.000 999.000
     630     GLU 999.000 999.000 999.000 999.000 999.000 999.000-999.000-999.000 999.000 999.000 999.000 999.000
     631     GLU 999.000 999.000 999.000 999.000 999.000 999.000 999.000 999.000 999.000 999.000 999.000 999.000
     632     GLN  55.386 999.000  29.088 999.000 176.481 999.000   7.909 999.000 118.870 999.000   4.254 999.000
     633     TRP  58.369 999.000  29.902 999.000 177.688 999.000   7.886 999.000 120.382 999.000   4.542 999.000
     634     ALA  54.731 999.000  18.086 999.000 178.858 999.000   8.369 999.000 121.580 999.000   4.170 999.000
     635     ARG  59.097 999.000  29.941 999.000 178.473 999.000   7.892 999.000 118.037 999.000   4.015 999.000
     636     GLU  59.126 999.000  29.362 999.000 178.948 999.000   7.688 999.000 119.233 999.000   4.186 999.000
     637     ILE  63.472 999.000  36.716 999.000 178.052 999.000   8.221 999.000 119.622 999.000   3.901 999.000
     638     GLY  47.587 999.000-999.000-999.000 176.013 999.000   8.360 999.000 108.047 999.000   3.800 999.000
     639     ALA  54.817 999.000  18.206 999.000 178.956 999.000   7.941 999.000 124.208 999.000   4.157 999.000
     640     GLN  58.700 999.000  27.902 999.000 178.575 999.000   8.137 999.000 118.265 999.000   4.000 999.000
     641     LEU  58.031 999.000  41.363 999.000 178.572 999.000   8.702 999.000 119.922 999.000   4.134 999.000
     642     ARG  58.918 999.000  29.606 999.000 178.650 999.000   8.004 999.000 119.075 999.000   4.012 999.000
     643     ARG  57.996 999.000  30.050 999.000 177.714 999.000   7.872 999.000 117.834 999.000   4.112 999.000
     644     MET  57.904 999.000  32.550 999.000 177.115 999.000   8.070 999.000 119.507 999.000   4.103 999.000
     645     ALA  52.467 999.000  18.655 999.000 175.782 999.000   7.567 999.000 121.221 999.000   4.271 999.000
     646     ASP  53.769 999.000  41.012 999.000 174.623 999.000   8.181 999.000 123.005 999.000   4.662 999.000
     647     ASP  54.167 999.000  42.872 999.000 176.294 999.000   8.145 999.000 118.622 999.000   4.793 999.000
     648     LEU  57.370 999.000  41.999 999.000 177.635 999.000   7.902 999.000 120.215 999.000   3.897 999.000
     649     ASN  54.192 999.000  38.261 999.000 175.663 999.000   8.337 999.000 114.641 999.000   4.537 999.000
     650     ALA  51.625 999.000  18.009 999.000 176.916 999.000   7.899 999.000 123.490 999.000   4.442 999.000
     651     GLN  57.284 999.000  28.952 999.000 175.883 999.000   7.977 999.000 120.267 999.000   4.049 999.000
     652     TYR  60.089 999.000  37.191 999.000 175.504 999.000   8.526 999.000 118.620 999.000   4.137 999.000
     653     GLU  57.863 999.000  30.371 999.000 176.779 999.000   7.999 999.000 118.462 999.000   4.281 999.000
     654     ARG 999.000 999.000 999.000 999.000 999.000 999.000 999.000 999.000 999.000 999.000 999.000 999.000
