   index residue  pre_ca  exp_ca  pre_cb  exp_cb   pre_c   exp_c   pre_h   exp_h   pre_n   exp_n  pre_ha  exp_ha
       1     MET 999.000 999.000 999.000 999.000 999.000 999.000-999.000-999.000 999.000 999.000 999.000 999.000
       2     SER 999.000 999.000 999.000 999.000 999.000 999.000 999.000 999.000 999.000 999.000 999.000 999.000
       3     GLN  57.400 999.000  28.853 999.000 177.265 999.000   8.185 999.000 119.714 999.000   4.221 999.000
       4     SER  60.529 999.000  63.139 999.000 176.032 999.000   7.814 999.000 115.356 999.000   4.106 999.000
       5     ASN  55.720 999.000  38.111 999.000 176.637 999.000   8.140 999.000 120.700 999.000   4.495 999.000
       6     ARG  58.976 999.000  30.024 999.000 177.739 999.000   7.741 999.000 120.068 999.000   4.096 999.000
       7     GLU  58.970 999.000  29.234 999.000 178.828 999.000   7.672 999.000 118.879 999.000   4.007 999.000
       8     LEU  57.666 999.000  41.406 999.000 178.626 999.000   7.588 999.000 118.911 999.000   4.104 999.000
       9     VAL  66.129 999.000  31.297 999.000 177.587 999.000   7.264 999.000 119.099 999.000   2.944 999.000
      10     VAL  66.998 999.000  31.205 999.000 176.296 999.000   7.866 999.000 119.490 999.000   3.695 999.000
      11     ASP  57.546 999.000  41.282 999.000 177.452 999.000   7.875 999.000 119.996 999.000   4.387 999.000
      12     PHE  61.528 999.000  39.683 999.000 177.312 999.000   8.056 999.000 120.507 999.000   4.217 999.000
      13     LEU  58.310 999.000  41.153 999.000 178.607 999.000   8.713 999.000 118.578 999.000   4.101 999.000
      14     SER  62.323 999.000  62.567 999.000 176.506 999.000   8.523 999.000 115.141 999.000   4.355 999.000
      15     TYR  60.874 999.000  37.853 999.000 177.024 999.000   8.593 999.000 124.387 999.000   4.346 999.000
      16     LYS  58.532 999.000  31.391 999.000 179.141 999.000   8.132 999.000 118.410 999.000   3.791 999.000
      17     LEU  58.100 999.000  41.543 999.000 178.695 999.000   8.542 999.000 119.891 999.000   4.038 999.000
      18     SER  61.817 999.000  62.792 999.000 177.155 999.000   8.451 999.000 115.924 999.000   4.267 999.000
      19     GLN  57.838 999.000  28.557 999.000 177.529 999.000   8.031 999.000 120.509 999.000   4.044 999.000
      20     LYS  56.424 999.000  32.674 999.000 177.172 999.000   7.310 999.000 117.816 999.000   4.064 999.000
      21     GLY  45.541 999.000-999.000-999.000 174.029 999.000   7.506 999.000 107.657 999.000   3.978 999.000
      22     TYR  54.504 999.000  40.117 999.000 175.223 999.000   8.321 999.000 119.515 999.000   4.789 999.000
      23     SER  56.337 999.000  66.091 999.000 174.533 999.000   8.660 999.000 113.172 999.000   4.770 999.000
      24     TRP  59.782 999.000  29.714 999.000 176.486 999.000   8.445 999.000 120.936 999.000   4.225 999.000
      25     SER  58.678 999.000  64.459 999.000 173.771 999.000   7.946 999.000 111.134 999.000   4.396 999.000
      26     GLN  54.531 999.000  32.008 999.000 175.024 999.000   7.537 999.000 119.691 999.000   4.348 999.000
      27     PHE  58.216 999.000  37.913 999.000 175.653 999.000   8.358 999.000 120.749 999.000   4.081 999.000
      28     SER  57.063 999.000  65.010 999.000 174.226 999.000   7.417 999.000 113.705 999.000   4.758 999.000
      29     ASP  55.274 999.000  39.638 999.000 177.268 999.000   8.691 999.000 125.219 999.000   4.392 999.000
      30     VAL  63.525 999.000  31.724 999.000 176.734 999.000   7.888 999.000 117.281 999.000   3.984 999.000
      31     GLU  56.456 999.000  29.609 999.000 176.593 999.000   8.017 999.000 120.170 999.000   4.266 999.000
      32     GLU  57.081 999.000  29.960 999.000 176.780 999.000   7.896 999.000 119.848 999.000   4.199 999.000
      33     ASN  53.467 999.000  38.420 999.000 175.405 999.000   8.608 999.000 117.614 999.000   4.625 999.000
      34     ARG  55.955 999.000  30.595 999.000 176.433 999.000   8.016 999.000 119.875 999.000   4.317 999.000
      35     THR  61.650 999.000  70.053 999.000 174.972 999.000   8.212 999.000 115.375 999.000   4.348 999.000
      36     GLU  56.560 999.000  30.041 999.000 175.944 999.000   8.605 999.000 122.961 999.000   4.205 999.000
      37     ALA  50.951 999.000  18.148 999.000 175.669 999.000   8.277 999.000 124.861 999.000   4.407 999.000
      38     PRO  62.876 999.000  32.385 999.000 176.875 999.000-999.000-999.000 999.000 999.000   4.522 999.000
      39     GLU  56.835 999.000  29.990 999.000 176.928 999.000   8.581 999.000 121.697 999.000   4.193 999.000
      40     GLY  45.569 999.000-999.000-999.000 174.956 999.000   8.649 999.000 111.060 999.000   4.074 999.000
      41     THR  61.878 999.000  70.140 999.000 175.111 999.000   7.504 999.000 114.707 999.000   4.354 999.000
      42     GLU  59.006 999.000  29.299 999.000 177.615 999.000   9.089 999.000 124.763 999.000   4.044 999.000
      43     SER  60.848 999.000  63.162 999.000 175.862 999.000   8.436 999.000 114.213 999.000   4.391 999.000
      44     GLU  58.972 999.000  29.177 999.000 178.156 999.000   8.002 999.000 122.797 999.000   4.021 999.000
      45     ALA  54.998 999.000  18.324 999.000 179.437 999.000   7.589 999.000 120.804 999.000   3.865 999.000
      46     VAL  66.099 999.000  31.251 999.000 177.826 999.000   7.327 999.000 118.915 999.000   3.548 999.000
      47     LYS  60.224 999.000  31.989 999.000 178.822 999.000   8.029 999.000 119.590 999.000   3.896 999.000
      48     GLN  58.730 999.000  28.142 999.000 178.229 999.000   8.193 999.000 118.730 999.000   3.953 999.000
      49     ALA  54.977 999.000  18.141 999.000 179.616 999.000   7.837 999.000 122.162 999.000   4.100 999.000
      50     LEU  57.604 999.000  41.523 999.000 178.885 999.000   8.194 999.000 118.549 999.000   4.163 999.000
      51     ARG  59.558 999.000  29.686 999.000 178.618 999.000   7.978 999.000 119.480 999.000   3.908 999.000
      52     GLU  59.026 999.000  29.321 999.000 178.837 999.000   8.137 999.000 119.093 999.000   4.082 999.000
      53     ALA  54.671 999.000  18.198 999.000 179.637 999.000   8.132 999.000 121.680 999.000   4.160 999.000
      54     GLY  47.114 999.000-999.000-999.000 175.532 999.000   8.452 999.000 106.783 999.000   4.190 999.000
      55     ASP  56.402 999.000  40.500 999.000 177.752 999.000   8.181 999.000 121.774 999.000   4.567 999.000
      56     GLU  58.460 999.000  29.730 999.000 178.088 999.000   7.799 999.000 119.890 999.000   4.172 999.000
      57     PHE  60.898 999.000  39.379 999.000 176.815 999.000   8.372 999.000 119.395 999.000   4.234 999.000
      58     GLU  56.958 999.000  29.802 999.000 177.736 999.000   7.768 999.000 116.317 999.000   4.143 999.000
      59     LEU  56.092 999.000  41.505 999.000 176.592 999.000   7.547 999.000 122.166 999.000   4.062 999.000
      60     ARG  57.368 999.000  28.005 999.000 175.508 999.000   8.901 999.000 123.131 999.000   3.828 999.000
      61     TYR  58.539 999.000  35.477 999.000 175.497 999.000   7.529 999.000 115.174 999.000   4.137 999.000
      62     ARG  57.956 999.000  30.228 999.000 176.942 999.000   7.555 999.000 119.394 999.000   4.085 999.000
      63     ARG  56.404 999.000  30.959 999.000 176.130 999.000   7.747 999.000 115.919 999.000   4.178 999.000
      64     ALA  51.936 999.000  18.451 999.000 176.747 999.000   7.523 999.000 122.527 999.000   4.236 999.000
      65     PHE  56.812 999.000  40.088 999.000 176.703 999.000   8.327 999.000 120.168 999.000   4.687 999.000
      66     SER  61.376 999.000  62.668 999.000 175.846 999.000   9.159 999.000 119.397 999.000   4.162 999.000
      67     ASP  56.133 999.000  39.958 999.000 176.995 999.000   8.403 999.000 120.999 999.000   4.438 999.000
      68     LEU  55.281 999.000  42.916 999.000 177.206 999.000   7.556 999.000 117.329 999.000   4.527 999.000
      69     THR  62.620 999.000  70.281 999.000 175.217 999.000   7.652 999.000 109.185 999.000   4.375 999.000
      70     SER  59.539 999.000  64.101 999.000 174.686 999.000   8.406 999.000 115.591 999.000   4.521 999.000
      71     GLN  55.122 999.000  28.060 999.000 175.768 999.000   8.091 999.000 121.513 999.000   4.407 999.000
      72     LEU  55.037 999.000  41.632 999.000 176.637 999.000   7.827 999.000 122.051 999.000   4.247 999.000
      73     HIS  55.705 999.000  30.345 999.000 175.236 999.000   8.508 999.000 122.843 999.000   4.641 999.000
      74     ILE  60.616 999.000  38.259 999.000 176.177 999.000   8.234 999.000 123.573 999.000   4.260 999.000
      75     THR  60.462 999.000  68.923 999.000 174.055 999.000   8.273 999.000 121.499 999.000   4.138 999.000
      76     PRO  63.442 999.000  32.322 999.000 177.000 999.000-999.000-999.000 999.000 999.000   4.334 999.000
      77     GLY  44.829 999.000-999.000-999.000 174.357 999.000   8.234 999.000 108.386 999.000   4.072 999.000
      78     THR  62.376 999.000  69.828 999.000 175.056 999.000   8.049 999.000 112.638 999.000   4.129 999.000
      79     ALA  52.988 999.000  19.298 999.000 177.523 999.000   8.143 999.000 123.746 999.000   4.089 999.000
      80     TYR  58.524 999.000  38.218 999.000 177.057 999.000   7.945 999.000 115.007 999.000   4.294 999.000
      81     GLN  57.938 999.000  28.161 999.000 177.396 999.000   7.877 999.000 119.791 999.000   3.976 999.000
      82     SER  60.710 999.000  63.091 999.000 175.868 999.000   7.706 999.000 115.430 999.000   4.225 999.000
      83     PHE  60.289 999.000  38.218 999.000 177.444 999.000   7.816 999.000 123.111 999.000   4.329 999.000
      84     GLU  59.853 999.000  29.362 999.000 178.272 999.000   7.496 999.000 120.175 999.000   3.492 999.000
      85     GLN  57.686 999.000  28.136 999.000 177.548 999.000   7.517 999.000 116.319 999.000   3.979 999.000
      86     VAL  65.464 999.000  32.014 999.000 177.098 999.000   7.239 999.000 119.597 999.000   3.699 999.000
      87     VAL  62.926 999.000  31.905 999.000 176.889 999.000   7.581 999.000 113.943 999.000   3.762 999.000
      88     ASN  55.694 999.000  38.234 999.000 175.910 999.000   7.866 999.000 118.816 999.000   3.882 999.000
      89     GLU  56.671 999.000  30.917 999.000 176.897 999.000   7.638 999.000 116.083 999.000   4.289 999.000
      90     LEU  57.327 999.000  41.812 999.000 177.101 999.000   7.412 999.000 119.741 999.000   3.730 999.000
      91     PHE  57.859 999.000  39.096 999.000 176.272 999.000   7.462 999.000 113.230 999.000   4.486 999.000
      92     ARG  58.266 999.000  29.963 999.000 176.909 999.000   7.535 999.000 119.765 999.000   3.362 999.000
      93     ASP  54.120 999.000  41.021 999.000 176.134 999.000   7.624 999.000 116.158 999.000   4.510 999.000
      94     GLY  45.278 999.000-999.000-999.000 173.185 999.000   7.248 999.000 108.218 999.000   3.983 999.000
      95     VAL  60.815 999.000  30.219 999.000 175.721 999.000   7.870 999.000 116.405 999.000   4.387 999.000
      96     ASN  53.566 999.000  39.517 999.000 175.824 999.000   7.633 999.000 120.077 999.000   4.464 999.000
      97     TRP  59.652 999.000  28.902 999.000 177.125 999.000   8.535 999.000 123.284 999.000   4.255 999.000
      98     GLY  47.670 999.000-999.000-999.000 175.360 999.000   7.506 999.000 108.052 999.000   3.612 999.000
      99     ARG  59.127 999.000  30.035 999.000 178.045 999.000   7.841 999.000 120.597 999.000   4.058 999.000
     100     ILE  64.879 999.000  37.423 999.000 177.435 999.000   7.439 999.000 119.818 999.000   3.674 999.000
     101     VAL  66.942 999.000  31.195 999.000 176.764 999.000   8.471 999.000 119.141 999.000   3.099 999.000
     102     ALA  55.431 999.000  18.033 999.000 178.226 999.000   8.130 999.000 122.373 999.000   3.921 999.000
     103     PHE  60.588 999.000  39.095 999.000 176.889 999.000   7.891 999.000 119.263 999.000   4.420 999.000
     104     PHE  58.399 999.000  37.674 999.000 177.813 999.000   8.866 999.000 118.201 999.000   4.277 999.000
     105     SER  61.769 999.000  62.699 999.000 176.284 999.000   8.577 999.000 115.955 999.000   4.487 999.000
     106     PHE  60.484 999.000  38.857 999.000 176.840 999.000   8.585 999.000 122.969 999.000   4.362 999.000
     107     GLY  47.614 999.000-999.000-999.000 176.203 999.000   8.411 999.000 106.528 999.000   3.691 999.000
     108     GLY  47.285 999.000-999.000-999.000 175.469 999.000   8.644 999.000 109.857 999.000   3.976 999.000
     109     ALA  54.805 999.000  18.380 999.000 178.930 999.000   8.162 999.000 124.620 999.000   4.132 999.000
     110     LEU  58.113 999.000  41.549 999.000 178.192 999.000   8.307 999.000 119.391 999.000   3.938 999.000
     111     CYS 999.000 999.000 999.000 999.000 999.000 999.000 999.000 999.000 999.000 999.000   4.081 999.000
     112     VAL  64.859 999.000  32.047 999.000 177.145 999.000   7.960 999.000 118.960 999.000   3.881 999.000
     113     GLU  57.178 999.000  29.264 999.000 177.183 999.000   8.322 999.000 117.386 999.000   4.250 999.000
     114     SER  58.312 999.000  63.305 999.000 174.784 999.000   7.623 999.000 115.142 999.000   4.520 999.000
     115     VAL  63.582 999.000  31.895 999.000 175.865 999.000   7.990 999.000 119.523 999.000   3.938 999.000
     116     ASP  54.436 999.000  40.331 999.000 176.565 999.000   8.234 999.000 118.536 999.000   4.599 999.000
     117     LYS  55.854 999.000  33.084 999.000 176.311 999.000   7.557 999.000 120.694 999.000   4.356 999.000
     118     GLU  56.045 999.000  29.837 999.000 176.714 999.000   8.682 999.000 121.049 999.000   4.302 999.000
     119     MET  57.686 999.000  31.234 999.000 177.762 999.000   8.755 999.000 123.991 999.000   4.065 999.000
     120     GLN  57.864 999.000  28.467 999.000 176.862 999.000   8.215 999.000 117.761 999.000   4.159 999.000
     121     VAL  62.019 999.000  33.707 999.000 176.941 999.000   7.554 999.000 113.723 999.000   4.332 999.000
     122     LEU  58.570 999.000  41.617 999.000 177.858 999.000   8.032 999.000 122.011 999.000   3.949 999.000
     123     VAL  66.283 999.000  31.309 999.000 178.054 999.000   7.900 999.000 117.725 999.000   3.389 999.000
     124     SER  61.762 999.000  62.896 999.000 176.599 999.000   7.768 999.000 116.192 999.000   4.324 999.000
     125     ARG  58.952 999.000  30.003 999.000 178.507 999.000   7.958 999.000 122.391 999.000   4.038 999.000
     126     ILE  64.999 999.000  37.502 999.000 177.488 999.000   8.455 999.000 120.578 999.000   3.826 999.000
     127     ALA  55.472 999.000  18.107 999.000 179.248 999.000   8.548 999.000 121.139 999.000   3.979 999.000
     128     ALA  55.334 999.000  18.160 999.000 178.930 999.000   7.843 999.000 121.177 999.000   4.011 999.000
     129     TRP  60.454 999.000  29.737 999.000 178.678 999.000   8.299 999.000 119.263 999.000   4.229 999.000
     130     MET  59.820 999.000  32.786 999.000 177.617 999.000   8.867 999.000 117.947 999.000   4.336 999.000
     131     ALA  55.310 999.000  18.224 999.000 178.546 999.000   8.441 999.000 121.500 999.000   4.138 999.000
     132     THR  66.601 999.000  67.993 999.000 176.173 999.000   8.123 999.000 115.381 999.000   3.935 999.000
     133     TYR  59.514 999.000  38.114 999.000 177.771 999.000   8.291 999.000 120.158 999.000   4.659 999.000
     134     LEU  58.158 999.000  41.396 999.000 177.641 999.000   8.942 999.000 119.724 999.000   4.100 999.000
     135     ASN  56.299 999.000  38.961 999.000 176.997 999.000   8.126 999.000 116.319 999.000   4.432 999.000
     136     ASP  55.741 999.000  41.048 999.000 176.853 999.000   7.679 999.000 118.093 999.000   4.518 999.000
     137     HIS  56.452 999.000  31.460 999.000 174.951 999.000   8.075 999.000 113.769 999.000   4.726 999.000
     138     LEU  56.271 999.000  43.717 999.000 176.910 999.000   8.165 999.000 119.829 999.000   4.507 999.000
     139     GLU  61.682 999.000  27.928 999.000 176.268 999.000   8.622 999.000 118.596 999.000   4.017 999.000
     140     PRO  65.402 999.000  31.370 999.000 178.185 999.000-999.000-999.000 999.000 999.000   4.177 999.000
     141     TRP  58.378 999.000  30.038 999.000 178.421 999.000   7.127 999.000 116.625 999.000   4.626 999.000
     142     ILE  64.456 999.000  37.055 999.000 177.380 999.000   8.211 999.000 120.030 999.000   3.798 999.000
     143     GLN  59.055 999.000  27.738 999.000 178.725 999.000   8.422 999.000 119.041 999.000   4.111 999.000
     144     GLU  58.423 999.000  29.514 999.000 177.857 999.000   7.821 999.000 118.802 999.000   4.105 999.000
     145     ASN  54.466 999.000  39.801 999.000 175.591 999.000   7.833 999.000 115.160 999.000   4.543 999.000
     146     GLY  45.488 999.000-999.000-999.000 174.070 999.000   7.756 999.000 106.413 999.000   4.110 999.000
     147     GLY  45.122 999.000-999.000-999.000 173.629 999.000   8.339 999.000 107.967 999.000   4.095 999.000
     148     TRP  60.356 999.000  29.552 999.000 177.721 999.000   8.960 999.000 123.914 999.000   4.604 999.000
     149     ASP  57.279 999.000  39.716 999.000 177.836 999.000   8.274 999.000 119.247 999.000   4.253 999.000
     150     THR  65.526 999.000  68.319 999.000 176.283 999.000   7.650 999.000 114.750 999.000   3.900 999.000
     151     PHE  60.000 999.000  39.276 999.000 177.657 999.000   7.715 999.000 119.913 999.000   4.318 999.000
     152     VAL  65.866 999.000  31.234 999.000 177.780 999.000   7.549 999.000 118.902 999.000   3.478 999.000
     153     GLU  58.952 999.000  29.080 999.000 178.404 999.000   7.694 999.000 119.998 999.000   3.842 999.000
     154     LEU  57.122 999.000  41.722 999.000 177.748 999.000   7.265 999.000 119.260 999.000   3.852 999.000
     155     TYR  58.234 999.000  39.050 999.000 176.886 999.000   7.554 999.000 116.674 999.000   4.498 999.000
     156     GLY  45.065 999.000-999.000-999.000 174.384 999.000   7.872 999.000 106.549 999.000   3.861 999.000
     157     ASN  52.898 999.000  39.019 999.000 175.637 999.000   8.064 999.000 117.803 999.000   4.580 999.000
     158     ASN  55.422 999.000  38.526 999.000 176.464 999.000   8.457 999.000 121.466 999.000   4.385 999.000
     159     ALA  54.745 999.000  18.411 999.000 179.199 999.000   8.099 999.000 122.114 999.000   4.130 999.000
     160     ALA  54.152 999.000  18.137 999.000 179.707 999.000   7.537 999.000 120.521 999.000   4.214 999.000
     161     ALA  54.333 999.000  18.144 999.000 179.881 999.000   7.657 999.000 120.393 999.000   4.156 999.000
     162     GLU  58.672 999.000  29.239 999.000 178.910 999.000   8.003 999.000 117.795 999.000   4.131 999.000
     163     SER  60.891 999.000  63.189 999.000 176.220 999.000   7.829 999.000 114.884 999.000   4.277 999.000
     164     ARG  57.448 999.000  29.895 999.000 177.695 999.000   7.637 999.000 121.747 999.000   4.254 999.000
     165     LYS  57.017 999.000  32.339 999.000 177.909 999.000   7.686 999.000 119.120 999.000   4.246 999.000
     166     GLY  45.257 999.000-999.000-999.000 174.308 999.000   7.871 999.000 107.003 999.000   3.951 999.000
     167     GLN  56.281 999.000  29.361 999.000 176.302 999.000   8.004 999.000 119.307 999.000   4.297 999.000
     168     GLU  56.844 999.000  29.809 999.000 176.495 999.000   8.047 999.000 119.111 999.000   4.287 999.000
     169     ARG 999.000 999.000 999.000 999.000 999.000 999.000 999.000 999.000 999.000 999.000 999.000 999.000
     630     GLU 999.000 999.000 999.000 999.000 999.000 999.000-999.000-999.000 999.000 999.000 999.000 999.000
     631     GLU 999.000 999.000 999.000 999.000 999.000 999.000 999.000 999.000 999.000 999.000 999.000 999.000
     632     GLN  56.793 999.000  28.067 999.000 177.114 999.000   8.060 999.000 119.094 999.000   4.164 999.000
     633     TRP  59.824 999.000  29.113 999.000 177.809 999.000   7.869 999.000 121.118 999.000   4.312 999.000
     634     ALA  54.939 999.000  18.138 999.000 179.123 999.000   7.908 999.000 121.070 999.000   3.869 999.000
     635     ARG  59.307 999.000  29.720 999.000 178.512 999.000   7.975 999.000 118.063 999.000   3.971 999.000
     636     GLU  58.998 999.000  29.366 999.000 179.025 999.000   7.661 999.000 119.436 999.000   4.098 999.000
     637     ILE  63.884 999.000  36.736 999.000 178.030 999.000   7.891 999.000 119.571 999.000   3.650 999.000
     638     GLY  47.611 999.000-999.000-999.000 176.033 999.000   8.389 999.000 107.739 999.000   3.771 999.000
     639     ALA  54.892 999.000  18.163 999.000 178.954 999.000   8.020 999.000 124.316 999.000   4.048 999.000
     640     GLN  58.870 999.000  28.352 999.000 178.457 999.000   7.898 999.000 118.392 999.000   3.892 999.000
     641     LEU  58.192 999.000  41.311 999.000 178.650 999.000   8.604 999.000 120.664 999.000   3.973 999.000
     642     ARG  59.556 999.000  29.889 999.000 178.644 999.000   8.121 999.000 118.878 999.000   3.890 999.000
     643     ARG  58.353 999.000  29.873 999.000 178.299 999.000   7.843 999.000 118.882 999.000   4.141 999.000
     644     MET  58.240 999.000  32.885 999.000 176.889 999.000   8.325 999.000 119.079 999.000   4.070 999.000
     645     ALA  52.661 999.000  18.905 999.000 176.721 999.000   7.663 999.000 119.432 999.000   4.274 999.000
     646     ASP  53.925 999.000  41.451 999.000 175.922 999.000   7.374 999.000 117.813 999.000   4.475 999.000
     647     ASP  54.472 999.000  40.861 999.000 176.751 999.000   8.420 999.000 122.642 999.000   4.446 999.000
     648     LEU  56.123 999.000  41.992 999.000 177.268 999.000   7.633 999.000 119.967 999.000   4.067 999.000
     649     ASN  53.699 999.000  38.584 999.000 175.551 999.000   8.111 999.000 116.193 999.000   4.542 999.000
     650     ALA  52.520 999.000  19.304 999.000 177.378 999.000   7.729 999.000 121.664 999.000   4.260 999.000
     651     GLN  56.119 999.000  29.149 999.000 175.978 999.000   7.877 999.000 117.922 999.000   4.115 999.000
     652     TYR  58.559 999.000  38.291 999.000 175.441 999.000   8.318 999.000 118.314 999.000   4.449 999.000
     653     GLU  57.014 999.000  30.350 999.000 176.497 999.000   8.140 999.000 119.372 999.000   4.281 999.000
     654     ARG 999.000 999.000 999.000 999.000 999.000 999.000 999.000 999.000 999.000 999.000 999.000 999.000
