   index residue  pre_ca  exp_ca  pre_cb  exp_cb   pre_c   exp_c   pre_h   exp_h   pre_n   exp_n  pre_ha  exp_ha
       1     MET 999.000 999.000 999.000 999.000 999.000 999.000-999.000-999.000 999.000 999.000 999.000 999.000
       2     SER 999.000 999.000 999.000 999.000 999.000 999.000 999.000 999.000 999.000 999.000 999.000 999.000
       3     GLN  57.361 999.000  28.891 999.000 177.218 999.000   8.172 999.000 119.671 999.000   4.225 999.000
       4     SER  60.505 999.000  63.156 999.000 176.021 999.000   7.812 999.000 115.327 999.000   4.109 999.000
       5     ASN  55.718 999.000  38.070 999.000 176.626 999.000   8.131 999.000 120.697 999.000   4.485 999.000
       6     ARG  58.943 999.000  30.034 999.000 177.717 999.000   7.736 999.000 120.048 999.000   4.096 999.000
       7     GLU  58.963 999.000  29.239 999.000 178.823 999.000   7.661 999.000 118.904 999.000   4.005 999.000
       8     LEU  57.677 999.000  41.411 999.000 178.626 999.000   7.598 999.000 118.884 999.000   4.103 999.000
       9     VAL  66.133 999.000  31.297 999.000 177.579 999.000   7.265 999.000 119.095 999.000   2.954 999.000
      10     VAL  66.980 999.000  31.201 999.000 176.301 999.000   7.849 999.000 119.464 999.000   3.694 999.000
      11     ASP  57.534 999.000  41.286 999.000 177.454 999.000   7.877 999.000 119.985 999.000   4.386 999.000
      12     PHE  61.521 999.000  39.686 999.000 177.305 999.000   8.053 999.000 120.533 999.000   4.218 999.000
      13     LEU  58.312 999.000  41.148 999.000 178.610 999.000   8.720 999.000 118.585 999.000   4.101 999.000
      14     SER  62.316 999.000  62.572 999.000 176.510 999.000   8.522 999.000 115.137 999.000   4.355 999.000
      15     TYR  60.846 999.000  37.850 999.000 177.020 999.000   8.603 999.000 124.416 999.000   4.350 999.000
      16     LYS  58.520 999.000  31.390 999.000 179.136 999.000   8.140 999.000 118.394 999.000   3.794 999.000
      17     LEU  58.094 999.000  41.541 999.000 178.704 999.000   8.540 999.000 119.897 999.000   4.039 999.000
      18     SER  61.817 999.000  62.795 999.000 177.157 999.000   8.460 999.000 115.932 999.000   4.267 999.000
      19     GLN  57.836 999.000  28.555 999.000 177.525 999.000   8.033 999.000 120.475 999.000   4.044 999.000
      20     LYS  56.420 999.000  32.667 999.000 177.168 999.000   7.313 999.000 117.814 999.000   4.064 999.000
      21     GLY  45.550 999.000-999.000-999.000 174.032 999.000   7.502 999.000 107.677 999.000   3.975 999.000
      22     TYR  54.506 999.000  40.108 999.000 175.232 999.000   8.315 999.000 119.503 999.000   4.788 999.000
      23     SER  56.339 999.000  66.079 999.000 174.541 999.000   8.664 999.000 113.212 999.000   4.770 999.000
      24     TRP  59.778 999.000  29.706 999.000 176.485 999.000   8.442 999.000 120.956 999.000   4.229 999.000
      25     SER  58.681 999.000  64.458 999.000 173.772 999.000   7.941 999.000 111.127 999.000   4.397 999.000
      26     GLN  54.537 999.000  32.003 999.000 175.016 999.000   7.540 999.000 119.705 999.000   4.353 999.000
      27     PHE  58.225 999.000  37.928 999.000 175.652 999.000   8.367 999.000 120.797 999.000   4.086 999.000
      28     SER  57.069 999.000  65.012 999.000 174.212 999.000   7.421 999.000 113.704 999.000   4.753 999.000
      29     ASP  55.238 999.000  39.649 999.000 177.263 999.000   8.688 999.000 125.160 999.000   4.397 999.000
      30     VAL  63.539 999.000  31.734 999.000 176.737 999.000   7.884 999.000 117.348 999.000   3.980 999.000
      31     GLU  56.458 999.000  29.635 999.000 176.585 999.000   8.022 999.000 120.164 999.000   4.267 999.000
      32     GLU  57.081 999.000  29.985 999.000 176.782 999.000   7.909 999.000 119.776 999.000   4.198 999.000
      33     ASN  53.466 999.000  38.382 999.000 175.376 999.000   8.598 999.000 117.414 999.000   4.622 999.000
      34     ARG  55.944 999.000  30.606 999.000 176.428 999.000   8.018 999.000 119.843 999.000   4.319 999.000
      35     THR  61.664 999.000  70.047 999.000 174.966 999.000   8.212 999.000 115.439 999.000   4.346 999.000
      36     GLU  56.558 999.000  30.043 999.000 175.934 999.000   8.607 999.000 122.975 999.000   4.207 999.000
      37     ALA  50.945 999.000  18.160 999.000 175.660 999.000   8.272 999.000 124.831 999.000   4.408 999.000
      38     PRO  62.873 999.000  32.382 999.000 176.891 999.000-999.000-999.000 999.000 999.000   4.524 999.000
      39     GLU  56.849 999.000  29.980 999.000 176.939 999.000   8.588 999.000 121.712 999.000   4.191 999.000
      40     GLY  45.568 999.000-999.000-999.000 174.952 999.000   8.648 999.000 111.036 999.000   4.074 999.000
      41     THR  61.902 999.000  70.129 999.000 175.099 999.000   7.499 999.000 114.813 999.000   4.350 999.000
      42     GLU  59.027 999.000  29.298 999.000 177.625 999.000   9.091 999.000 124.885 999.000   4.040 999.000
      43     SER  60.869 999.000  63.152 999.000 175.873 999.000   8.446 999.000 114.204 999.000   4.379 999.000
      44     GLU  58.935 999.000  29.175 999.000 178.154 999.000   7.999 999.000 122.781 999.000   4.029 999.000
      45     ALA  55.002 999.000  18.313 999.000 179.440 999.000   7.571 999.000 120.862 999.000   3.862 999.000
      46     VAL  66.111 999.000  31.246 999.000 177.834 999.000   7.325 999.000 118.883 999.000   3.542 999.000
      47     LYS  60.213 999.000  31.990 999.000 178.821 999.000   7.997 999.000 119.585 999.000   3.895 999.000
      48     GLN  58.731 999.000  28.125 999.000 178.233 999.000   8.200 999.000 118.752 999.000   3.951 999.000
      49     ALA  54.975 999.000  18.138 999.000 179.610 999.000   7.841 999.000 122.164 999.000   4.100 999.000
      50     LEU  57.610 999.000  41.534 999.000 178.884 999.000   8.174 999.000 118.595 999.000   4.161 999.000
      51     ARG  59.596 999.000  29.718 999.000 178.634 999.000   7.982 999.000 119.393 999.000   3.906 999.000
      52     GLU  59.016 999.000  29.321 999.000 178.834 999.000   8.127 999.000 119.122 999.000   4.084 999.000
      53     ALA  54.671 999.000  18.192 999.000 179.638 999.000   8.132 999.000 121.701 999.000   4.159 999.000
      54     GLY  47.116 999.000-999.000-999.000 175.523 999.000   8.453 999.000 106.769 999.000   4.194 999.000
      55     ASP  56.377 999.000  40.495 999.000 177.746 999.000   8.162 999.000 121.777 999.000   4.568 999.000
      56     GLU  58.450 999.000  29.758 999.000 178.079 999.000   7.798 999.000 119.905 999.000   4.172 999.000
      57     PHE  60.895 999.000  39.412 999.000 176.796 999.000   8.375 999.000 119.497 999.000   4.233 999.000
      58     GLU  56.916 999.000  29.838 999.000 177.729 999.000   7.764 999.000 116.240 999.000   4.140 999.000
      59     LEU  56.139 999.000  41.496 999.000 176.517 999.000   7.557 999.000 122.235 999.000   4.053 999.000
      60     ARG  57.427 999.000  27.897 999.000 175.470 999.000   8.912 999.000 122.970 999.000   3.823 999.000
      61     TYR  58.553 999.000  35.438 999.000 175.508 999.000   7.504 999.000 115.119 999.000   4.130 999.000
      62     ARG  57.983 999.000  30.190 999.000 176.977 999.000   7.563 999.000 119.393 999.000   4.076 999.000
      63     ARG  56.386 999.000  30.913 999.000 176.127 999.000   7.723 999.000 115.996 999.000   4.175 999.000
      64     ALA  51.930 999.000  18.412 999.000 176.752 999.000   7.503 999.000 122.608 999.000   4.237 999.000
      65     PHE  56.871 999.000  40.048 999.000 176.727 999.000   8.345 999.000 120.258 999.000   4.680 999.000
      66     SER  61.366 999.000  62.675 999.000 175.843 999.000   9.151 999.000 119.435 999.000   4.161 999.000
      67     ASP  56.125 999.000  39.954 999.000 176.992 999.000   8.396 999.000 120.986 999.000   4.436 999.000
      68     LEU  55.290 999.000  42.907 999.000 177.204 999.000   7.558 999.000 117.356 999.000   4.526 999.000
      69     THR  62.602 999.000  70.289 999.000 175.226 999.000   7.654 999.000 109.092 999.000   4.376 999.000
      70     SER  59.530 999.000  64.112 999.000 174.682 999.000   8.395 999.000 115.668 999.000   4.521 999.000
      71     GLN  55.126 999.000  28.098 999.000 175.757 999.000   8.087 999.000 121.472 999.000   4.402 999.000
      72     LEU  55.033 999.000  41.617 999.000 176.603 999.000   7.837 999.000 122.181 999.000   4.240 999.000
      73     HIS  55.649 999.000  30.359 999.000 175.210 999.000   8.497 999.000 122.989 999.000   4.647 999.000
      74     ILE  60.592 999.000  38.309 999.000 176.199 999.000   8.224 999.000 123.522 999.000   4.260 999.000
      75     THR  60.540 999.000  68.880 999.000 174.113 999.000   8.288 999.000 121.480 999.000   4.113 999.000
      76     PRO  63.455 999.000  32.319 999.000 176.981 999.000-999.000-999.000 999.000 999.000   4.322 999.000
      77     GLY  44.823 999.000-999.000-999.000 174.390 999.000   8.232 999.000 108.576 999.000   4.077 999.000
      78     THR  62.423 999.000  69.803 999.000 175.079 999.000   8.048 999.000 112.854 999.000   4.129 999.000
      79     ALA  53.063 999.000  19.324 999.000 177.591 999.000   8.161 999.000 123.708 999.000   4.069 999.000
      80     TYR  58.583 999.000  38.222 999.000 177.144 999.000   7.953 999.000 114.956 999.000   4.291 999.000
      81     GLN  57.903 999.000  28.164 999.000 177.392 999.000   7.885 999.000 119.674 999.000   4.001 999.000
      82     SER  60.731 999.000  63.103 999.000 175.862 999.000   7.685 999.000 115.457 999.000   4.220 999.000
      83     PHE  60.351 999.000  38.231 999.000 177.458 999.000   7.816 999.000 123.087 999.000   4.331 999.000
      84     GLU  59.853 999.000  29.362 999.000 178.280 999.000   7.514 999.000 120.117 999.000   3.490 999.000
      85     GLN  57.718 999.000  28.156 999.000 177.573 999.000   7.506 999.000 116.395 999.000   3.982 999.000
      86     VAL  65.481 999.000  32.001 999.000 177.117 999.000   7.271 999.000 119.591 999.000   3.701 999.000
      87     VAL  62.972 999.000  31.879 999.000 176.886 999.000   7.600 999.000 114.099 999.000   3.757 999.000
      88     ASN  55.721 999.000  38.290 999.000 175.915 999.000   7.852 999.000 118.835 999.000   3.883 999.000
      89     GLU  56.695 999.000  30.900 999.000 176.933 999.000   7.634 999.000 116.097 999.000   4.288 999.000
      90     LEU  57.338 999.000  41.796 999.000 177.136 999.000   7.402 999.000 119.740 999.000   3.737 999.000
      91     PHE  57.898 999.000  39.065 999.000 176.292 999.000   7.447 999.000 113.277 999.000   4.478 999.000
      92     ARG  58.260 999.000  29.955 999.000 176.907 999.000   7.528 999.000 119.765 999.000   3.373 999.000
      93     ASP  54.123 999.000  41.045 999.000 176.124 999.000   7.611 999.000 116.173 999.000   4.514 999.000
      94     GLY  45.271 999.000-999.000-999.000 173.180 999.000   7.242 999.000 108.206 999.000   3.979 999.000
      95     VAL  60.801 999.000  30.286 999.000 175.725 999.000   7.841 999.000 116.410 999.000   4.388 999.000
      96     ASN  53.574 999.000  39.545 999.000 175.802 999.000   7.617 999.000 120.009 999.000   4.468 999.000
      97     TRP  59.661 999.000  28.910 999.000 177.137 999.000   8.530 999.000 123.087 999.000   4.251 999.000
      98     GLY  47.672 999.000-999.000-999.000 175.365 999.000   7.543 999.000 108.037 999.000   3.623 999.000
      99     ARG  59.112 999.000  30.028 999.000 178.037 999.000   7.857 999.000 120.607 999.000   4.062 999.000
     100     ILE  64.849 999.000  37.406 999.000 177.442 999.000   7.426 999.000 119.798 999.000   3.680 999.000
     101     VAL  66.938 999.000  31.193 999.000 176.774 999.000   8.473 999.000 119.137 999.000   3.104 999.000
     102     ALA  55.434 999.000  18.033 999.000 178.227 999.000   8.119 999.000 122.357 999.000   3.918 999.000
     103     PHE  60.594 999.000  39.099 999.000 176.892 999.000   7.886 999.000 119.263 999.000   4.422 999.000
     104     PHE  58.433 999.000  37.690 999.000 177.800 999.000   8.864 999.000 118.200 999.000   4.276 999.000
     105     SER  61.763 999.000  62.700 999.000 176.289 999.000   8.581 999.000 115.949 999.000   4.488 999.000
     106     PHE  60.485 999.000  38.857 999.000 176.839 999.000   8.586 999.000 122.953 999.000   4.363 999.000
     107     GLY  47.614 999.000-999.000-999.000 176.199 999.000   8.414 999.000 106.531 999.000   3.694 999.000
     108     GLY  47.282 999.000-999.000-999.000 175.470 999.000   8.645 999.000 109.860 999.000   3.978 999.000
     109     ALA  54.790 999.000  18.392 999.000 178.914 999.000   8.156 999.000 124.598 999.000   4.136 999.000
     110     LEU  58.121 999.000  41.541 999.000 178.144 999.000   8.314 999.000 119.414 999.000   3.939 999.000
     111     CYS 999.000 999.000 999.000 999.000 999.000 999.000 999.000 999.000 999.000 999.000   4.078 999.000
     112     VAL  64.824 999.000  32.071 999.000 177.124 999.000   7.929 999.000 118.861 999.000   3.890 999.000
     113     GLU  57.217 999.000  29.306 999.000 177.221 999.000   8.322 999.000 117.410 999.000   4.248 999.000
     114     SER  58.287 999.000  63.229 999.000 174.856 999.000   7.642 999.000 115.142 999.000   4.519 999.000
     115     VAL  63.640 999.000  31.756 999.000 175.918 999.000   7.938 999.000 119.482 999.000   3.937 999.000
     116     ASP  54.483 999.000  40.295 999.000 176.575 999.000   8.217 999.000 118.673 999.000   4.588 999.000
     117     LYS  55.832 999.000  33.093 999.000 176.327 999.000   7.548 999.000 120.653 999.000   4.356 999.000
     118     GLU  56.035 999.000  29.873 999.000 176.719 999.000   8.678 999.000 121.010 999.000   4.306 999.000
     119     MET  57.710 999.000  31.241 999.000 177.763 999.000   8.766 999.000 123.987 999.000   4.068 999.000
     120     GLN  57.833 999.000  28.491 999.000 176.846 999.000   8.230 999.000 117.759 999.000   4.164 999.000
     121     VAL  62.029 999.000  33.733 999.000 176.929 999.000   7.572 999.000 113.794 999.000   4.332 999.000
     122     LEU  58.561 999.000  41.615 999.000 177.853 999.000   8.056 999.000 121.998 999.000   3.949 999.000
     123     VAL  66.276 999.000  31.308 999.000 178.060 999.000   7.912 999.000 117.718 999.000   3.394 999.000
     124     SER  61.758 999.000  62.896 999.000 176.582 999.000   7.773 999.000 116.175 999.000   4.329 999.000
     125     ARG  58.938 999.000  30.009 999.000 178.508 999.000   7.943 999.000 122.395 999.000   4.037 999.000
     126     ILE  64.966 999.000  37.479 999.000 177.478 999.000   8.462 999.000 120.564 999.000   3.826 999.000
     127     ALA  55.466 999.000  18.106 999.000 179.256 999.000   8.533 999.000 121.127 999.000   3.977 999.000
     128     ALA  55.334 999.000  18.157 999.000 178.931 999.000   7.848 999.000 121.152 999.000   4.006 999.000
     129     TRP  60.462 999.000  29.743 999.000 178.670 999.000   8.280 999.000 119.242 999.000   4.220 999.000
     130     MET  59.828 999.000  32.786 999.000 177.627 999.000   8.871 999.000 117.954 999.000   4.327 999.000
     131     ALA  55.308 999.000  18.227 999.000 178.530 999.000   8.431 999.000 121.487 999.000   4.135 999.000
     132     THR  66.651 999.000  67.990 999.000 176.153 999.000   8.110 999.000 115.602 999.000   3.929 999.000
     133     TYR  59.510 999.000  38.115 999.000 177.758 999.000   8.309 999.000 120.124 999.000   4.652 999.000
     134     LEU  58.165 999.000  41.400 999.000 177.643 999.000   8.940 999.000 119.757 999.000   4.096 999.000
     135     ASN  56.288 999.000  38.954 999.000 176.993 999.000   8.121 999.000 116.279 999.000   4.431 999.000
     136     ASP  55.735 999.000  41.058 999.000 176.850 999.000   7.682 999.000 118.072 999.000   4.518 999.000
     137     HIS  56.468 999.000  31.463 999.000 174.963 999.000   8.073 999.000 113.764 999.000   4.721 999.000
     138     LEU  56.274 999.000  43.690 999.000 176.919 999.000   8.150 999.000 119.773 999.000   4.505 999.000
     139     GLU  61.680 999.000  27.932 999.000 176.265 999.000   8.622 999.000 118.630 999.000   4.018 999.000
     140     PRO  65.399 999.000  31.372 999.000 178.187 999.000-999.000-999.000 999.000 999.000   4.179 999.000
     141     TRP  58.411 999.000  30.037 999.000 178.415 999.000   7.131 999.000 116.655 999.000   4.622 999.000
     142     ILE  64.416 999.000  37.035 999.000 177.390 999.000   8.214 999.000 120.002 999.000   3.803 999.000
     143     GLN  59.056 999.000  27.733 999.000 178.721 999.000   8.428 999.000 119.040 999.000   4.110 999.000
     144     GLU  58.417 999.000  29.518 999.000 177.859 999.000   7.816 999.000 118.814 999.000   4.105 999.000
     145     ASN  54.456 999.000  39.792 999.000 175.586 999.000   7.837 999.000 115.144 999.000   4.544 999.000
     146     GLY  45.479 999.000-999.000-999.000 174.080 999.000   7.760 999.000 106.435 999.000   4.112 999.000
     147     GLY  45.142 999.000-999.000-999.000 173.639 999.000   8.340 999.000 107.982 999.000   4.094 999.000
     148     TRP  60.362 999.000  29.558 999.000 177.713 999.000   8.956 999.000 123.932 999.000   4.611 999.000
     149     ASP  57.302 999.000  39.711 999.000 177.844 999.000   8.275 999.000 119.216 999.000   4.249 999.000
     150     THR  65.478 999.000  68.322 999.000 176.291 999.000   7.645 999.000 114.573 999.000   3.910 999.000
     151     PHE  60.054 999.000  39.300 999.000 177.663 999.000   7.721 999.000 120.046 999.000   4.313 999.000
     152     VAL  65.830 999.000  31.226 999.000 177.809 999.000   7.560 999.000 118.804 999.000   3.500 999.000
     153     GLU  58.960 999.000  29.093 999.000 178.417 999.000   7.708 999.000 120.073 999.000   3.846 999.000
     154     LEU  57.155 999.000  41.716 999.000 177.813 999.000   7.266 999.000 119.321 999.000   3.840 999.000
     155     TYR  58.278 999.000  39.020 999.000 176.924 999.000   7.550 999.000 116.783 999.000   4.487 999.000
     156     GLY  45.084 999.000-999.000-999.000 174.414 999.000   7.867 999.000 106.484 999.000   3.858 999.000
     157     ASN  52.926 999.000  38.980 999.000 175.654 999.000   8.051 999.000 117.849 999.000   4.577 999.000
     158     ASN  55.561 999.000  38.491 999.000 176.494 999.000   8.443 999.000 121.493 999.000   4.371 999.000
     159     ALA  54.724 999.000  18.402 999.000 179.201 999.000   8.072 999.000 122.138 999.000   4.137 999.000
     160     ALA  54.158 999.000  18.135 999.000 179.708 999.000   7.526 999.000 120.545 999.000   4.214 999.000
     161     ALA  54.349 999.000  18.130 999.000 179.887 999.000   7.660 999.000 120.393 999.000   4.151 999.000
     162     GLU  58.695 999.000  29.240 999.000 178.932 999.000   8.008 999.000 117.832 999.000   4.131 999.000
     163     SER  60.925 999.000  63.176 999.000 176.247 999.000   7.829 999.000 114.913 999.000   4.274 999.000
     164     ARG  57.486 999.000  29.892 999.000 177.739 999.000   7.648 999.000 121.706 999.000   4.252 999.000
     165     LYS  57.050 999.000  32.327 999.000 177.953 999.000   7.695 999.000 119.070 999.000   4.243 999.000
     166     GLY  45.263 999.000-999.000-999.000 174.330 999.000   7.852 999.000 106.968 999.000   3.952 999.000
     167     GLN  56.311 999.000  29.352 999.000 176.326 999.000   7.987 999.000 119.315 999.000   4.295 999.000
     168     GLU  56.844 999.000  29.830 999.000 176.518 999.000   8.017 999.000 119.151 999.000   4.288 999.000
     169     ARG 999.000 999.000 999.000 999.000 999.000 999.000 999.000 999.000 999.000 999.000 999.000 999.000
     630     GLU 999.000 999.000 999.000 999.000 999.000 999.000-999.000-999.000 999.000 999.000 999.000 999.000
     631     GLU 999.000 999.000 999.000 999.000 999.000 999.000 999.000 999.000 999.000 999.000 999.000 999.000
     632     GLN  56.706 999.000  28.072 999.000 177.069 999.000   8.047 999.000 119.163 999.000   4.165 999.000
     633     TRP  59.767 999.000  29.150 999.000 177.813 999.000   7.860 999.000 121.081 999.000   4.314 999.000
     634     ALA  54.923 999.000  18.143 999.000 179.112 999.000   7.915 999.000 121.078 999.000   3.893 999.000
     635     ARG  59.292 999.000  29.718 999.000 178.508 999.000   7.965 999.000 118.063 999.000   3.974 999.000
     636     GLU  58.991 999.000  29.365 999.000 179.024 999.000   7.663 999.000 119.400 999.000   4.101 999.000
     637     ILE  63.901 999.000  36.751 999.000 178.028 999.000   7.887 999.000 119.557 999.000   3.658 999.000
     638     GLY  47.609 999.000-999.000-999.000 176.035 999.000   8.394 999.000 107.742 999.000   3.773 999.000
     639     ALA  54.906 999.000  18.158 999.000 178.952 999.000   8.031 999.000 124.317 999.000   4.048 999.000
     640     GLN  58.863 999.000  28.365 999.000 178.457 999.000   7.888 999.000 118.370 999.000   3.885 999.000
     641     LEU  58.191 999.000  41.319 999.000 178.649 999.000   8.603 999.000 120.707 999.000   3.976 999.000
     642     ARG  59.573 999.000  29.888 999.000 178.646 999.000   8.145 999.000 118.912 999.000   3.889 999.000
     643     ARG  58.386 999.000  29.856 999.000 178.322 999.000   7.854 999.000 118.907 999.000   4.138 999.000
     644     MET  58.245 999.000  32.884 999.000 176.887 999.000   8.326 999.000 119.075 999.000   4.063 999.000
     645     ALA  52.718 999.000  18.860 999.000 176.744 999.000   7.673 999.000 119.428 999.000   4.270 999.000
     646     ASP  53.928 999.000  41.403 999.000 175.910 999.000   7.369 999.000 117.902 999.000   4.471 999.000
     647     ASP  54.481 999.000  40.852 999.000 176.744 999.000   8.422 999.000 122.760 999.000   4.445 999.000
     648     LEU  56.124 999.000  42.046 999.000 177.265 999.000   7.592 999.000 120.017 999.000   4.068 999.000
     649     ASN  53.668 999.000  38.591 999.000 175.533 999.000   8.115 999.000 116.161 999.000   4.541 999.000
     650     ALA  52.554 999.000  19.262 999.000 177.422 999.000   7.750 999.000 121.679 999.000   4.261 999.000
     651     GLN  56.160 999.000  29.099 999.000 176.018 999.000   7.863 999.000 117.933 999.000   4.103 999.000
     652     TYR  58.621 999.000  38.154 999.000 175.459 999.000   8.303 999.000 118.221 999.000   4.432 999.000
     653     GLU  56.965 999.000  30.366 999.000 176.489 999.000   8.093 999.000 119.384 999.000   4.287 999.000
     654     ARG 999.000 999.000 999.000 999.000 999.000 999.000 999.000 999.000 999.000 999.000 999.000 999.000
