   index residue  pre_ca  exp_ca  pre_cb  exp_cb   pre_c   exp_c   pre_h   exp_h   pre_n   exp_n  pre_ha  exp_ha
       1     MET 999.000 999.000 999.000 999.000 999.000 999.000-999.000-999.000 999.000 999.000 999.000 999.000
       2     SER 999.000 999.000 999.000 999.000 999.000 999.000 999.000 999.000 999.000 999.000 999.000 999.000
       3     GLN  56.732 999.000  28.242 999.000 177.234 999.000   8.597 999.000 121.368 999.000   4.364 999.000
       4     SER  61.215 999.000  62.961 999.000 175.809 999.000   8.743 999.000 115.516 999.000   4.163 999.000
       5     ASN  55.122 999.000  38.524 999.000 176.325 999.000   8.073 999.000 119.660 999.000   4.708 999.000
       6     ARG  59.435 999.000  29.729 999.000 177.930 999.000   7.848 999.000 121.398 999.000   4.114 999.000
       7     GLU  59.087 999.000  29.107 999.000 178.809 999.000   7.964 999.000 118.502 999.000   3.998 999.000
       8     LEU  57.521 999.000  41.657 999.000 178.568 999.000   7.347 999.000 119.474 999.000   4.015 999.000
       9     VAL  66.491 999.000  31.419 999.000 177.537 999.000   7.841 999.000 119.307 999.000   3.631 999.000
      10     VAL  67.002 999.000  31.213 999.000 176.471 999.000   8.419 999.000 119.024 999.000   3.124 999.000
      11     ASP  57.607 999.000  40.993 999.000 177.670 999.000   7.563 999.000 119.885 999.000   4.215 999.000
      12     PHE  61.435 999.000  39.644 999.000 176.997 999.000   7.640 999.000 120.714 999.000   4.165 999.000
      13     LEU  58.150 999.000  40.987 999.000 178.555 999.000   8.519 999.000 118.196 999.000   3.929 999.000
      14     SER  62.011 999.000  62.592 999.000 176.435 999.000   8.150 999.000 114.965 999.000   4.140 999.000
      15     TYR  61.117 999.000  37.914 999.000 176.982 999.000   7.902 999.000 124.034 999.000   4.258 999.000
      16     LYS  58.488 999.000  31.349 999.000 178.939 999.000   7.890 999.000 118.044 999.000   3.710 999.000
      17     LEU  57.632 999.000  41.694 999.000 178.829 999.000   8.366 999.000 119.010 999.000   4.225 999.000
      18     SER  61.558 999.000  62.931 999.000 177.081 999.000   8.447 999.000 115.834 999.000   4.232 999.000
      19     GLN  57.917 999.000  28.517 999.000 177.179 999.000   7.962 999.000 119.868 999.000   4.055 999.000
      20     LYS  55.615 999.000  32.378 999.000 176.555 999.000   7.320 999.000 116.763 999.000   4.264 999.000
      21     GLY  45.423 999.000-999.000-999.000 174.004 999.000   7.569 999.000 107.557 999.000   3.832 999.000
      22     TYR  56.643 999.000  39.449 999.000 175.533 999.000   7.914 999.000 120.093 999.000   4.813 999.000
      23     SER  57.158 999.000  64.285 999.000 174.946 999.000   8.284 999.000 117.217 999.000   4.616 999.000
      24     TRP  59.601 999.000  29.895 999.000 177.548 999.000   9.116 999.000 126.719 999.000   4.559 999.000
      25     SER  61.158 999.000  62.447 999.000 176.102 999.000   8.428 999.000 114.573 999.000   4.083 999.000
      26     GLN  57.426 999.000  28.753 999.000 176.285 999.000   7.331 999.000 120.742 999.000   3.937 999.000
      27     PHE  57.653 999.000  40.311 999.000 176.061 999.000   7.247 999.000 115.999 999.000   4.372 999.000
      28     SER  57.486 999.000  64.873 999.000 174.095 999.000   7.138 999.000 114.360 999.000   4.276 999.000
      29     ASP  53.598 999.000  40.671 999.000 176.956 999.000   8.390 999.000 122.283 999.000   4.610 999.000
      30     VAL  64.253 999.000  31.760 999.000 177.433 999.000   8.300 999.000 121.495 999.000   3.878 999.000
      31     GLU  58.107 999.000  29.114 999.000 177.605 999.000   8.383 999.000 119.627 999.000   4.150 999.000
      32     GLU  57.139 999.000  30.071 999.000 177.182 999.000   7.858 999.000 117.835 999.000   4.218 999.000
      33     ASN  53.288 999.000  38.703 999.000 175.677 999.000   7.660 999.000 117.724 999.000   4.702 999.000
      34     ARG  56.307 999.000  30.569 999.000 176.579 999.000   8.194 999.000 120.536 999.000   4.386 999.000
      35     THR  62.077 999.000  69.821 999.000 174.834 999.000   8.061 999.000 113.624 999.000   4.335 999.000
      36     GLU  56.352 999.000  30.395 999.000 175.787 999.000   8.510 999.000 121.636 999.000   4.304 999.000
      37     ALA  50.885 999.000  18.261 999.000 175.634 999.000   8.205 999.000 123.704 999.000   4.491 999.000
      38     PRO  62.991 999.000  32.370 999.000 176.589 999.000-999.000-999.000 999.000 999.000   4.536 999.000
      39     GLU  56.242 999.000  30.411 999.000 176.841 999.000   8.497 999.000 120.406 999.000   4.260 999.000
      40     GLY  45.240 999.000-999.000-999.000 174.701 999.000   8.544 999.000 109.379 999.000   4.064 999.000
      41     THR  61.542 999.000  70.492 999.000 175.075 999.000   8.129 999.000 112.784 999.000   4.446 999.000
      42     GLU  58.239 999.000  29.191 999.000 177.488 999.000   8.868 999.000 121.415 999.000   4.197 999.000
      43     SER  60.330 999.000  63.207 999.000 175.803 999.000   8.229 999.000 114.962 999.000   4.231 999.000
      44     GLU  59.331 999.000  28.981 999.000 178.451 999.000   7.960 999.000 123.039 999.000   3.958 999.000
      45     ALA  54.861 999.000  18.310 999.000 179.631 999.000   7.925 999.000 120.479 999.000   4.188 999.000
      46     VAL  65.844 999.000  31.374 999.000 177.833 999.000   7.407 999.000 119.330 999.000   3.648 999.000
      47     LYS  60.143 999.000  32.005 999.000 178.888 999.000   8.215 999.000 119.729 999.000   3.738 999.000
      48     GLN  58.743 999.000  28.229 999.000 178.160 999.000   8.097 999.000 118.724 999.000   3.974 999.000
      49     ALA  55.128 999.000  18.147 999.000 179.598 999.000   7.872 999.000 122.409 999.000   4.055 999.000
      50     LEU  58.175 999.000  41.524 999.000 178.793 999.000   8.523 999.000 118.890 999.000   4.078 999.000
      51     ARG  59.789 999.000  29.804 999.000 178.485 999.000   8.022 999.000 118.906 999.000   3.940 999.000
      52     GLU  59.053 999.000  29.167 999.000 178.909 999.000   8.206 999.000 118.889 999.000   4.140 999.000
      53     ALA  54.856 999.000  18.193 999.000 179.432 999.000   8.470 999.000 121.742 999.000   4.212 999.000
      54     GLY  47.329 999.000-999.000-999.000 175.519 999.000   8.588 999.000 106.608 999.000   4.110 999.000
      55     ASP  56.804 999.000  40.424 999.000 177.993 999.000   8.341 999.000 122.003 999.000   4.610 999.000
      56     GLU  58.920 999.000  29.660 999.000 178.279 999.000   7.817 999.000 120.343 999.000   4.199 999.000
      57     PHE  61.928 999.000  38.991 999.000 178.057 999.000   8.721 999.000 119.631 999.000   4.258 999.000
      58     GLU  58.913 999.000  29.398 999.000 178.332 999.000   8.286 999.000 118.478 999.000   4.247 999.000
      59     LEU  56.978 999.000  42.554 999.000 177.838 999.000   7.529 999.000 120.019 999.000   4.254 999.000
      60     ARG  57.288 999.000  31.349 999.000 176.646 999.000   8.126 999.000 115.326 999.000   4.029 999.000
      61     TYR  56.278 999.000  38.044 999.000 175.612 999.000   7.913 999.000 117.463 999.000   4.789 999.000
      62     ARG  58.942 999.000  30.014 999.000 177.518 999.000   7.947 999.000 120.963 999.000   3.784 999.000
      63     ARG  57.530 999.000  29.494 999.000 177.662 999.000   8.296 999.000 117.574 999.000   4.181 999.000
      64     ALA  54.169 999.000  18.617 999.000 177.895 999.000   7.691 999.000 120.944 999.000   4.198 999.000
      65     PHE  57.736 999.000  39.913 999.000 176.291 999.000   7.583 999.000 112.960 999.000   4.784 999.000
      66     SER  61.251 999.000  62.536 999.000 176.219 999.000   8.257 999.000 116.790 999.000   4.195 999.000
      67     ASP  56.112 999.000  39.990 999.000 178.112 999.000   7.827 999.000 122.023 999.000   4.500 999.000
      68     LEU  57.420 999.000  41.637 999.000 178.668 999.000   7.577 999.000 119.901 999.000   4.018 999.000
      69     THR  65.309 999.000  68.623 999.000 176.743 999.000   8.231 999.000 112.617 999.000   4.240 999.000
      70     SER  60.398 999.000  63.435 999.000 175.664 999.000   7.797 999.000 116.671 999.000   4.353 999.000
      71     GLN  57.312 999.000  28.953 999.000 177.049 999.000   7.534 999.000 121.053 999.000   4.222 999.000
      72     LEU  54.691 999.000  42.230 999.000 176.206 999.000   7.246 999.000 120.799 999.000   4.278 999.000
      73     HIS  55.879 999.000  29.879 999.000 175.438 999.000   8.596 999.000 125.667 999.000   4.634 999.000
      74     ILE  60.973 999.000  38.728 999.000 175.203 999.000   8.089 999.000 124.040 999.000   4.414 999.000
      75     THR  58.444 999.000  69.994 999.000 173.724 999.000   7.989 999.000 117.056 999.000   4.780 999.000
      76     PRO  64.725 999.000  31.636 999.000 177.571 999.000-999.000-999.000 999.000 999.000   4.411 999.000
      77     GLY  45.075 999.000-999.000-999.000 175.065 999.000   8.337 999.000 107.556 999.000   4.134 999.000
      78     THR  63.636 999.000  69.470 999.000 174.182 999.000   7.692 999.000 117.749 999.000   4.221 999.000
      79     ALA  50.863 999.000  21.141 999.000 176.794 999.000   8.616 999.000 128.847 999.000   4.694 999.000
      80     TYR  61.156 999.000  38.058 999.000 177.298 999.000   8.888 999.000 120.805 999.000   3.106 999.000
      81     GLN  58.749 999.000  27.720 999.000 178.161 999.000   8.461 999.000 118.146 999.000   3.844 999.000
      82     SER  60.770 999.000  62.938 999.000 176.009 999.000   7.569 999.000 114.652 999.000   4.264 999.000
      83     PHE  60.908 999.000  39.363 999.000 176.605 999.000   7.154 999.000 123.570 999.000   4.172 999.000
      84     GLU  59.908 999.000  29.324 999.000 178.356 999.000   8.552 999.000 119.207 999.000   3.580 999.000
      85     GLN  58.496 999.000  28.333 999.000 178.289 999.000   7.548 999.000 117.264 999.000   3.974 999.000
      86     VAL  64.996 999.000  31.985 999.000 177.724 999.000   7.092 999.000 119.214 999.000   3.704 999.000
      87     VAL  65.487 999.000  31.108 999.000 177.767 999.000   7.670 999.000 118.519 999.000   3.314 999.000
      88     ASN  55.991 999.000  37.890 999.000 177.294 999.000   8.412 999.000 118.358 999.000   4.297 999.000
      89     GLU  58.434 999.000  29.563 999.000 178.026 999.000   7.353 999.000 119.523 999.000   4.077 999.000
      90     LEU  56.803 999.000  41.848 999.000 177.007 999.000   7.277 999.000 119.133 999.000   3.964 999.000
      91     PHE  58.717 999.000  39.262 999.000 176.272 999.000   7.627 999.000 115.232 999.000   4.432 999.000
      92     ARG  58.678 999.000  29.771 999.000 176.886 999.000   7.576 999.000 120.266 999.000   3.944 999.000
      93     ASP  53.816 999.000  40.721 999.000 176.277 999.000   8.106 999.000 116.803 999.000   4.617 999.000
      94     GLY  44.698 999.000-999.000-999.000 173.305 999.000   7.517 999.000 107.990 999.000   4.064 999.000
      95     VAL  62.044 999.000  32.573 999.000 175.195 999.000   7.971 999.000 119.645 999.000   3.885 999.000
      96     ASN  51.972 999.000  41.145 999.000 174.635 999.000   7.666 999.000 122.199 999.000   4.301 999.000
      97     TRP  60.123 999.000  30.368 999.000 178.157 999.000   8.908 999.000 120.608 999.000   4.537 999.000
      98     GLY  47.105 999.000-999.000-999.000 175.922 999.000   8.896 999.000 107.003 999.000   4.143 999.000
      99     ARG  58.834 999.000  29.931 999.000 178.276 999.000   8.000 999.000 121.341 999.000   4.161 999.000
     100     ILE  65.275 999.000  37.672 999.000 177.580 999.000   7.981 999.000 120.702 999.000   4.016 999.000
     101     VAL  66.926 999.000  31.283 999.000 176.749 999.000   8.334 999.000 119.490 999.000   3.441 999.000
     102     ALA  55.505 999.000  18.048 999.000 178.715 999.000   8.229 999.000 122.627 999.000   3.908 999.000
     103     PHE  60.725 999.000  38.511 999.000 176.915 999.000   8.282 999.000 119.658 999.000   4.255 999.000
     104     PHE  62.626 999.000  38.748 999.000 177.637 999.000   8.670 999.000 118.479 999.000   3.615 999.000
     105     SER  61.973 999.000  62.633 999.000 176.455 999.000   8.383 999.000 115.367 999.000   4.142 999.000
     106     PHE  60.124 999.000  38.357 999.000 176.831 999.000   8.809 999.000 123.689 999.000   4.322 999.000
     107     GLY  47.564 999.000-999.000-999.000 176.198 999.000   8.229 999.000 106.674 999.000   3.630 999.000
     108     GLY  47.313 999.000-999.000-999.000 175.496 999.000   8.447 999.000 109.654 999.000   3.942 999.000
     109     ALA  54.846 999.000  18.338 999.000 178.962 999.000   8.214 999.000 124.594 999.000   4.175 999.000
     110     LEU  58.029 999.000  41.613 999.000 177.624 999.000   8.580 999.000 119.729 999.000   4.112 999.000
     111     CYS 999.000 999.000 999.000 999.000 999.000 999.000 999.000 999.000 999.000 999.000   3.935 999.000
     112     VAL  66.420 999.000  31.288 999.000 177.563 999.000   8.026 999.000 120.252 999.000   3.493 999.000
     113     GLU  59.513 999.000  29.059 999.000 178.491 999.000   8.402 999.000 120.430 999.000   4.012 999.000
     114     SER  62.102 999.000  63.032 999.000 176.320 999.000   8.166 999.000 115.652 999.000   4.105 999.000
     115     VAL  65.262 999.000  31.228 999.000 177.655 999.000   7.618 999.000 120.714 999.000   3.587 999.000
     116     ASP  56.391 999.000  41.149 999.000 177.717 999.000   7.909 999.000 119.917 999.000   4.434 999.000
     117     LYS  56.510 999.000  32.175 999.000 176.014 999.000   7.803 999.000 116.576 999.000   4.215 999.000
     118     GLU  57.400 999.000  27.195 999.000 175.567 999.000   7.917 999.000 115.628 999.000   4.007 999.000
     119     MET  54.738 999.000  31.963 999.000 176.128 999.000   8.462 999.000 118.911 999.000   4.730 999.000
     120     GLN  58.794 999.000  27.920 999.000 177.617 999.000   7.968 999.000 119.746 999.000   3.878 999.000
     121     VAL  64.098 999.000  31.531 999.000 177.248 999.000   7.644 999.000 118.039 999.000   3.863 999.000
     122     LEU  56.848 999.000  41.321 999.000 178.136 999.000   7.798 999.000 119.748 999.000   3.946 999.000
     123     VAL  66.616 999.000  31.273 999.000 177.784 999.000   7.444 999.000 118.846 999.000   3.273 999.000
     124     SER  61.415 999.000  62.787 999.000 176.332 999.000   8.284 999.000 114.496 999.000   4.117 999.000
     125     ARG  58.505 999.000  30.033 999.000 178.097 999.000   6.828 999.000 122.535 999.000   3.777 999.000
     126     ILE  65.609 999.000  37.746 999.000 177.410 999.000   8.255 999.000 120.831 999.000   2.936 999.000
     127     ALA  55.493 999.000  18.124 999.000 179.154 999.000   7.793 999.000 120.615 999.000   3.914 999.000
     128     ALA  54.945 999.000  18.438 999.000 178.871 999.000   7.232 999.000 121.227 999.000   4.165 999.000
     129     TRP  58.637 999.000  28.549 999.000 178.830 999.000   8.733 999.000 119.916 999.000   4.375 999.000
     130     MET  59.798 999.000  32.767 999.000 177.784 999.000   8.736 999.000 117.363 999.000   4.528 999.000
     131     ALA  55.205 999.000  18.265 999.000 178.641 999.000   8.064 999.000 121.642 999.000   4.184 999.000
     132     THR  66.778 999.000  67.955 999.000 175.580 999.000   8.436 999.000 116.132 999.000   4.007 999.000
     133     TYR  62.210 999.000  38.789 999.000 176.896 999.000   8.707 999.000 122.958 999.000   4.200 999.000
     134     LEU  58.554 999.000  41.455 999.000 177.830 999.000   8.712 999.000 119.184 999.000   4.053 999.000
     135     ASN  56.187 999.000  38.919 999.000 177.213 999.000   8.084 999.000 116.585 999.000   4.385 999.000
     136     ASP  55.985 999.000  40.887 999.000 176.923 999.000   8.127 999.000 118.188 999.000   4.393 999.000
     137     HIS  57.314 999.000  31.905 999.000 175.896 999.000   7.786 999.000 114.015 999.000   4.405 999.000
     138     LEU  56.191 999.000  42.427 999.000 177.683 999.000   7.911 999.000 116.558 999.000   4.169 999.000
     139     GLU  61.711 999.000  28.118 999.000 176.151 999.000   8.815 999.000 119.653 999.000   4.027 999.000
     140     PRO  65.409 999.000  31.445 999.000 178.029 999.000-999.000-999.000 999.000 999.000   4.210 999.000
     141     TRP  60.524 999.000  29.503 999.000 177.766 999.000   7.118 999.000 118.552 999.000   4.188 999.000
     142     ILE  65.599 999.000  37.903 999.000 177.278 999.000   8.477 999.000 119.915 999.000   3.162 999.000
     143     GLN  59.007 999.000  28.042 999.000 178.560 999.000   8.340 999.000 118.052 999.000   3.976 999.000
     144     GLU  58.249 999.000  29.675 999.000 177.800 999.000   7.503 999.000 119.103 999.000   3.997 999.000
     145     ASN  54.403 999.000  39.566 999.000 175.570 999.000   7.676 999.000 115.244 999.000   4.309 999.000
     146     GLY  45.178 999.000-999.000-999.000 174.740 999.000   7.568 999.000 107.653 999.000   4.109 999.000
     147     GLY  44.297 999.000-999.000-999.000 173.644 999.000   8.276 999.000 107.526 999.000   4.133 999.000
     148     TRP  59.755 999.000  29.708 999.000 177.541 999.000   8.872 999.000 119.878 999.000   4.609 999.000
     149     ASP  56.792 999.000  39.711 999.000 178.128 999.000   8.441 999.000 119.706 999.000   4.428 999.000
     150     THR  64.602 999.000  68.665 999.000 175.990 999.000   7.599 999.000 113.925 999.000   4.108 999.000
     151     PHE  60.626 999.000  39.510 999.000 176.572 999.000   7.548 999.000 123.415 999.000   3.797 999.000
     152     VAL  64.920 999.000  31.198 999.000 177.527 999.000   7.788 999.000 116.111 999.000   3.764 999.000
     153     GLU  57.733 999.000  29.764 999.000 176.848 999.000   7.456 999.000 118.627 999.000   4.115 999.000
     154     LEU  56.026 999.000  43.591 999.000 176.782 999.000   7.123 999.000 117.994 999.000   4.081 999.000
     155     TYR  57.707 999.000  40.895 999.000 175.508 999.000   7.978 999.000 114.948 999.000   4.507 999.000
     156     GLY  44.585 999.000-999.000-999.000 174.214 999.000   8.185 999.000 106.900 999.000   4.084 999.000
     157     ASN  55.734 999.000  38.475 999.000 176.902 999.000   8.802 999.000 118.946 999.000   4.349 999.000
     158     ASN  55.202 999.000  38.147 999.000 176.685 999.000   8.427 999.000 117.086 999.000   4.537 999.000
     159     ALA  54.543 999.000  18.295 999.000 179.314 999.000   7.702 999.000 123.083 999.000   4.070 999.000
     160     ALA  54.451 999.000  17.999 999.000 179.648 999.000   7.931 999.000 120.280 999.000   4.121 999.000
     161     ALA  54.559 999.000  17.989 999.000 179.896 999.000   7.684 999.000 120.598 999.000   4.168 999.000
     162     GLU  58.968 999.000  29.049 999.000 179.258 999.000   7.948 999.000 117.946 999.000   4.124 999.000
     163     SER  60.988 999.000  63.035 999.000 176.679 999.000   7.980 999.000 115.288 999.000   4.270 999.000
     164     ARG  58.210 999.000  29.615 999.000 178.389 999.000   7.848 999.000 122.042 999.000   4.178 999.000
     165     LYS  58.131 999.000  31.930 999.000 178.806 999.000   7.943 999.000 118.993 999.000   4.180 999.000
     166     GLY  45.967 999.000-999.000-999.000 175.321 999.000   7.833 999.000 107.193 999.000   3.973 999.000
     167     GLN  57.244 999.000  28.871 999.000 177.265 999.000   7.792 999.000 120.116 999.000   4.238 999.000
     168     GLU  57.181 999.000  29.859 999.000 177.076 999.000   7.687 999.000 118.555 999.000   4.294 999.000
     169     ARG 999.000 999.000 999.000 999.000 999.000 999.000 999.000 999.000 999.000 999.000 999.000 999.000
