   index residue  pre_ca  exp_ca  pre_cb  exp_cb   pre_c   exp_c   pre_h   exp_h   pre_n   exp_n  pre_ha  exp_ha
       1     MET 999.000 999.000 999.000 999.000 999.000 999.000-999.000-999.000 999.000 999.000 999.000 999.000
       2     SER 999.000 999.000 999.000 999.000 999.000 999.000 999.000 999.000 999.000 999.000 999.000 999.000
       3     GLN  57.825 999.000  28.070 999.000 177.658 999.000   8.890 999.000 122.834 999.000   4.225 999.000
       4     SER  61.227 999.000  62.839 999.000 175.960 999.000   8.751 999.000 114.546 999.000   4.166 999.000
       5     ASN  55.301 999.000  38.606 999.000 176.592 999.000   8.006 999.000 119.873 999.000   4.695 999.000
       6     ARG  59.442 999.000  29.845 999.000 177.941 999.000   7.993 999.000 121.413 999.000   4.117 999.000
       7     GLU  59.138 999.000  29.084 999.000 178.894 999.000   8.212 999.000 118.709 999.000   3.984 999.000
       8     LEU  57.621 999.000  41.608 999.000 178.562 999.000   7.351 999.000 119.353 999.000   4.003 999.000
       9     VAL  66.472 999.000  31.402 999.000 177.584 999.000   7.651 999.000 119.356 999.000   3.660 999.000
      10     VAL  67.007 999.000  31.185 999.000 176.515 999.000   8.475 999.000 118.778 999.000   3.104 999.000
      11     ASP  57.575 999.000  41.106 999.000 177.587 999.000   7.546 999.000 120.100 999.000   4.216 999.000
      12     PHE  61.401 999.000  39.598 999.000 177.015 999.000   7.685 999.000 120.477 999.000   4.162 999.000
      13     LEU  58.195 999.000  41.062 999.000 178.525 999.000   8.534 999.000 118.218 999.000   3.930 999.000
      14     SER  62.071 999.000  62.598 999.000 176.474 999.000   8.070 999.000 115.002 999.000   4.123 999.000
      15     TYR  61.095 999.000  37.898 999.000 176.966 999.000   7.953 999.000 123.983 999.000   4.253 999.000
      16     LYS  58.575 999.000  31.371 999.000 178.970 999.000   7.901 999.000 118.272 999.000   3.697 999.000
      17     LEU  57.652 999.000  41.664 999.000 178.837 999.000   8.438 999.000 118.969 999.000   4.219 999.000
      18     SER  61.552 999.000  62.934 999.000 177.088 999.000   8.450 999.000 115.850 999.000   4.232 999.000
      19     GLN  57.920 999.000  28.512 999.000 177.178 999.000   7.972 999.000 119.939 999.000   4.057 999.000
      20     LYS  55.630 999.000  32.426 999.000 176.542 999.000   7.332 999.000 116.835 999.000   4.260 999.000
      21     GLY  45.415 999.000-999.000-999.000 174.038 999.000   7.581 999.000 107.635 999.000   3.830 999.000
      22     TYR  56.620 999.000  39.490 999.000 175.539 999.000   7.872 999.000 120.259 999.000   4.815 999.000
      23     SER  57.134 999.000  64.339 999.000 174.930 999.000   8.262 999.000 116.924 999.000   4.622 999.000
      24     TRP  59.565 999.000  29.911 999.000 177.545 999.000   9.113 999.000 126.657 999.000   4.583 999.000
      25     SER  61.207 999.000  62.452 999.000 176.143 999.000   8.429 999.000 114.673 999.000   4.066 999.000
      26     GLN  57.499 999.000  28.708 999.000 176.307 999.000   7.327 999.000 120.750 999.000   3.923 999.000
      27     PHE  57.546 999.000  40.243 999.000 176.090 999.000   7.242 999.000 115.976 999.000   4.375 999.000
      28     SER  57.611 999.000  64.781 999.000 174.094 999.000   7.069 999.000 114.594 999.000   4.250 999.000
      29     ASP  53.462 999.000  40.749 999.000 176.984 999.000   8.403 999.000 122.458 999.000   4.632 999.000
      30     VAL  64.249 999.000  31.737 999.000 177.378 999.000   8.261 999.000 121.121 999.000   3.864 999.000
      31     GLU  58.077 999.000  29.183 999.000 177.615 999.000   8.355 999.000 119.693 999.000   4.153 999.000
      32     GLU  57.247 999.000  30.150 999.000 177.324 999.000   7.847 999.000 117.945 999.000   4.217 999.000
      33     ASN  53.347 999.000  38.668 999.000 175.773 999.000   7.718 999.000 117.478 999.000   4.702 999.000
      34     ARG  56.337 999.000  30.550 999.000 176.649 999.000   8.079 999.000 119.787 999.000   4.378 999.000
      35     THR  61.999 999.000  69.867 999.000 174.798 999.000   7.936 999.000 113.462 999.000   4.354 999.000
      36     GLU  56.478 999.000  30.285 999.000 175.847 999.000   8.555 999.000 122.179 999.000   4.294 999.000
      37     ALA  50.868 999.000  18.275 999.000 175.630 999.000   8.173 999.000 123.460 999.000   4.496 999.000
      38     PRO  63.136 999.000  32.295 999.000 176.667 999.000-999.000-999.000 999.000 999.000   4.531 999.000
      39     GLU  56.273 999.000  30.411 999.000 176.822 999.000   8.480 999.000 119.762 999.000   4.269 999.000
      40     GLY  45.151 999.000-999.000-999.000 174.585 999.000   8.474 999.000 109.142 999.000   4.068 999.000
      41     THR  61.635 999.000  70.430 999.000 174.991 999.000   8.124 999.000 112.657 999.000   4.430 999.000
      42     GLU  57.645 999.000  29.471 999.000 177.058 999.000   8.849 999.000 121.811 999.000   4.249 999.000
      43     SER  59.577 999.000  63.496 999.000 175.486 999.000   8.331 999.000 114.531 999.000   4.306 999.000
      44     GLU  59.284 999.000  29.034 999.000 178.286 999.000   8.094 999.000 123.133 999.000   3.957 999.000
      45     ALA  54.855 999.000  18.322 999.000 179.633 999.000   7.997 999.000 120.440 999.000   4.172 999.000
      46     VAL  65.829 999.000  31.376 999.000 177.825 999.000   7.445 999.000 119.215 999.000   3.645 999.000
      47     LYS  60.147 999.000  32.018 999.000 178.905 999.000   8.108 999.000 119.687 999.000   3.731 999.000
      48     GLN  58.753 999.000  28.231 999.000 178.216 999.000   8.113 999.000 118.649 999.000   3.950 999.000
      49     ALA  55.090 999.000  18.166 999.000 179.530 999.000   7.808 999.000 122.373 999.000   3.988 999.000
      50     LEU  58.096 999.000  41.519 999.000 178.764 999.000   8.477 999.000 118.916 999.000   4.083 999.000
      51     ARG  59.747 999.000  29.726 999.000 178.431 999.000   8.017 999.000 118.914 999.000   3.911 999.000
      52     GLU  59.070 999.000  29.202 999.000 178.904 999.000   8.102 999.000 118.878 999.000   4.128 999.000
      53     ALA  54.844 999.000  18.202 999.000 179.438 999.000   8.444 999.000 121.640 999.000   4.206 999.000
      54     GLY  47.312 999.000-999.000-999.000 175.516 999.000   8.601 999.000 106.577 999.000   4.126 999.000
      55     ASP  56.809 999.000  40.370 999.000 178.019 999.000   8.345 999.000 121.956 999.000   4.613 999.000
      56     GLU  58.910 999.000  29.654 999.000 178.276 999.000   7.806 999.000 120.642 999.000   4.208 999.000
      57     PHE  61.852 999.000  39.043 999.000 177.924 999.000   8.718 999.000 119.530 999.000   4.263 999.000
      58     GLU  58.935 999.000  29.430 999.000 178.337 999.000   8.294 999.000 118.665 999.000   4.253 999.000
      59     LEU  56.960 999.000  42.495 999.000 177.886 999.000   7.528 999.000 120.022 999.000   4.250 999.000
      60     ARG  57.348 999.000  31.252 999.000 176.702 999.000   8.097 999.000 115.550 999.000   4.014 999.000
      61     TYR  56.373 999.000  38.058 999.000 175.628 999.000   7.975 999.000 117.548 999.000   4.777 999.000
      62     ARG  58.874 999.000  30.018 999.000 177.471 999.000   7.943 999.000 120.965 999.000   3.793 999.000
      63     ARG  57.464 999.000  29.598 999.000 177.624 999.000   8.273 999.000 117.623 999.000   4.190 999.000
      64     ALA  54.176 999.000  18.528 999.000 178.023 999.000   7.687 999.000 121.014 999.000   4.184 999.000
      65     PHE  57.761 999.000  39.763 999.000 176.409 999.000   7.519 999.000 113.043 999.000   4.791 999.000
      66     SER  61.293 999.000  62.544 999.000 176.272 999.000   8.169 999.000 116.890 999.000   4.198 999.000
      67     ASP  56.223 999.000  39.932 999.000 178.177 999.000   7.880 999.000 122.011 999.000   4.495 999.000
      68     LEU  57.451 999.000  41.600 999.000 178.736 999.000   7.526 999.000 119.957 999.000   4.006 999.000
      69     THR  65.331 999.000  68.627 999.000 176.777 999.000   8.225 999.000 112.708 999.000   4.241 999.000
      70     SER  60.464 999.000  63.410 999.000 175.722 999.000   7.833 999.000 116.767 999.000   4.344 999.000
      71     GLN  57.283 999.000  28.938 999.000 177.091 999.000   7.557 999.000 121.012 999.000   4.220 999.000
      72     LEU  54.741 999.000  42.138 999.000 176.266 999.000   7.253 999.000 120.791 999.000   4.277 999.000
      73     HIS  55.875 999.000  29.907 999.000 175.386 999.000   8.600 999.000 125.631 999.000   4.630 999.000
      74     ILE  60.883 999.000  38.861 999.000 175.165 999.000   8.057 999.000 123.740 999.000   4.446 999.000
      75     THR  58.468 999.000  69.991 999.000 173.766 999.000   7.999 999.000 116.746 999.000   4.790 999.000
      76     PRO  64.698 999.000  31.630 999.000 177.495 999.000-999.000-999.000 999.000 999.000   4.410 999.000
      77     GLY  45.070 999.000-999.000-999.000 175.047 999.000   8.319 999.000 107.562 999.000   4.136 999.000
      78     THR  63.658 999.000  69.471 999.000 174.196 999.000   7.708 999.000 117.785 999.000   4.229 999.000
      79     ALA  50.871 999.000  21.104 999.000 176.806 999.000   8.626 999.000 128.875 999.000   4.699 999.000
      80     TYR  61.029 999.000  38.029 999.000 177.298 999.000   8.885 999.000 120.753 999.000   3.088 999.000
      81     GLN  58.804 999.000  27.706 999.000 178.233 999.000   8.437 999.000 118.145 999.000   3.824 999.000
      82     SER  60.812 999.000  62.928 999.000 176.061 999.000   7.587 999.000 114.597 999.000   4.264 999.000
      83     PHE  60.890 999.000  39.357 999.000 176.619 999.000   7.164 999.000 123.651 999.000   4.185 999.000
      84     GLU  59.936 999.000  29.351 999.000 178.337 999.000   8.562 999.000 119.212 999.000   3.588 999.000
      85     GLN  58.571 999.000  28.267 999.000 178.397 999.000   7.592 999.000 117.360 999.000   3.968 999.000
      86     VAL  65.104 999.000  31.903 999.000 177.751 999.000   7.071 999.000 119.405 999.000   3.692 999.000
      87     VAL  65.780 999.000  31.160 999.000 177.750 999.000   7.729 999.000 119.159 999.000   3.304 999.000
      88     ASN  55.905 999.000  37.737 999.000 177.421 999.000   8.491 999.000 117.989 999.000   4.304 999.000
      89     GLU  58.380 999.000  29.619 999.000 178.066 999.000   7.304 999.000 119.683 999.000   4.064 999.000
      90     LEU  57.253 999.000  42.020 999.000 177.357 999.000   7.392 999.000 119.826 999.000   3.890 999.000
      91     PHE  58.404 999.000  38.602 999.000 176.092 999.000   7.688 999.000 114.243 999.000   4.502 999.000
      92     ARG  58.649 999.000  29.818 999.000 176.762 999.000   7.510 999.000 120.429 999.000   3.964 999.000
      93     ASP  53.827 999.000  40.724 999.000 176.287 999.000   8.115 999.000 116.871 999.000   4.635 999.000
      94     GLY  44.646 999.000-999.000-999.000 173.330 999.000   7.568 999.000 107.897 999.000   4.090 999.000
      95     VAL  62.216 999.000  32.421 999.000 175.292 999.000   8.011 999.000 119.751 999.000   3.894 999.000
      96     ASN  51.980 999.000  41.140 999.000 174.583 999.000   7.704 999.000 122.249 999.000   4.296 999.000
      97     TRP  60.087 999.000  30.396 999.000 178.160 999.000   8.898 999.000 120.650 999.000   4.539 999.000
      98     GLY  47.123 999.000-999.000-999.000 175.971 999.000   8.886 999.000 107.009 999.000   4.141 999.000
      99     ARG  58.828 999.000  29.862 999.000 178.285 999.000   8.082 999.000 121.448 999.000   4.141 999.000
     100     ILE  65.372 999.000  37.719 999.000 177.575 999.000   7.999 999.000 120.734 999.000   4.053 999.000
     101     VAL  66.938 999.000  31.293 999.000 176.745 999.000   8.357 999.000 119.455 999.000   3.455 999.000
     102     ALA  55.515 999.000  18.047 999.000 178.710 999.000   8.228 999.000 122.692 999.000   3.888 999.000
     103     PHE  60.756 999.000  38.490 999.000 176.908 999.000   8.302 999.000 119.637 999.000   4.245 999.000
     104     PHE  62.715 999.000  38.788 999.000 177.655 999.000   8.692 999.000 118.495 999.000   3.604 999.000
     105     SER  61.933 999.000  62.622 999.000 176.425 999.000   8.346 999.000 115.359 999.000   4.140 999.000
     106     PHE  60.018 999.000  38.431 999.000 176.795 999.000   8.777 999.000 123.558 999.000   4.309 999.000
     107     GLY  47.552 999.000-999.000-999.000 176.212 999.000   8.204 999.000 106.559 999.000   3.606 999.000
     108     GLY  47.317 999.000-999.000-999.000 175.485 999.000   8.453 999.000 109.679 999.000   3.939 999.000
     109     ALA  54.846 999.000  18.348 999.000 178.948 999.000   8.204 999.000 124.574 999.000   4.174 999.000
     110     LEU  57.989 999.000  41.653 999.000 177.601 999.000   8.576 999.000 119.769 999.000   4.129 999.000
     111     CYS 999.000 999.000 999.000 999.000 999.000 999.000 999.000 999.000 999.000 999.000   3.938 999.000
     112     VAL  66.453 999.000  31.291 999.000 177.529 999.000   8.009 999.000 120.246 999.000   3.494 999.000
     113     GLU  59.506 999.000  29.081 999.000 178.449 999.000   8.385 999.000 120.460 999.000   4.011 999.000
     114     SER  62.085 999.000  63.024 999.000 176.301 999.000   8.170 999.000 115.622 999.000   4.103 999.000
     115     VAL  65.275 999.000  31.253 999.000 177.639 999.000   7.589 999.000 120.902 999.000   3.596 999.000
     116     ASP  56.399 999.000  41.146 999.000 177.704 999.000   7.915 999.000 119.940 999.000   4.429 999.000
     117     LYS  56.486 999.000  32.134 999.000 176.019 999.000   7.852 999.000 116.582 999.000   4.214 999.000
     118     GLU  57.421 999.000  27.205 999.000 175.546 999.000   7.925 999.000 115.617 999.000   4.016 999.000
     119     MET  54.743 999.000  32.052 999.000 176.123 999.000   8.452 999.000 118.913 999.000   4.736 999.000
     120     GLN  58.825 999.000  27.868 999.000 177.639 999.000   7.972 999.000 119.788 999.000   3.873 999.000
     121     VAL  64.153 999.000  31.530 999.000 177.287 999.000   7.642 999.000 118.282 999.000   3.856 999.000
     122     LEU  56.897 999.000  41.313 999.000 178.150 999.000   7.833 999.000 119.770 999.000   3.940 999.000
     123     VAL  66.644 999.000  31.270 999.000 177.768 999.000   7.453 999.000 118.796 999.000   3.277 999.000
     124     SER  61.398 999.000  62.789 999.000 176.324 999.000   8.302 999.000 114.444 999.000   4.132 999.000
     125     ARG  58.523 999.000  30.014 999.000 178.105 999.000   6.844 999.000 122.607 999.000   3.776 999.000
     126     ILE  65.678 999.000  37.785 999.000 177.409 999.000   8.236 999.000 120.872 999.000   2.921 999.000
     127     ALA  55.497 999.000  18.119 999.000 179.189 999.000   7.831 999.000 120.573 999.000   3.906 999.000
     128     ALA  54.982 999.000  18.436 999.000 178.778 999.000   7.230 999.000 121.277 999.000   4.163 999.000
     129     TRP  58.627 999.000  28.545 999.000 178.823 999.000   8.733 999.000 119.984 999.000   4.339 999.000
     130     MET  59.804 999.000  32.801 999.000 177.767 999.000   8.731 999.000 117.269 999.000   4.515 999.000
     131     ALA  55.141 999.000  18.267 999.000 178.655 999.000   8.024 999.000 121.524 999.000   4.196 999.000
     132     THR  66.779 999.000  67.965 999.000 175.563 999.000   8.449 999.000 116.210 999.000   4.017 999.000
     133     TYR  62.212 999.000  38.805 999.000 176.887 999.000   8.720 999.000 122.996 999.000   4.193 999.000
     134     LEU  58.553 999.000  41.454 999.000 177.797 999.000   8.711 999.000 119.188 999.000   4.063 999.000
     135     ASN  56.180 999.000  38.920 999.000 177.163 999.000   8.058 999.000 116.574 999.000   4.386 999.000
     136     ASP  55.984 999.000  40.925 999.000 176.933 999.000   8.120 999.000 118.121 999.000   4.404 999.000
     137     HIS  57.311 999.000  31.889 999.000 175.864 999.000   7.767 999.000 114.149 999.000   4.408 999.000
     138     LEU  56.168 999.000  42.474 999.000 177.623 999.000   7.925 999.000 116.588 999.000   4.131 999.000
     139     GLU  61.671 999.000  28.145 999.000 176.126 999.000   8.764 999.000 119.718 999.000   4.018 999.000
     140     PRO  65.398 999.000  31.448 999.000 178.030 999.000-999.000-999.000 999.000 999.000   4.205 999.000
     141     TRP  60.525 999.000  29.502 999.000 177.760 999.000   7.103 999.000 118.561 999.000   4.183 999.000
     142     ILE  65.633 999.000  37.906 999.000 177.236 999.000   8.482 999.000 119.984 999.000   3.139 999.000
     143     GLN  58.993 999.000  28.062 999.000 178.566 999.000   8.346 999.000 118.037 999.000   3.972 999.000
     144     GLU  58.238 999.000  29.681 999.000 177.803 999.000   7.482 999.000 119.165 999.000   3.994 999.000
     145     ASN  54.444 999.000  39.628 999.000 175.586 999.000   7.680 999.000 115.258 999.000   4.287 999.000
     146     GLY  45.142 999.000-999.000-999.000 174.686 999.000   7.560 999.000 107.486 999.000   4.107 999.000
     147     GLY  44.256 999.000-999.000-999.000 173.653 999.000   8.292 999.000 107.606 999.000   4.138 999.000
     148     TRP  59.992 999.000  29.750 999.000 177.639 999.000   8.895 999.000 120.049 999.000   4.602 999.000
     149     ASP  56.955 999.000  39.748 999.000 178.233 999.000   8.433 999.000 119.631 999.000   4.426 999.000
     150     THR  64.748 999.000  68.574 999.000 176.143 999.000   7.645 999.000 113.698 999.000   4.107 999.000
     151     PHE  60.645 999.000  39.491 999.000 176.612 999.000   7.593 999.000 123.504 999.000   3.796 999.000
     152     VAL  65.427 999.000  31.231 999.000 177.848 999.000   7.911 999.000 117.209 999.000   3.675 999.000
     153     GLU  58.101 999.000  29.558 999.000 177.349 999.000   7.577 999.000 118.883 999.000   4.082 999.000
     154     LEU  56.358 999.000  43.283 999.000 177.053 999.000   7.121 999.000 118.455 999.000   4.057 999.000
     155     TYR  58.135 999.000  40.284 999.000 176.248 999.000   8.079 999.000 115.078 999.000   4.453 999.000
     156     GLY  44.912 999.000-999.000-999.000 174.352 999.000   7.927 999.000 106.069 999.000   4.029 999.000
     157     ASN  54.993 999.000  38.535 999.000 176.636 999.000   8.520 999.000 118.246 999.000   4.417 999.000
     158     ASN  54.765 999.000  38.288 999.000 176.319 999.000   8.261 999.000 117.058 999.000   4.528 999.000
     159     ALA  53.793 999.000  18.617 999.000 178.804 999.000   7.691 999.000 122.519 999.000   4.158 999.000
     160     ALA  53.552 999.000  18.422 999.000 179.028 999.000   7.706 999.000 120.003 999.000   4.193 999.000
     161     ALA  54.034 999.000  18.281 999.000 179.619 999.000   7.649 999.000 120.088 999.000   4.200 999.000
     162     GLU  58.366 999.000  29.236 999.000 178.600 999.000   7.797 999.000 117.429 999.000   4.153 999.000
     163     SER  60.634 999.000  63.257 999.000 176.128 999.000   7.764 999.000 114.814 999.000   4.294 999.000
     164     ARG  57.259 999.000  29.924 999.000 177.505 999.000   7.691 999.000 121.907 999.000   4.267 999.000
     165     LYS  57.169 999.000  32.313 999.000 177.999 999.000   7.742 999.000 119.075 999.000   4.233 999.000
     166     GLY  45.480 999.000-999.000-999.000 174.560 999.000   7.913 999.000 107.118 999.000   3.960 999.000
     167     GLN  56.400 999.000  29.257 999.000 176.467 999.000   7.908 999.000 119.564 999.000   4.307 999.000
     168     GLU  57.047 999.000  30.041 999.000 176.655 999.000   7.869 999.000 118.843 999.000   4.275 999.000
     169     ARG 999.000 999.000 999.000 999.000 999.000 999.000 999.000 999.000 999.000 999.000 999.000 999.000
