   index residue  pre_ca  exp_ca  pre_cb  exp_cb   pre_c   exp_c   pre_h   exp_h   pre_n   exp_n  pre_ha  exp_ha
       1     MET 999.000 999.000 999.000 999.000 999.000 999.000-999.000-999.000 999.000 999.000 999.000 999.000
       2     SER 999.000 999.000 999.000 999.000 999.000 999.000 999.000 999.000 999.000 999.000 999.000 999.000
       3     GLN  56.472 999.000  28.281 999.000 177.107 999.000   8.505 999.000 121.447 999.000   4.397 999.000
       4     SER  61.210 999.000  62.986 999.000 175.779 999.000   8.747 999.000 115.896 999.000   4.157 999.000
       5     ASN  55.094 999.000  38.490 999.000 176.274 999.000   8.095 999.000 119.584 999.000   4.705 999.000
       6     ARG  59.399 999.000  29.713 999.000 177.895 999.000   7.809 999.000 121.385 999.000   4.123 999.000
       7     GLU  59.083 999.000  29.110 999.000 178.820 999.000   7.939 999.000 118.517 999.000   3.997 999.000
       8     LEU  57.579 999.000  41.612 999.000 178.589 999.000   7.348 999.000 119.592 999.000   4.008 999.000
       9     VAL  66.476 999.000  31.415 999.000 177.547 999.000   7.817 999.000 119.319 999.000   3.627 999.000
      10     VAL  67.002 999.000  31.202 999.000 176.485 999.000   8.401 999.000 119.009 999.000   3.116 999.000
      11     ASP  57.594 999.000  40.965 999.000 177.676 999.000   7.615 999.000 119.833 999.000   4.224 999.000
      12     PHE  61.431 999.000  39.643 999.000 177.011 999.000   7.650 999.000 120.815 999.000   4.180 999.000
      13     LEU  58.147 999.000  40.973 999.000 178.550 999.000   8.533 999.000 118.303 999.000   3.915 999.000
      14     SER  62.051 999.000  62.589 999.000 176.450 999.000   8.145 999.000 115.015 999.000   4.146 999.000
      15     TYR  61.104 999.000  37.865 999.000 176.986 999.000   7.947 999.000 123.985 999.000   4.262 999.000
      16     LYS  58.490 999.000  31.349 999.000 178.950 999.000   7.880 999.000 118.085 999.000   3.691 999.000
      17     LEU  57.640 999.000  41.689 999.000 178.837 999.000   8.369 999.000 119.051 999.000   4.220 999.000
      18     SER  61.565 999.000  62.914 999.000 177.080 999.000   8.480 999.000 115.853 999.000   4.230 999.000
      19     GLN  57.913 999.000  28.550 999.000 177.145 999.000   7.940 999.000 119.855 999.000   4.062 999.000
      20     LYS  55.542 999.000  32.372 999.000 176.544 999.000   7.319 999.000 116.741 999.000   4.270 999.000
      21     GLY  45.440 999.000-999.000-999.000 173.996 999.000   7.577 999.000 107.578 999.000   3.829 999.000
      22     TYR  56.613 999.000  39.446 999.000 175.526 999.000   7.880 999.000 120.076 999.000   4.815 999.000
      23     SER  57.141 999.000  64.287 999.000 174.931 999.000   8.295 999.000 117.182 999.000   4.620 999.000
      24     TRP  59.636 999.000  29.899 999.000 177.547 999.000   9.113 999.000 126.725 999.000   4.552 999.000
      25     SER  61.155 999.000  62.432 999.000 176.105 999.000   8.437 999.000 114.534 999.000   4.083 999.000
      26     GLN  57.407 999.000  28.765 999.000 176.279 999.000   7.330 999.000 120.788 999.000   3.937 999.000
      27     PHE  57.699 999.000  40.321 999.000 176.124 999.000   7.264 999.000 116.040 999.000   4.369 999.000
      28     SER  57.524 999.000  64.840 999.000 174.129 999.000   7.157 999.000 114.344 999.000   4.263 999.000
      29     ASP  53.583 999.000  40.655 999.000 176.972 999.000   8.401 999.000 122.271 999.000   4.609 999.000
      30     VAL  64.296 999.000  31.712 999.000 177.487 999.000   8.279 999.000 121.234 999.000   3.864 999.000
      31     GLU  58.142 999.000  29.116 999.000 177.633 999.000   8.379 999.000 119.667 999.000   4.149 999.000
      32     GLU  57.150 999.000  30.111 999.000 177.194 999.000   7.841 999.000 117.845 999.000   4.224 999.000
      33     ASN  53.314 999.000  38.785 999.000 175.690 999.000   7.693 999.000 117.584 999.000   4.710 999.000
      34     ARG  56.311 999.000  30.569 999.000 176.426 999.000   8.127 999.000 120.229 999.000   4.392 999.000
      35     THR  62.052 999.000  69.840 999.000 174.860 999.000   8.074 999.000 113.960 999.000   4.337 999.000
      36     GLU  56.389 999.000  30.390 999.000 175.804 999.000   8.525 999.000 121.370 999.000   4.307 999.000
      37     ALA  50.867 999.000  18.292 999.000 175.624 999.000   8.176 999.000 123.574 999.000   4.492 999.000
      38     PRO  62.942 999.000  32.415 999.000 176.582 999.000-999.000-999.000 999.000 999.000   4.540 999.000
      39     GLU  56.298 999.000  30.344 999.000 176.855 999.000   8.519 999.000 120.659 999.000   4.250 999.000
      40     GLY  45.224 999.000-999.000-999.000 174.715 999.000   8.548 999.000 109.235 999.000   4.067 999.000
      41     THR  61.659 999.000  70.415 999.000 175.142 999.000   8.139 999.000 112.668 999.000   4.424 999.000
      42     GLU  58.230 999.000  29.211 999.000 177.473 999.000   8.844 999.000 121.289 999.000   4.194 999.000
      43     SER  60.295 999.000  63.240 999.000 175.793 999.000   8.232 999.000 114.805 999.000   4.237 999.000
      44     GLU  59.338 999.000  28.964 999.000 178.464 999.000   7.961 999.000 123.004 999.000   3.956 999.000
      45     ALA  54.889 999.000  18.299 999.000 179.643 999.000   7.927 999.000 120.501 999.000   4.186 999.000
      46     VAL  65.826 999.000  31.373 999.000 177.833 999.000   7.418 999.000 119.337 999.000   3.647 999.000
      47     LYS  60.140 999.000  32.008 999.000 178.888 999.000   8.194 999.000 119.744 999.000   3.737 999.000
      48     GLN  58.760 999.000  28.202 999.000 178.149 999.000   8.117 999.000 118.743 999.000   3.969 999.000
      49     ALA  55.128 999.000  18.142 999.000 179.607 999.000   7.866 999.000 122.366 999.000   4.053 999.000
      50     LEU  58.186 999.000  41.531 999.000 178.797 999.000   8.514 999.000 118.921 999.000   4.074 999.000
      51     ARG  59.806 999.000  29.812 999.000 178.502 999.000   8.030 999.000 118.739 999.000   3.958 999.000
      52     GLU  59.081 999.000  29.178 999.000 178.920 999.000   8.222 999.000 119.020 999.000   4.140 999.000
      53     ALA  54.855 999.000  18.191 999.000 179.427 999.000   8.462 999.000 121.752 999.000   4.208 999.000
      54     GLY  47.339 999.000-999.000-999.000 175.532 999.000   8.586 999.000 106.590 999.000   4.115 999.000
      55     ASP  56.805 999.000  40.376 999.000 177.982 999.000   8.349 999.000 121.958 999.000   4.620 999.000
      56     GLU  58.902 999.000  29.665 999.000 178.303 999.000   7.823 999.000 120.401 999.000   4.203 999.000
      57     PHE  61.912 999.000  38.998 999.000 178.024 999.000   8.739 999.000 119.709 999.000   4.251 999.000
      58     GLU  58.887 999.000  29.395 999.000 178.322 999.000   8.280 999.000 118.402 999.000   4.237 999.000
      59     LEU  56.958 999.000  42.546 999.000 177.865 999.000   7.526 999.000 120.002 999.000   4.253 999.000
      60     ARG  57.335 999.000  31.308 999.000 176.689 999.000   8.109 999.000 115.450 999.000   4.024 999.000
      61     TYR  56.279 999.000  38.026 999.000 175.618 999.000   7.920 999.000 117.581 999.000   4.787 999.000
      62     ARG  58.882 999.000  30.039 999.000 177.469 999.000   7.964 999.000 120.930 999.000   3.817 999.000
      63     ARG  57.422 999.000  29.628 999.000 177.559 999.000   8.289 999.000 117.528 999.000   4.200 999.000
      64     ALA  54.184 999.000  18.614 999.000 177.938 999.000   7.715 999.000 120.913 999.000   4.186 999.000
      65     PHE  57.815 999.000  39.852 999.000 176.315 999.000   7.581 999.000 113.103 999.000   4.772 999.000
      66     SER  61.287 999.000  62.536 999.000 176.238 999.000   8.196 999.000 116.768 999.000   4.194 999.000
      67     ASP  56.119 999.000  39.942 999.000 178.102 999.000   7.842 999.000 122.023 999.000   4.502 999.000
      68     LEU  57.422 999.000  41.666 999.000 178.659 999.000   7.557 999.000 119.966 999.000   4.023 999.000
      69     THR  65.278 999.000  68.634 999.000 176.739 999.000   8.258 999.000 112.499 999.000   4.240 999.000
      70     SER  60.422 999.000  63.424 999.000 175.654 999.000   7.812 999.000 116.712 999.000   4.354 999.000
      71     GLN  57.275 999.000  28.952 999.000 177.004 999.000   7.530 999.000 120.983 999.000   4.225 999.000
      72     LEU  54.665 999.000  42.245 999.000 176.201 999.000   7.246 999.000 120.795 999.000   4.286 999.000
      73     HIS  55.889 999.000  29.879 999.000 175.438 999.000   8.592 999.000 125.601 999.000   4.632 999.000
      74     ILE  60.979 999.000  38.719 999.000 175.202 999.000   8.088 999.000 124.083 999.000   4.410 999.000
      75     THR  58.439 999.000  70.002 999.000 173.720 999.000   7.989 999.000 117.154 999.000   4.780 999.000
      76     PRO  64.727 999.000  31.635 999.000 177.567 999.000-999.000-999.000 999.000 999.000   4.411 999.000
      77     GLY  45.064 999.000-999.000-999.000 175.071 999.000   8.331 999.000 107.544 999.000   4.133 999.000
      78     THR  63.623 999.000  69.468 999.000 174.182 999.000   7.697 999.000 117.758 999.000   4.225 999.000
      79     ALA  50.860 999.000  21.161 999.000 176.799 999.000   8.613 999.000 128.812 999.000   4.700 999.000
      80     TYR  61.181 999.000  38.057 999.000 177.289 999.000   8.890 999.000 120.812 999.000   3.097 999.000
      81     GLN  58.739 999.000  27.716 999.000 178.152 999.000   8.454 999.000 118.151 999.000   3.846 999.000
      82     SER  60.755 999.000  62.955 999.000 175.983 999.000   7.580 999.000 114.627 999.000   4.266 999.000
      83     PHE  60.893 999.000  39.385 999.000 176.591 999.000   7.155 999.000 123.597 999.000   4.175 999.000
      84     GLU  59.914 999.000  29.318 999.000 178.372 999.000   8.535 999.000 119.166 999.000   3.574 999.000
      85     GLN  58.466 999.000  28.345 999.000 178.253 999.000   7.537 999.000 117.234 999.000   3.973 999.000
      86     VAL  64.987 999.000  32.003 999.000 177.724 999.000   7.098 999.000 119.210 999.000   3.702 999.000
      87     VAL  65.384 999.000  31.093 999.000 177.772 999.000   7.655 999.000 118.213 999.000   3.321 999.000
      88     ASN  56.006 999.000  37.935 999.000 177.265 999.000   8.383 999.000 118.454 999.000   4.297 999.000
      89     GLU  58.449 999.000  29.529 999.000 177.993 999.000   7.375 999.000 119.424 999.000   4.081 999.000
      90     LEU  56.658 999.000  41.801 999.000 176.897 999.000   7.237 999.000 118.911 999.000   3.982 999.000
      91     PHE  58.689 999.000  39.396 999.000 176.294 999.000   7.593 999.000 115.456 999.000   4.434 999.000
      92     ARG  58.715 999.000  29.821 999.000 176.918 999.000   7.576 999.000 120.514 999.000   3.943 999.000
      93     ASP  53.799 999.000  40.684 999.000 176.287 999.000   8.091 999.000 116.946 999.000   4.615 999.000
      94     GLY  44.674 999.000-999.000-999.000 173.349 999.000   7.524 999.000 107.980 999.000   4.063 999.000
      95     VAL  61.989 999.000  32.617 999.000 175.176 999.000   7.957 999.000 119.614 999.000   3.881 999.000
      96     ASN  51.981 999.000  41.150 999.000 174.644 999.000   7.653 999.000 122.169 999.000   4.295 999.000
      97     TRP  60.124 999.000  30.375 999.000 178.165 999.000   8.910 999.000 120.543 999.000   4.540 999.000
      98     GLY  47.104 999.000-999.000-999.000 175.919 999.000   8.894 999.000 107.004 999.000   4.144 999.000
      99     ARG  58.865 999.000  29.953 999.000 178.287 999.000   7.983 999.000 121.294 999.000   4.165 999.000
     100     ILE  65.253 999.000  37.657 999.000 177.589 999.000   7.979 999.000 120.680 999.000   4.012 999.000
     101     VAL  66.933 999.000  31.280 999.000 176.749 999.000   8.337 999.000 119.490 999.000   3.440 999.000
     102     ALA  55.500 999.000  18.054 999.000 178.708 999.000   8.237 999.000 122.650 999.000   3.908 999.000
     103     PHE  60.707 999.000  38.503 999.000 176.916 999.000   8.292 999.000 119.650 999.000   4.263 999.000
     104     PHE  62.589 999.000  38.729 999.000 177.634 999.000   8.676 999.000 118.496 999.000   3.628 999.000
     105     SER  61.974 999.000  62.628 999.000 176.434 999.000   8.394 999.000 115.395 999.000   4.152 999.000
     106     PHE  60.188 999.000  38.404 999.000 176.831 999.000   8.821 999.000 123.616 999.000   4.307 999.000
     107     GLY  47.580 999.000-999.000-999.000 176.199 999.000   8.235 999.000 106.650 999.000   3.631 999.000
     108     GLY  47.311 999.000-999.000-999.000 175.494 999.000   8.467 999.000 109.695 999.000   3.934 999.000
     109     ALA  54.848 999.000  18.333 999.000 178.968 999.000   8.219 999.000 124.598 999.000   4.168 999.000
     110     LEU  58.039 999.000  41.602 999.000 177.612 999.000   8.569 999.000 119.681 999.000   4.105 999.000
     111     CYS 999.000 999.000 999.000 999.000 999.000 999.000 999.000 999.000 999.000 999.000   3.936 999.000
     112     VAL  66.409 999.000  31.292 999.000 177.562 999.000   8.023 999.000 120.230 999.000   3.493 999.000
     113     GLU  59.519 999.000  29.052 999.000 178.502 999.000   8.395 999.000 120.459 999.000   4.011 999.000
     114     SER  62.120 999.000  63.021 999.000 176.327 999.000   8.171 999.000 115.646 999.000   4.103 999.000
     115     VAL  65.261 999.000  31.224 999.000 177.649 999.000   7.613 999.000 120.649 999.000   3.585 999.000
     116     ASP  56.384 999.000  41.162 999.000 177.715 999.000   7.905 999.000 119.939 999.000   4.433 999.000
     117     LYS  56.510 999.000  32.157 999.000 176.021 999.000   7.810 999.000 116.558 999.000   4.215 999.000
     118     GLU  57.397 999.000  27.204 999.000 175.576 999.000   7.913 999.000 115.647 999.000   4.004 999.000
     119     MET  54.757 999.000  31.932 999.000 176.120 999.000   8.447 999.000 118.888 999.000   4.730 999.000
     120     GLN  58.762 999.000  27.924 999.000 177.601 999.000   7.962 999.000 119.718 999.000   3.875 999.000
     121     VAL  64.113 999.000  31.554 999.000 177.253 999.000   7.638 999.000 118.197 999.000   3.863 999.000
     122     LEU  56.845 999.000  41.298 999.000 178.131 999.000   7.802 999.000 119.669 999.000   3.937 999.000
     123     VAL  66.609 999.000  31.270 999.000 177.791 999.000   7.422 999.000 118.853 999.000   3.271 999.000
     124     SER  61.419 999.000  62.790 999.000 176.338 999.000   8.275 999.000 114.531 999.000   4.116 999.000
     125     ARG  58.490 999.000  30.029 999.000 178.114 999.000   6.810 999.000 122.486 999.000   3.776 999.000
     126     ILE  65.602 999.000  37.734 999.000 177.412 999.000   8.260 999.000 120.827 999.000   2.949 999.000
     127     ALA  55.478 999.000  18.124 999.000 179.155 999.000   7.782 999.000 120.602 999.000   3.919 999.000
     128     ALA  54.924 999.000  18.449 999.000 178.877 999.000   7.233 999.000 121.205 999.000   4.168 999.000
     129     TRP  58.636 999.000  28.548 999.000 178.827 999.000   8.741 999.000 119.887 999.000   4.371 999.000
     130     MET  59.810 999.000  32.779 999.000 177.782 999.000   8.730 999.000 117.344 999.000   4.531 999.000
     131     ALA  55.227 999.000  18.257 999.000 178.641 999.000   8.051 999.000 121.682 999.000   4.177 999.000
     132     THR  66.783 999.000  67.958 999.000 175.581 999.000   8.429 999.000 116.099 999.000   4.000 999.000
     133     TYR  62.195 999.000  38.774 999.000 176.893 999.000   8.702 999.000 122.948 999.000   4.204 999.000
     134     LEU  58.545 999.000  41.446 999.000 177.815 999.000   8.714 999.000 119.229 999.000   4.050 999.000
     135     ASN  56.181 999.000  38.901 999.000 177.229 999.000   8.101 999.000 116.616 999.000   4.384 999.000
     136     ASP  55.994 999.000  40.881 999.000 176.922 999.000   8.135 999.000 118.182 999.000   4.390 999.000
     137     HIS  57.294 999.000  31.909 999.000 175.882 999.000   7.787 999.000 113.998 999.000   4.409 999.000
     138     LEU  56.186 999.000  42.452 999.000 177.698 999.000   7.926 999.000 116.560 999.000   4.179 999.000
     139     GLU  61.719 999.000  28.112 999.000 176.162 999.000   8.818 999.000 119.635 999.000   4.027 999.000
     140     PRO  65.408 999.000  31.444 999.000 178.017 999.000-999.000-999.000 999.000 999.000   4.209 999.000
     141     TRP  60.514 999.000  29.515 999.000 177.767 999.000   7.120 999.000 118.533 999.000   4.188 999.000
     142     ILE  65.611 999.000  37.904 999.000 177.274 999.000   8.479 999.000 119.905 999.000   3.159 999.000
     143     GLN  59.013 999.000  28.034 999.000 178.562 999.000   8.340 999.000 118.040 999.000   3.977 999.000
     144     GLU  58.252 999.000  29.676 999.000 177.809 999.000   7.501 999.000 119.092 999.000   3.992 999.000
     145     ASN  54.420 999.000  39.558 999.000 175.575 999.000   7.673 999.000 115.237 999.000   4.308 999.000
     146     GLY  45.180 999.000-999.000-999.000 174.753 999.000   7.564 999.000 107.638 999.000   4.110 999.000
     147     GLY  44.316 999.000-999.000-999.000 173.654 999.000   8.283 999.000 107.495 999.000   4.126 999.000
     148     TRP  59.775 999.000  29.710 999.000 177.570 999.000   8.869 999.000 119.922 999.000   4.608 999.000
     149     ASP  56.809 999.000  39.723 999.000 178.133 999.000   8.437 999.000 119.675 999.000   4.428 999.000
     150     THR  64.527 999.000  68.684 999.000 175.981 999.000   7.607 999.000 113.670 999.000   4.115 999.000
     151     PHE  60.602 999.000  39.517 999.000 176.558 999.000   7.543 999.000 123.457 999.000   3.800 999.000
     152     VAL  64.841 999.000  31.187 999.000 177.452 999.000   7.777 999.000 115.923 999.000   3.770 999.000
     153     GLU  57.664 999.000  29.790 999.000 176.801 999.000   7.440 999.000 118.650 999.000   4.120 999.000
     154     LEU  56.006 999.000  43.609 999.000 176.783 999.000   7.136 999.000 117.984 999.000   4.083 999.000
     155     TYR  57.707 999.000  40.935 999.000 175.396 999.000   7.939 999.000 115.109 999.000   4.502 999.000
     156     GLY  44.563 999.000-999.000-999.000 174.235 999.000   8.227 999.000 107.308 999.000   4.084 999.000
     157     ASN  55.733 999.000  38.491 999.000 176.901 999.000   8.797 999.000 118.960 999.000   4.356 999.000
     158     ASN  55.218 999.000  38.159 999.000 176.691 999.000   8.428 999.000 117.083 999.000   4.536 999.000
     159     ALA  54.548 999.000  18.289 999.000 179.307 999.000   7.692 999.000 123.015 999.000   4.063 999.000
     160     ALA  54.429 999.000  18.004 999.000 179.633 999.000   7.886 999.000 120.249 999.000   4.134 999.000
     161     ALA  54.569 999.000  17.977 999.000 179.868 999.000   7.694 999.000 120.673 999.000   4.171 999.000
     162     GLU  59.012 999.000  29.033 999.000 179.274 999.000   7.962 999.000 117.994 999.000   4.119 999.000
     163     SER  61.009 999.000  63.025 999.000 176.745 999.000   7.976 999.000 115.335 999.000   4.284 999.000
     164     ARG  58.365 999.000  29.587 999.000 178.490 999.000   7.886 999.000 122.129 999.000   4.165 999.000
     165     LYS  58.362 999.000  31.776 999.000 178.986 999.000   8.012 999.000 119.078 999.000   4.158 999.000
     166     GLY  46.197 999.000-999.000-999.000 175.662 999.000   7.850 999.000 107.376 999.000   3.963 999.000
     167     GLN  57.349 999.000  28.746 999.000 177.433 999.000   7.812 999.000 120.462 999.000   4.227 999.000
     168     GLU  57.416 999.000  29.722 999.000 177.258 999.000   7.734 999.000 118.522 999.000   4.266 999.000
     169     ARG 999.000 999.000 999.000 999.000 999.000 999.000 999.000 999.000 999.000 999.000 999.000 999.000
