   index residue  pre_ca  exp_ca  pre_cb  exp_cb   pre_c   exp_c   pre_h   exp_h   pre_n   exp_n  pre_ha  exp_ha
       1     MET 999.000 999.000 999.000 999.000 999.000 999.000-999.000-999.000 999.000 999.000 999.000 999.000
       2     SER 999.000 999.000 999.000 999.000 999.000 999.000 999.000 999.000 999.000 999.000 999.000 999.000
       3     GLN  57.585 999.000  28.688 999.000 177.459 999.000   8.212 999.000 119.960 999.000   4.193 999.000
       4     SER  60.625 999.000  63.069 999.000 176.073 999.000   7.775 999.000 115.456 999.000   4.091 999.000
       5     ASN  55.707 999.000  38.251 999.000 176.687 999.000   8.145 999.000 120.698 999.000   4.507 999.000
       6     ARG  59.114 999.000  29.985 999.000 177.804 999.000   7.780 999.000 120.150 999.000   4.078 999.000
       7     GLU  59.006 999.000  29.209 999.000 178.836 999.000   7.726 999.000 118.857 999.000   4.006 999.000
       8     LEU  57.635 999.000  41.428 999.000 178.626 999.000   7.574 999.000 119.003 999.000   4.123 999.000
       9     VAL  66.157 999.000  31.296 999.000 177.610 999.000   7.318 999.000 119.153 999.000   2.957 999.000
      10     VAL  67.036 999.000  31.215 999.000 176.294 999.000   7.955 999.000 119.432 999.000   3.700 999.000
      11     ASP  57.591 999.000  41.275 999.000 177.434 999.000   7.860 999.000 120.056 999.000   4.394 999.000
      12     PHE  61.529 999.000  39.660 999.000 177.333 999.000   8.100 999.000 120.470 999.000   4.219 999.000
      13     LEU  58.304 999.000  41.170 999.000 178.617 999.000   8.702 999.000 118.553 999.000   4.098 999.000
      14     SER  62.339 999.000  62.561 999.000 176.493 999.000   8.517 999.000 115.112 999.000   4.358 999.000
      15     TYR  60.903 999.000  37.844 999.000 177.020 999.000   8.587 999.000 124.350 999.000   4.344 999.000
      16     LYS  58.525 999.000  31.388 999.000 179.141 999.000   8.125 999.000 118.368 999.000   3.790 999.000
      17     LEU  58.086 999.000  41.540 999.000 178.668 999.000   8.527 999.000 119.891 999.000   4.037 999.000
      18     SER  61.790 999.000  62.795 999.000 177.157 999.000   8.468 999.000 115.938 999.000   4.266 999.000
      19     GLN  57.838 999.000  28.545 999.000 177.518 999.000   8.034 999.000 120.500 999.000   4.046 999.000
      20     LYS  56.424 999.000  32.675 999.000 177.185 999.000   7.305 999.000 117.838 999.000   4.070 999.000
      21     GLY  45.537 999.000-999.000-999.000 174.046 999.000   7.520 999.000 107.684 999.000   3.986 999.000
      22     TYR  54.521 999.000  40.094 999.000 175.249 999.000   8.327 999.000 119.546 999.000   4.795 999.000
      23     SER  56.353 999.000  66.051 999.000 174.556 999.000   8.657 999.000 113.397 999.000   4.766 999.000
      24     TRP  59.778 999.000  29.711 999.000 176.441 999.000   8.480 999.000 120.979 999.000   4.230 999.000
      25     SER  58.680 999.000  64.450 999.000 173.744 999.000   7.958 999.000 111.017 999.000   4.406 999.000
      26     GLN  54.519 999.000  31.966 999.000 174.980 999.000   7.549 999.000 119.729 999.000   4.341 999.000
      27     PHE  58.157 999.000  37.878 999.000 175.642 999.000   8.342 999.000 120.628 999.000   4.039 999.000
      28     SER  57.098 999.000  64.991 999.000 174.229 999.000   7.406 999.000 113.685 999.000   4.759 999.000
      29     ASP  55.073 999.000  39.614 999.000 177.157 999.000   8.609 999.000 125.101 999.000   4.408 999.000
      30     VAL  63.542 999.000  31.890 999.000 176.651 999.000   7.819 999.000 117.678 999.000   3.972 999.000
      31     GLU  56.296 999.000  30.143 999.000 176.321 999.000   7.992 999.000 120.113 999.000   4.303 999.000
      32     GLU  56.772 999.000  30.328 999.000 176.601 999.000   8.042 999.000 119.654 999.000   4.254 999.000
      33     ASN  53.558 999.000  38.273 999.000 175.521 999.000   8.639 999.000 118.430 999.000   4.619 999.000
      34     ARG  55.927 999.000  30.623 999.000 176.346 999.000   8.007 999.000 120.122 999.000   4.331 999.000
      35     THR  61.609 999.000  70.090 999.000 174.978 999.000   8.212 999.000 115.215 999.000   4.351 999.000
      36     GLU  56.609 999.000  30.014 999.000 175.928 999.000   8.599 999.000 122.957 999.000   4.197 999.000
      37     ALA  50.909 999.000  18.231 999.000 175.627 999.000   8.272 999.000 125.059 999.000   4.414 999.000
      38     PRO  62.882 999.000  32.379 999.000 176.827 999.000-999.000-999.000 999.000 999.000   4.519 999.000
      39     GLU  56.758 999.000  30.011 999.000 176.945 999.000   8.559 999.000 121.602 999.000   4.198 999.000
      40     GLY  45.441 999.000-999.000-999.000 174.882 999.000   8.623 999.000 110.707 999.000   4.079 999.000
      41     THR  61.994 999.000  70.155 999.000 175.172 999.000   7.648 999.000 114.138 999.000   4.356 999.000
      42     GLU  58.880 999.000  29.362 999.000 177.526 999.000   9.018 999.000 123.043 999.000   4.064 999.000
      43     SER  60.662 999.000  63.245 999.000 175.821 999.000   8.409 999.000 114.053 999.000   4.399 999.000
      44     GLU  59.095 999.000  29.130 999.000 178.197 999.000   8.002 999.000 122.856 999.000   4.002 999.000
      45     ALA  54.996 999.000  18.340 999.000 179.424 999.000   7.621 999.000 120.696 999.000   3.871 999.000
      46     VAL  66.042 999.000  31.262 999.000 177.810 999.000   7.323 999.000 118.965 999.000   3.555 999.000
      47     LYS  60.251 999.000  31.992 999.000 178.806 999.000   8.085 999.000 119.613 999.000   3.895 999.000
      48     GLN  58.737 999.000  28.108 999.000 178.210 999.000   8.188 999.000 118.772 999.000   3.947 999.000
      49     ALA  54.981 999.000  18.141 999.000 179.615 999.000   7.826 999.000 122.164 999.000   4.089 999.000
      50     LEU  57.659 999.000  41.538 999.000 178.835 999.000   8.202 999.000 118.711 999.000   4.156 999.000
      51     ARG  59.560 999.000  29.693 999.000 178.652 999.000   8.012 999.000 119.453 999.000   3.926 999.000
      52     GLU  59.011 999.000  29.330 999.000 178.813 999.000   8.175 999.000 119.082 999.000   4.085 999.000
      53     ALA  54.610 999.000  18.199 999.000 179.632 999.000   8.120 999.000 121.686 999.000   4.185 999.000
      54     GLY  47.102 999.000-999.000-999.000 175.501 999.000   8.451 999.000 106.797 999.000   4.199 999.000
      55     ASP  56.392 999.000  40.462 999.000 177.749 999.000   8.182 999.000 121.688 999.000   4.572 999.000
      56     GLU  58.389 999.000  29.754 999.000 177.994 999.000   7.775 999.000 119.841 999.000   4.173 999.000
      57     PHE  60.777 999.000  39.412 999.000 176.820 999.000   8.292 999.000 119.323 999.000   4.259 999.000
      58     GLU  56.866 999.000  29.827 999.000 177.572 999.000   7.789 999.000 116.822 999.000   4.136 999.000
      59     LEU  55.755 999.000  41.588 999.000 176.795 999.000   7.638 999.000 121.780 999.000   4.120 999.000
      60     ARG  57.111 999.000  28.519 999.000 175.617 999.000   8.832 999.000 123.438 999.000   3.870 999.000
      61     TYR  58.547 999.000  35.668 999.000 175.415 999.000   7.665 999.000 115.485 999.000   4.157 999.000
      62     ARG  57.479 999.000  30.516 999.000 176.678 999.000   7.519 999.000 119.356 999.000   4.161 999.000
      63     ARG  56.441 999.000  30.885 999.000 176.014 999.000   7.884 999.000 116.321 999.000   4.186 999.000
      64     ALA  51.867 999.000  18.719 999.000 176.866 999.000   7.615 999.000 122.155 999.000   4.218 999.000
      65     PHE  56.854 999.000  39.674 999.000 176.723 999.000   8.313 999.000 119.774 999.000   4.672 999.000
      66     SER  61.390 999.000  62.665 999.000 175.836 999.000   9.088 999.000 119.401 999.000   4.177 999.000
      67     ASP  56.119 999.000  39.953 999.000 176.920 999.000   8.422 999.000 121.057 999.000   4.434 999.000
      68     LEU  55.210 999.000  42.963 999.000 177.133 999.000   7.555 999.000 117.265 999.000   4.554 999.000
      69     THR  62.581 999.000  70.330 999.000 175.162 999.000   7.661 999.000 109.240 999.000   4.399 999.000
      70     SER  59.577 999.000  64.057 999.000 174.685 999.000   8.479 999.000 115.370 999.000   4.527 999.000
      71     GLN  55.083 999.000  27.946 999.000 175.794 999.000   8.111 999.000 121.659 999.000   4.426 999.000
      72     LEU  55.083 999.000  41.712 999.000 176.709 999.000   7.799 999.000 121.681 999.000   4.262 999.000
      73     HIS  55.734 999.000  30.379 999.000 175.369 999.000   8.550 999.000 122.471 999.000   4.654 999.000
      74     ILE  60.781 999.000  38.184 999.000 176.206 999.000   8.268 999.000 123.283 999.000   4.248 999.000
      75     THR  60.354 999.000  68.880 999.000 173.996 999.000   8.235 999.000 121.391 999.000   4.047 999.000
      76     PRO  63.430 999.000  32.302 999.000 177.018 999.000-999.000-999.000 999.000 999.000   4.330 999.000
      77     GLY  44.865 999.000-999.000-999.000 174.255 999.000   8.202 999.000 108.123 999.000   4.057 999.000
      78     THR  62.406 999.000  69.851 999.000 175.035 999.000   8.074 999.000 112.279 999.000   4.132 999.000
      79     ALA  52.661 999.000  19.435 999.000 177.317 999.000   8.062 999.000 123.661 999.000   4.148 999.000
      80     TYR  58.433 999.000  38.278 999.000 176.775 999.000   8.079 999.000 115.217 999.000   4.329 999.000
      81     GLN  58.061 999.000  28.178 999.000 177.362 999.000   7.903 999.000 119.928 999.000   3.973 999.000
      82     SER  60.557 999.000  63.163 999.000 175.781 999.000   7.815 999.000 115.024 999.000   4.247 999.000
      83     PHE  60.371 999.000  38.314 999.000 177.401 999.000   7.825 999.000 123.333 999.000   4.313 999.000
      84     GLU  59.845 999.000  29.376 999.000 178.228 999.000   7.496 999.000 120.326 999.000   3.477 999.000
      85     GLN  57.555 999.000  28.051 999.000 177.481 999.000   7.567 999.000 116.180 999.000   3.971 999.000
      86     VAL  65.468 999.000  32.043 999.000 177.023 999.000   7.176 999.000 119.675 999.000   3.680 999.000
      87     VAL  62.773 999.000  32.001 999.000 176.898 999.000   7.430 999.000 113.791 999.000   3.758 999.000
      88     ASN  55.678 999.000  38.216 999.000 175.852 999.000   7.896 999.000 118.746 999.000   3.816 999.000
      89     GLU  56.545 999.000  30.987 999.000 176.815 999.000   7.653 999.000 115.963 999.000   4.298 999.000
      90     LEU  57.299 999.000  41.850 999.000 176.972 999.000   7.420 999.000 119.798 999.000   3.698 999.000
      91     PHE  57.671 999.000  39.240 999.000 176.216 999.000   7.503 999.000 113.087 999.000   4.527 999.000
      92     ARG  58.313 999.000  29.950 999.000 176.883 999.000   7.583 999.000 119.855 999.000   3.373 999.000
      93     ASP  54.057 999.000  40.946 999.000 176.147 999.000   7.684 999.000 116.034 999.000   4.508 999.000
      94     GLY  45.260 999.000-999.000-999.000 173.179 999.000   7.267 999.000 108.259 999.000   3.959 999.000
      95     VAL  61.025 999.000  30.091 999.000 175.666 999.000   7.919 999.000 116.726 999.000   4.310 999.000
      96     ASN  53.341 999.000  39.440 999.000 175.885 999.000   7.723 999.000 120.227 999.000   4.457 999.000
      97     TRP  59.659 999.000  28.970 999.000 177.209 999.000   8.512 999.000 124.194 999.000   4.259 999.000
      98     GLY  47.701 999.000-999.000-999.000 175.382 999.000   7.612 999.000 108.004 999.000   3.648 999.000
      99     ARG  59.167 999.000  30.062 999.000 178.061 999.000   7.849 999.000 120.581 999.000   4.053 999.000
     100     ILE  64.924 999.000  37.433 999.000 177.434 999.000   7.471 999.000 119.863 999.000   3.683 999.000
     101     VAL  66.896 999.000  31.162 999.000 176.790 999.000   8.459 999.000 118.877 999.000   3.094 999.000
     102     ALA  55.433 999.000  18.037 999.000 178.207 999.000   8.121 999.000 122.410 999.000   3.868 999.000
     103     PHE  60.503 999.000  39.077 999.000 176.870 999.000   7.919 999.000 119.337 999.000   4.429 999.000
     104     PHE  58.476 999.000  37.726 999.000 177.767 999.000   8.896 999.000 118.218 999.000   4.259 999.000
     105     SER  61.788 999.000  62.689 999.000 176.297 999.000   8.557 999.000 115.992 999.000   4.487 999.000
     106     PHE  60.514 999.000  38.848 999.000 176.835 999.000   8.613 999.000 122.978 999.000   4.369 999.000
     107     GLY  47.613 999.000-999.000-999.000 176.217 999.000   8.428 999.000 106.542 999.000   3.687 999.000
     108     GLY  47.286 999.000-999.000-999.000 175.453 999.000   8.635 999.000 109.814 999.000   3.971 999.000
     109     ALA  54.817 999.000  18.371 999.000 178.943 999.000   8.149 999.000 124.666 999.000   4.127 999.000
     110     LEU  58.080 999.000  41.557 999.000 178.288 999.000   8.309 999.000 119.371 999.000   3.937 999.000
     111     CYS 999.000 999.000 999.000 999.000 999.000 999.000 999.000 999.000 999.000 999.000   4.095 999.000
     112     VAL  64.912 999.000  32.001 999.000 177.189 999.000   8.019 999.000 119.057 999.000   3.866 999.000
     113     GLU  56.963 999.000  29.155 999.000 177.054 999.000   8.340 999.000 117.299 999.000   4.274 999.000
     114     SER  58.371 999.000  63.508 999.000 174.610 999.000   7.566 999.000 115.224 999.000   4.509 999.000
     115     VAL  63.396 999.000  32.306 999.000 175.697 999.000   8.132 999.000 119.810 999.000   3.968 999.000
     116     ASP  54.305 999.000  40.405 999.000 176.483 999.000   8.294 999.000 118.132 999.000   4.625 999.000
     117     LYS  55.859 999.000  33.130 999.000 176.265 999.000   7.586 999.000 120.776 999.000   4.358 999.000
     118     GLU  56.099 999.000  29.802 999.000 176.701 999.000   8.700 999.000 121.240 999.000   4.295 999.000
     119     MET  57.634 999.000  31.230 999.000 177.768 999.000   8.766 999.000 124.210 999.000   4.070 999.000
     120     GLN  57.857 999.000  28.435 999.000 176.853 999.000   8.232 999.000 117.779 999.000   4.156 999.000
     121     VAL  61.993 999.000  33.710 999.000 176.941 999.000   7.527 999.000 113.731 999.000   4.333 999.000
     122     LEU  58.586 999.000  41.628 999.000 177.853 999.000   7.994 999.000 122.014 999.000   3.935 999.000
     123     VAL  66.295 999.000  31.314 999.000 178.048 999.000   7.852 999.000 117.724 999.000   3.365 999.000
     124     SER  61.772 999.000  62.894 999.000 176.607 999.000   7.749 999.000 116.206 999.000   4.324 999.000
     125     ARG  58.985 999.000  29.985 999.000 178.491 999.000   7.970 999.000 122.449 999.000   4.009 999.000
     126     ILE  65.007 999.000  37.497 999.000 177.505 999.000   8.428 999.000 120.567 999.000   3.771 999.000
     127     ALA  55.488 999.000  18.105 999.000 179.249 999.000   8.568 999.000 121.177 999.000   3.968 999.000
     128     ALA  55.341 999.000  18.163 999.000 178.905 999.000   7.822 999.000 121.206 999.000   4.006 999.000
     129     TRP  60.353 999.000  29.746 999.000 178.699 999.000   8.304 999.000 119.296 999.000   4.240 999.000
     130     MET  59.806 999.000  32.786 999.000 177.600 999.000   8.869 999.000 117.932 999.000   4.361 999.000
     131     ALA  55.286 999.000  18.240 999.000 178.538 999.000   8.428 999.000 121.512 999.000   4.138 999.000
     132     THR  66.587 999.000  68.007 999.000 176.207 999.000   8.190 999.000 115.227 999.000   3.935 999.000
     133     TYR  59.465 999.000  38.120 999.000 177.773 999.000   8.268 999.000 120.069 999.000   4.670 999.000
     134     LEU  58.077 999.000  41.376 999.000 177.638 999.000   8.917 999.000 119.633 999.000   4.120 999.000
     135     ASN  56.311 999.000  38.989 999.000 176.947 999.000   8.144 999.000 116.382 999.000   4.441 999.000
     136     ASP  55.678 999.000  41.066 999.000 176.831 999.000   7.641 999.000 118.069 999.000   4.527 999.000
     137     HIS  56.363 999.000  31.461 999.000 174.867 999.000   8.069 999.000 113.750 999.000   4.741 999.000
     138     LEU  56.271 999.000  43.820 999.000 176.879 999.000   8.177 999.000 120.005 999.000   4.506 999.000
     139     GLU  61.687 999.000  27.916 999.000 176.288 999.000   8.612 999.000 118.420 999.000   4.015 999.000
     140     PRO  65.379 999.000  31.374 999.000 178.171 999.000-999.000-999.000 999.000 999.000   4.187 999.000
     141     TRP  58.366 999.000  30.055 999.000 178.411 999.000   7.109 999.000 116.772 999.000   4.625 999.000
     142     ILE  64.576 999.000  37.105 999.000 177.355 999.000   8.228 999.000 120.018 999.000   3.767 999.000
     143     GLN  59.052 999.000  27.750 999.000 178.736 999.000   8.383 999.000 119.010 999.000   4.110 999.000
     144     GLU  58.428 999.000  29.520 999.000 177.892 999.000   7.825 999.000 118.832 999.000   4.106 999.000
     145     ASN  54.511 999.000  39.795 999.000 175.622 999.000   7.867 999.000 115.220 999.000   4.530 999.000
     146     GLY  45.510 999.000-999.000-999.000 174.004 999.000   7.759 999.000 106.338 999.000   4.113 999.000
     147     GLY  44.961 999.000-999.000-999.000 173.567 999.000   8.327 999.000 107.834 999.000   4.119 999.000
     148     TRP  60.368 999.000  29.561 999.000 177.711 999.000   8.980 999.000 123.681 999.000   4.584 999.000
     149     ASP  57.261 999.000  39.748 999.000 177.820 999.000   8.284 999.000 119.291 999.000   4.260 999.000
     150     THR  65.426 999.000  68.337 999.000 176.214 999.000   7.679 999.000 114.624 999.000   3.922 999.000
     151     PHE  60.035 999.000  39.389 999.000 177.603 999.000   7.705 999.000 120.285 999.000   4.325 999.000
     152     VAL  65.795 999.000  31.183 999.000 177.702 999.000   7.601 999.000 118.636 999.000   3.493 999.000
     153     GLU  59.055 999.000  29.028 999.000 178.456 999.000   7.658 999.000 120.305 999.000   3.832 999.000
     154     LEU  57.199 999.000  41.707 999.000 177.782 999.000   7.206 999.000 119.450 999.000   3.784 999.000
     155     TYR  58.324 999.000  39.126 999.000 177.028 999.000   7.636 999.000 116.871 999.000   4.479 999.000
     156     GLY  45.235 999.000-999.000-999.000 174.413 999.000   7.940 999.000 106.423 999.000   3.837 999.000
     157     ASN  52.888 999.000  39.091 999.000 175.626 999.000   8.024 999.000 117.739 999.000   4.593 999.000
     158     ASN  54.871 999.000  38.637 999.000 176.364 999.000   8.296 999.000 120.378 999.000   4.431 999.000
     159     ALA  54.769 999.000  18.468 999.000 179.152 999.000   8.218 999.000 122.168 999.000   4.107 999.000
     160     ALA  54.038 999.000  18.134 999.000 179.610 999.000   7.579 999.000 120.329 999.000   4.220 999.000
     161     ALA  54.147 999.000  18.180 999.000 179.740 999.000   7.589 999.000 120.357 999.000   4.179 999.000
     162     GLU  58.674 999.000  29.208 999.000 178.903 999.000   7.955 999.000 117.849 999.000   4.114 999.000
     163     SER  60.887 999.000  63.179 999.000 176.151 999.000   7.803 999.000 114.792 999.000   4.269 999.000
     164     ARG  57.402 999.000  29.923 999.000 177.673 999.000   7.585 999.000 121.640 999.000   4.265 999.000
     165     LYS  56.997 999.000  32.359 999.000 177.889 999.000   7.678 999.000 119.173 999.000   4.246 999.000
     166     GLY  45.252 999.000-999.000-999.000 174.305 999.000   7.876 999.000 107.024 999.000   3.954 999.000
     167     GLN  56.153 999.000  29.382 999.000 176.225 999.000   7.987 999.000 119.363 999.000   4.304 999.000
     168     GLU  56.865 999.000  29.738 999.000 176.387 999.000   8.175 999.000 119.223 999.000   4.280 999.000
     169     ARG 999.000 999.000 999.000 999.000 999.000 999.000 999.000 999.000 999.000 999.000 999.000 999.000
     630     GLU 999.000 999.000 999.000 999.000 999.000 999.000-999.000-999.000 999.000 999.000 999.000 999.000
     631     GLU 999.000 999.000 999.000 999.000 999.000 999.000 999.000 999.000 999.000 999.000 999.000 999.000
     632     GLN  57.130 999.000  28.060 999.000 177.314 999.000   8.117 999.000 118.902 999.000   4.145 999.000
     633     TRP  60.086 999.000  28.994 999.000 177.790 999.000   7.908 999.000 121.093 999.000   4.290 999.000
     634     ALA  54.961 999.000  18.148 999.000 179.141 999.000   7.856 999.000 121.001 999.000   3.780 999.000
     635     ARG  59.339 999.000  29.731 999.000 178.538 999.000   8.025 999.000 118.106 999.000   3.951 999.000
     636     GLU  59.015 999.000  29.376 999.000 179.031 999.000   7.682 999.000 119.482 999.000   4.078 999.000
     637     ILE  64.002 999.000  36.835 999.000 178.020 999.000   7.858 999.000 119.565 999.000   3.607 999.000
     638     GLY  47.607 999.000-999.000-999.000 176.034 999.000   8.377 999.000 107.713 999.000   3.758 999.000
     639     ALA  54.875 999.000  18.170 999.000 178.955 999.000   8.001 999.000 124.286 999.000   4.042 999.000
     640     GLN  58.855 999.000  28.272 999.000 178.420 999.000   7.903 999.000 118.397 999.000   3.906 999.000
     641     LEU  58.179 999.000  41.328 999.000 178.694 999.000   8.575 999.000 120.461 999.000   3.958 999.000
     642     ARG  59.441 999.000  29.909 999.000 178.596 999.000   8.026 999.000 118.697 999.000   3.898 999.000
     643     ARG  58.223 999.000  29.943 999.000 178.192 999.000   7.792 999.000 118.723 999.000   4.153 999.000
     644     MET  58.209 999.000  32.892 999.000 176.865 999.000   8.319 999.000 118.948 999.000   3.994 999.000
     645     ALA  52.392 999.000  19.125 999.000 176.618 999.000   7.555 999.000 119.449 999.000   4.316 999.000
     646     ASP  53.895 999.000  41.516 999.000 175.964 999.000   7.481 999.000 117.622 999.000   4.490 999.000
     647     ASP  54.383 999.000  40.911 999.000 176.678 999.000   8.403 999.000 122.312 999.000   4.448 999.000
     648     LEU  56.016 999.000  41.950 999.000 177.174 999.000   7.754 999.000 119.939 999.000   4.083 999.000
     649     ASN  53.544 999.000  38.648 999.000 175.469 999.000   8.128 999.000 116.469 999.000   4.550 999.000
     650     ALA  52.476 999.000  19.356 999.000 177.295 999.000   7.810 999.000 121.661 999.000   4.252 999.000
     651     GLN  56.055 999.000  29.195 999.000 175.940 999.000   7.959 999.000 117.961 999.000   4.133 999.000
     652     TYR  58.407 999.000  38.540 999.000 175.429 999.000   8.325 999.000 118.844 999.000   4.481 999.000
     653     GLU  56.992 999.000  30.329 999.000 176.447 999.000   8.208 999.000 119.676 999.000   4.264 999.000
     654     ARG 999.000 999.000 999.000 999.000 999.000 999.000 999.000 999.000 999.000 999.000 999.000 999.000
