   index residue  pre_ca  exp_ca  pre_cb  exp_cb   pre_c   exp_c   pre_h   exp_h   pre_n   exp_n  pre_ha  exp_ha
       1     MET 999.000 999.000 999.000 999.000 999.000 999.000-999.000-999.000 999.000 999.000 999.000 999.000
       2     SER 999.000 999.000 999.000 999.000 999.000 999.000 999.000 999.000 999.000 999.000 999.000 999.000
       3     GLN  57.302 999.000  28.937 999.000 177.153 999.000   8.159 999.000 119.613 999.000   4.232 999.000
       4     SER  60.468 999.000  63.178 999.000 175.996 999.000   7.815 999.000 115.269 999.000   4.116 999.000
       5     ASN  55.703 999.000  38.022 999.000 176.605 999.000   8.110 999.000 120.699 999.000   4.480 999.000
       6     ARG  58.913 999.000  30.040 999.000 177.700 999.000   7.732 999.000 120.010 999.000   4.097 999.000
       7     GLU  58.959 999.000  29.246 999.000 178.818 999.000   7.654 999.000 118.887 999.000   4.005 999.000
       8     LEU  57.690 999.000  41.417 999.000 178.622 999.000   7.601 999.000 118.865 999.000   4.101 999.000
       9     VAL  66.113 999.000  31.295 999.000 177.569 999.000   7.267 999.000 119.073 999.000   2.957 999.000
      10     VAL  66.970 999.000  31.197 999.000 176.313 999.000   7.825 999.000 119.477 999.000   3.691 999.000
      11     ASP  57.535 999.000  41.288 999.000 177.459 999.000   7.882 999.000 119.985 999.000   4.383 999.000
      12     PHE  61.525 999.000  39.689 999.000 177.306 999.000   8.043 999.000 120.531 999.000   4.217 999.000
      13     LEU  58.315 999.000  41.136 999.000 178.612 999.000   8.729 999.000 118.589 999.000   4.103 999.000
      14     SER  62.313 999.000  62.575 999.000 176.508 999.000   8.529 999.000 115.124 999.000   4.355 999.000
      15     TYR  60.874 999.000  37.856 999.000 177.014 999.000   8.585 999.000 124.392 999.000   4.346 999.000
      16     LYS  58.514 999.000  31.389 999.000 179.132 999.000   8.144 999.000 118.393 999.000   3.794 999.000
      17     LEU  58.093 999.000  41.539 999.000 178.716 999.000   8.534 999.000 119.897 999.000   4.039 999.000
      18     SER  61.822 999.000  62.796 999.000 177.153 999.000   8.457 999.000 115.928 999.000   4.266 999.000
      19     GLN  57.832 999.000  28.564 999.000 177.528 999.000   8.031 999.000 120.474 999.000   4.045 999.000
      20     LYS  56.424 999.000  32.663 999.000 177.164 999.000   7.315 999.000 117.798 999.000   4.063 999.000
      21     GLY  45.546 999.000-999.000-999.000 174.033 999.000   7.493 999.000 107.660 999.000   3.974 999.000
      22     TYR  54.530 999.000  40.096 999.000 175.236 999.000   8.309 999.000 119.505 999.000   4.786 999.000
      23     SER  56.344 999.000  66.072 999.000 174.538 999.000   8.661 999.000 113.245 999.000   4.771 999.000
      24     TRP  59.760 999.000  29.694 999.000 176.482 999.000   8.430 999.000 120.953 999.000   4.231 999.000
      25     SER  58.681 999.000  64.456 999.000 173.774 999.000   7.933 999.000 111.111 999.000   4.393 999.000
      26     GLN  54.533 999.000  32.001 999.000 175.013 999.000   7.542 999.000 119.707 999.000   4.355 999.000
      27     PHE  58.261 999.000  37.952 999.000 175.660 999.000   8.371 999.000 120.797 999.000   4.088 999.000
      28     SER  57.078 999.000  65.000 999.000 174.203 999.000   7.422 999.000 113.719 999.000   4.749 999.000
      29     ASP  55.200 999.000  39.654 999.000 177.255 999.000   8.688 999.000 125.096 999.000   4.401 999.000
      30     VAL  63.543 999.000  31.738 999.000 176.735 999.000   7.881 999.000 117.366 999.000   3.977 999.000
      31     GLU  56.456 999.000  29.675 999.000 176.570 999.000   8.025 999.000 120.182 999.000   4.268 999.000
      32     GLU  57.085 999.000  30.022 999.000 176.786 999.000   7.922 999.000 119.706 999.000   4.195 999.000
      33     ASN  53.466 999.000  38.332 999.000 175.352 999.000   8.585 999.000 117.220 999.000   4.617 999.000
      34     ARG  55.937 999.000  30.610 999.000 176.416 999.000   8.018 999.000 119.824 999.000   4.321 999.000
      35     THR  61.658 999.000  70.056 999.000 174.954 999.000   8.211 999.000 115.457 999.000   4.348 999.000
      36     GLU  56.550 999.000  30.052 999.000 175.925 999.000   8.607 999.000 122.959 999.000   4.210 999.000
      37     ALA  50.943 999.000  18.167 999.000 175.653 999.000   8.269 999.000 124.825 999.000   4.411 999.000
      38     PRO  62.869 999.000  32.386 999.000 176.908 999.000-999.000-999.000 999.000 999.000   4.524 999.000
      39     GLU  56.874 999.000  29.954 999.000 176.958 999.000   8.594 999.000 121.739 999.000   4.188 999.000
      40     GLY  45.568 999.000-999.000-999.000 174.950 999.000   8.648 999.000 111.050 999.000   4.074 999.000
      41     THR  61.930 999.000  70.119 999.000 175.095 999.000   7.495 999.000 114.898 999.000   4.349 999.000
      42     GLU  59.051 999.000  29.296 999.000 177.646 999.000   9.093 999.000 124.996 999.000   4.034 999.000
      43     SER  60.897 999.000  63.134 999.000 175.884 999.000   8.455 999.000 114.218 999.000   4.372 999.000
      44     GLU  58.900 999.000  29.178 999.000 178.152 999.000   7.992 999.000 122.741 999.000   4.035 999.000
      45     ALA  55.001 999.000  18.309 999.000 179.438 999.000   7.554 999.000 120.911 999.000   3.860 999.000
      46     VAL  66.114 999.000  31.244 999.000 177.843 999.000   7.335 999.000 118.846 999.000   3.541 999.000
      47     LYS  60.207 999.000  31.991 999.000 178.824 999.000   7.976 999.000 119.577 999.000   3.895 999.000
      48     GLN  58.722 999.000  28.116 999.000 178.227 999.000   8.198 999.000 118.762 999.000   3.950 999.000
      49     ALA  54.972 999.000  18.138 999.000 179.613 999.000   7.850 999.000 122.157 999.000   4.099 999.000
      50     LEU  57.626 999.000  41.528 999.000 178.887 999.000   8.164 999.000 118.611 999.000   4.159 999.000
      51     ARG  59.585 999.000  29.712 999.000 178.635 999.000   7.967 999.000 119.379 999.000   3.900 999.000
      52     GLU  59.013 999.000  29.322 999.000 178.835 999.000   8.124 999.000 119.110 999.000   4.084 999.000
      53     ALA  54.672 999.000  18.188 999.000 179.635 999.000   8.134 999.000 121.686 999.000   4.158 999.000
      54     GLY  47.107 999.000-999.000-999.000 175.517 999.000   8.441 999.000 106.740 999.000   4.193 999.000
      55     ASP  56.380 999.000  40.507 999.000 177.743 999.000   8.150 999.000 121.765 999.000   4.571 999.000
      56     GLU  58.431 999.000  29.775 999.000 178.074 999.000   7.795 999.000 119.918 999.000   4.172 999.000
      57     PHE  60.870 999.000  39.429 999.000 176.794 999.000   8.383 999.000 119.582 999.000   4.238 999.000
      58     GLU  56.901 999.000  29.841 999.000 177.711 999.000   7.764 999.000 116.221 999.000   4.142 999.000
      59     LEU  56.140 999.000  41.491 999.000 176.527 999.000   7.559 999.000 122.246 999.000   4.053 999.000
      60     ARG  57.424 999.000  27.891 999.000 175.479 999.000   8.904 999.000 122.952 999.000   3.820 999.000
      61     TYR  58.538 999.000  35.436 999.000 175.515 999.000   7.519 999.000 115.198 999.000   4.133 999.000
      62     ARG  57.966 999.000  30.195 999.000 176.959 999.000   7.557 999.000 119.345 999.000   4.080 999.000
      63     ARG  56.376 999.000  30.909 999.000 176.107 999.000   7.736 999.000 116.048 999.000   4.180 999.000
      64     ALA  51.940 999.000  18.475 999.000 176.744 999.000   7.503 999.000 122.558 999.000   4.229 999.000
      65     PHE  56.877 999.000  40.111 999.000 176.705 999.000   8.340 999.000 120.166 999.000   4.683 999.000
      66     SER  61.360 999.000  62.675 999.000 175.838 999.000   9.151 999.000 119.339 999.000   4.159 999.000
      67     ASP  56.130 999.000  39.953 999.000 177.011 999.000   8.390 999.000 121.004 999.000   4.436 999.000
      68     LEU  55.316 999.000  42.878 999.000 177.240 999.000   7.554 999.000 117.379 999.000   4.516 999.000
      69     THR  62.633 999.000  70.261 999.000 175.248 999.000   7.653 999.000 109.141 999.000   4.367 999.000
      70     SER  59.523 999.000  64.119 999.000 174.689 999.000   8.391 999.000 115.721 999.000   4.518 999.000
      71     GLN  55.137 999.000  28.104 999.000 175.761 999.000   8.088 999.000 121.433 999.000   4.396 999.000
      72     LEU  55.024 999.000  41.592 999.000 176.583 999.000   7.845 999.000 122.260 999.000   4.235 999.000
      73     HIS  55.625 999.000  30.352 999.000 175.179 999.000   8.488 999.000 123.121 999.000   4.645 999.000
      74     ILE  60.564 999.000  38.371 999.000 176.208 999.000   8.222 999.000 123.577 999.000   4.267 999.000
      75     THR  60.558 999.000  68.838 999.000 174.131 999.000   8.288 999.000 121.327 999.000   4.116 999.000
      76     PRO  63.461 999.000  32.320 999.000 176.980 999.000-999.000-999.000 999.000 999.000   4.319 999.000
      77     GLY  44.830 999.000-999.000-999.000 174.404 999.000   8.231 999.000 108.545 999.000   4.077 999.000
      78     THR  62.411 999.000  69.812 999.000 175.107 999.000   8.039 999.000 113.005 999.000   4.129 999.000
      79     ALA  53.185 999.000  19.246 999.000 177.660 999.000   8.193 999.000 123.809 999.000   4.055 999.000
      80     TYR  58.648 999.000  38.247 999.000 177.228 999.000   7.929 999.000 114.899 999.000   4.277 999.000
      81     GLN  57.880 999.000  28.152 999.000 177.415 999.000   7.876 999.000 119.601 999.000   3.999 999.000
      82     SER  60.807 999.000  63.075 999.000 175.895 999.000   7.654 999.000 115.608 999.000   4.210 999.000
      83     PHE  60.323 999.000  38.207 999.000 177.469 999.000   7.823 999.000 122.984 999.000   4.340 999.000
      84     GLU  59.849 999.000  29.358 999.000 178.288 999.000   7.522 999.000 120.060 999.000   3.495 999.000
      85     GLN  57.738 999.000  28.188 999.000 177.579 999.000   7.491 999.000 116.427 999.000   3.984 999.000
      86     VAL  65.463 999.000  32.000 999.000 177.126 999.000   7.289 999.000 119.553 999.000   3.711 999.000
      87     VAL  63.035 999.000  31.871 999.000 176.888 999.000   7.638 999.000 114.220 999.000   3.753 999.000
      88     ASN  55.683 999.000  38.240 999.000 175.924 999.000   7.846 999.000 118.787 999.000   3.906 999.000
      89     GLU  56.712 999.000  30.877 999.000 176.927 999.000   7.623 999.000 116.159 999.000   4.286 999.000
      90     LEU  57.332 999.000  41.791 999.000 177.163 999.000   7.398 999.000 119.723 999.000   3.749 999.000
      91     PHE  57.943 999.000  39.038 999.000 176.312 999.000   7.435 999.000 113.326 999.000   4.469 999.000
      92     ARG  58.238 999.000  29.939 999.000 176.911 999.000   7.529 999.000 119.774 999.000   3.391 999.000
      93     ASP  54.133 999.000  41.050 999.000 176.124 999.000   7.595 999.000 116.196 999.000   4.518 999.000
      94     GLY  45.232 999.000-999.000-999.000 173.169 999.000   7.236 999.000 108.184 999.000   3.977 999.000
      95     VAL  60.794 999.000  30.340 999.000 175.731 999.000   7.811 999.000 116.386 999.000   4.384 999.000
      96     ASN  53.569 999.000  39.535 999.000 175.791 999.000   7.618 999.000 119.970 999.000   4.469 999.000
      97     TRP  59.671 999.000  28.923 999.000 177.147 999.000   8.535 999.000 122.973 999.000   4.251 999.000
      98     GLY  47.667 999.000-999.000-999.000 175.361 999.000   7.576 999.000 108.008 999.000   3.629 999.000
      99     ARG  59.092 999.000  30.024 999.000 178.028 999.000   7.863 999.000 120.615 999.000   4.066 999.000
     100     ILE  64.827 999.000  37.388 999.000 177.447 999.000   7.424 999.000 119.801 999.000   3.683 999.000
     101     VAL  66.941 999.000  31.192 999.000 176.781 999.000   8.469 999.000 119.127 999.000   3.111 999.000
     102     ALA  55.429 999.000  18.034 999.000 178.231 999.000   8.114 999.000 122.342 999.000   3.914 999.000
     103     PHE  60.610 999.000  39.103 999.000 176.890 999.000   7.888 999.000 119.280 999.000   4.420 999.000
     104     PHE  58.445 999.000  37.705 999.000 177.789 999.000   8.864 999.000 118.166 999.000   4.276 999.000
     105     SER  61.753 999.000  62.701 999.000 176.293 999.000   8.583 999.000 115.961 999.000   4.489 999.000
     106     PHE  60.501 999.000  38.857 999.000 176.839 999.000   8.587 999.000 122.950 999.000   4.355 999.000
     107     GLY  47.619 999.000-999.000-999.000 176.196 999.000   8.414 999.000 106.533 999.000   3.696 999.000
     108     GLY  47.278 999.000-999.000-999.000 175.470 999.000   8.650 999.000 109.856 999.000   3.980 999.000
     109     ALA  54.778 999.000  18.405 999.000 178.898 999.000   8.142 999.000 124.577 999.000   4.136 999.000
     110     LEU  58.131 999.000  41.534 999.000 178.088 999.000   8.318 999.000 119.451 999.000   3.942 999.000
     111     CYS 999.000 999.000 999.000 999.000 999.000 999.000 999.000 999.000 999.000 999.000   4.078 999.000
     112     VAL  64.786 999.000  32.082 999.000 177.106 999.000   7.904 999.000 118.788 999.000   3.894 999.000
     113     GLU  57.319 999.000  29.349 999.000 177.277 999.000   8.310 999.000 117.456 999.000   4.238 999.000
     114     SER  58.261 999.000  63.160 999.000 174.918 999.000   7.668 999.000 115.105 999.000   4.529 999.000
     115     VAL  63.700 999.000  31.618 999.000 175.963 999.000   7.891 999.000 119.426 999.000   3.917 999.000
     116     ASP  54.526 999.000  40.267 999.000 176.601 999.000   8.198 999.000 118.843 999.000   4.580 999.000
     117     LYS  55.836 999.000  33.082 999.000 176.328 999.000   7.545 999.000 120.631 999.000   4.358 999.000
     118     GLU  56.011 999.000  29.872 999.000 176.712 999.000   8.672 999.000 120.960 999.000   4.311 999.000
     119     MET  57.716 999.000  31.250 999.000 177.759 999.000   8.760 999.000 123.908 999.000   4.068 999.000
     120     GLN  57.818 999.000  28.503 999.000 176.841 999.000   8.232 999.000 117.745 999.000   4.167 999.000
     121     VAL  62.052 999.000  33.733 999.000 176.924 999.000   7.579 999.000 113.889 999.000   4.329 999.000
     122     LEU  58.552 999.000  41.615 999.000 177.857 999.000   8.054 999.000 121.976 999.000   3.952 999.000
     123     VAL  66.278 999.000  31.306 999.000 178.065 999.000   7.912 999.000 117.709 999.000   3.402 999.000
     124     SER  61.751 999.000  62.898 999.000 176.573 999.000   7.775 999.000 116.158 999.000   4.330 999.000
     125     ARG  58.924 999.000  30.009 999.000 178.507 999.000   7.939 999.000 122.393 999.000   4.041 999.000
     126     ILE  65.008 999.000  37.514 999.000 177.471 999.000   8.470 999.000 120.566 999.000   3.841 999.000
     127     ALA  55.468 999.000  18.106 999.000 179.258 999.000   8.525 999.000 121.120 999.000   3.980 999.000
     128     ALA  55.325 999.000  18.160 999.000 178.937 999.000   7.855 999.000 121.148 999.000   4.007 999.000
     129     TRP  60.489 999.000  29.740 999.000 178.668 999.000   8.281 999.000 119.232 999.000   4.211 999.000
     130     MET  59.829 999.000  32.785 999.000 177.629 999.000   8.875 999.000 117.953 999.000   4.317 999.000
     131     ALA  55.305 999.000  18.230 999.000 178.526 999.000   8.418 999.000 121.486 999.000   4.136 999.000
     132     THR  66.657 999.000  67.984 999.000 176.154 999.000   8.102 999.000 115.633 999.000   3.928 999.000
     133     TYR  59.542 999.000  38.106 999.000 177.763 999.000   8.309 999.000 120.175 999.000   4.647 999.000
     134     LEU  58.189 999.000  41.410 999.000 177.647 999.000   8.933 999.000 119.790 999.000   4.090 999.000
     135     ASN  56.290 999.000  38.942 999.000 177.007 999.000   8.122 999.000 116.285 999.000   4.425 999.000
     136     ASP  55.746 999.000  41.051 999.000 176.857 999.000   7.696 999.000 118.082 999.000   4.517 999.000
     137     HIS  56.493 999.000  31.464 999.000 174.990 999.000   8.069 999.000 113.779 999.000   4.713 999.000
     138     LEU  56.278 999.000  43.659 999.000 176.934 999.000   8.153 999.000 119.715 999.000   4.503 999.000
     139     GLU  61.678 999.000  27.936 999.000 176.258 999.000   8.619 999.000 118.680 999.000   4.019 999.000
     140     PRO  65.398 999.000  31.372 999.000 178.189 999.000-999.000-999.000 999.000 999.000   4.180 999.000
     141     TRP  58.443 999.000  30.029 999.000 178.410 999.000   7.135 999.000 116.674 999.000   4.617 999.000
     142     ILE  64.446 999.000  37.067 999.000 177.388 999.000   8.204 999.000 119.988 999.000   3.806 999.000
     143     GLN  59.058 999.000  27.727 999.000 178.711 999.000   8.435 999.000 119.005 999.000   4.112 999.000
     144     GLU  58.403 999.000  29.521 999.000 177.849 999.000   7.807 999.000 118.810 999.000   4.105 999.000
     145     ASN  54.459 999.000  39.787 999.000 175.595 999.000   7.835 999.000 115.144 999.000   4.545 999.000
     146     GLY  45.483 999.000-999.000-999.000 174.084 999.000   7.773 999.000 106.440 999.000   4.112 999.000
     147     GLY  45.169 999.000-999.000-999.000 173.637 999.000   8.344 999.000 107.991 999.000   4.092 999.000
     148     TRP  60.355 999.000  29.563 999.000 177.707 999.000   8.953 999.000 123.940 999.000   4.615 999.000
     149     ASP  57.306 999.000  39.706 999.000 177.849 999.000   8.281 999.000 119.186 999.000   4.248 999.000
     150     THR  65.423 999.000  68.328 999.000 176.300 999.000   7.636 999.000 114.390 999.000   3.915 999.000
     151     PHE  60.077 999.000  39.311 999.000 177.668 999.000   7.724 999.000 120.147 999.000   4.312 999.000
     152     VAL  65.802 999.000  31.214 999.000 177.814 999.000   7.557 999.000 118.729 999.000   3.507 999.000
     153     GLU  58.954 999.000  29.097 999.000 178.419 999.000   7.704 999.000 120.114 999.000   3.845 999.000
     154     LEU  57.164 999.000  41.699 999.000 177.834 999.000   7.264 999.000 119.333 999.000   3.831 999.000
     155     TYR  58.309 999.000  39.014 999.000 176.915 999.000   7.545 999.000 116.839 999.000   4.481 999.000
     156     GLY  45.079 999.000-999.000-999.000 174.438 999.000   7.866 999.000 106.475 999.000   3.862 999.000
     157     ASN  52.957 999.000  38.952 999.000 175.670 999.000   8.041 999.000 117.890 999.000   4.572 999.000
     158     ASN  55.733 999.000  38.472 999.000 176.523 999.000   8.426 999.000 121.555 999.000   4.354 999.000
     159     ALA  54.691 999.000  18.394 999.000 179.209 999.000   8.033 999.000 122.135 999.000   4.145 999.000
     160     ALA  54.175 999.000  18.132 999.000 179.716 999.000   7.514 999.000 120.597 999.000   4.214 999.000
     161     ALA  54.382 999.000  18.093 999.000 179.930 999.000   7.678 999.000 120.443 999.000   4.143 999.000
     162     GLU  58.744 999.000  29.181 999.000 178.983 999.000   8.016 999.000 117.957 999.000   4.125 999.000
     163     SER  60.935 999.000  63.156 999.000 176.279 999.000   7.840 999.000 114.952 999.000   4.276 999.000
     164     ARG  57.542 999.000  29.897 999.000 177.810 999.000   7.651 999.000 121.768 999.000   4.245 999.000
     165     LYS  57.094 999.000  32.303 999.000 177.991 999.000   7.709 999.000 119.045 999.000   4.241 999.000
     166     GLY  45.294 999.000-999.000-999.000 174.363 999.000   7.848 999.000 106.957 999.000   3.951 999.000
     167     GLN  56.353 999.000  29.361 999.000 176.332 999.000   7.969 999.000 119.290 999.000   4.296 999.000
     168     GLU  56.855 999.000  29.947 999.000 176.575 999.000   7.968 999.000 119.358 999.000   4.296 999.000
     169     ARG 999.000 999.000 999.000 999.000 999.000 999.000 999.000 999.000 999.000 999.000 999.000 999.000
     630     GLU 999.000 999.000 999.000 999.000 999.000 999.000-999.000-999.000 999.000 999.000 999.000 999.000
     631     GLU 999.000 999.000 999.000 999.000 999.000 999.000 999.000 999.000 999.000 999.000 999.000 999.000
     632     GLN  56.607 999.000  28.072 999.000 177.014 999.000   8.029 999.000 119.205 999.000   4.170 999.000
     633     TRP  59.692 999.000  29.189 999.000 177.814 999.000   7.846 999.000 121.062 999.000   4.321 999.000
     634     ALA  54.900 999.000  18.151 999.000 179.098 999.000   7.929 999.000 121.089 999.000   3.917 999.000
     635     ARG  59.276 999.000  29.711 999.000 178.500 999.000   7.953 999.000 118.054 999.000   3.976 999.000
     636     GLU  58.974 999.000  29.358 999.000 179.017 999.000   7.656 999.000 119.333 999.000   4.105 999.000
     637     ILE  63.931 999.000  36.774 999.000 178.029 999.000   7.870 999.000 119.555 999.000   3.666 999.000
     638     GLY  47.615 999.000-999.000-999.000 176.037 999.000   8.404 999.000 107.736 999.000   3.775 999.000
     639     ALA  54.923 999.000  18.147 999.000 178.964 999.000   8.039 999.000 124.309 999.000   4.049 999.000
     640     GLN  58.860 999.000  28.358 999.000 178.455 999.000   7.877 999.000 118.347 999.000   3.883 999.000
     641     LEU  58.191 999.000  41.315 999.000 178.644 999.000   8.601 999.000 120.755 999.000   3.980 999.000
     642     ARG  59.615 999.000  29.893 999.000 178.653 999.000   8.184 999.000 118.928 999.000   3.885 999.000
     643     ARG  58.425 999.000  29.836 999.000 178.360 999.000   7.869 999.000 118.989 999.000   4.135 999.000
     644     MET  58.244 999.000  32.879 999.000 176.893 999.000   8.339 999.000 119.049 999.000   4.088 999.000
     645     ALA  52.783 999.000  18.817 999.000 176.758 999.000   7.710 999.000 119.402 999.000   4.267 999.000
     646     ASP  53.914 999.000  41.377 999.000 175.890 999.000   7.362 999.000 117.990 999.000   4.469 999.000
     647     ASP  54.474 999.000  40.832 999.000 176.751 999.000   8.424 999.000 122.893 999.000   4.445 999.000
     648     LEU  56.131 999.000  42.098 999.000 177.273 999.000   7.545 999.000 120.100 999.000   4.067 999.000
     649     ASN  53.645 999.000  38.599 999.000 175.547 999.000   8.121 999.000 116.140 999.000   4.544 999.000
     650     ALA  52.610 999.000  19.202 999.000 177.481 999.000   7.766 999.000 121.697 999.000   4.260 999.000
     651     GLN  56.192 999.000  29.067 999.000 176.043 999.000   7.844 999.000 117.947 999.000   4.102 999.000
     652     TYR  58.704 999.000  38.038 999.000 175.465 999.000   8.294 999.000 118.095 999.000   4.414 999.000
     653     GLU  56.926 999.000  30.380 999.000 176.463 999.000   8.039 999.000 119.392 999.000   4.293 999.000
     654     ARG 999.000 999.000 999.000 999.000 999.000 999.000 999.000 999.000 999.000 999.000 999.000 999.000
