   index residue  pre_ca  exp_ca  pre_cb  exp_cb   pre_c   exp_c   pre_h   exp_h   pre_n   exp_n  pre_ha  exp_ha
       1     MET 999.000 999.000 999.000 999.000 999.000 999.000-999.000-999.000 999.000 999.000 999.000 999.000
       2     SER 999.000 999.000 999.000 999.000 999.000 999.000 999.000 999.000 999.000 999.000 999.000 999.000
       3     GLN  57.668 999.000  28.097 999.000 177.608 999.000   8.862 999.000 122.639 999.000   4.245 999.000
       4     SER  61.223 999.000  62.854 999.000 175.937 999.000   8.744 999.000 114.657 999.000   4.167 999.000
       5     ASN  55.234 999.000  38.564 999.000 176.567 999.000   8.017 999.000 119.834 999.000   4.695 999.000
       6     ARG  59.439 999.000  29.845 999.000 177.924 999.000   7.952 999.000 121.432 999.000   4.118 999.000
       7     GLU  59.146 999.000  29.119 999.000 178.887 999.000   8.178 999.000 118.803 999.000   3.982 999.000
       8     LEU  57.632 999.000  41.602 999.000 178.603 999.000   7.357 999.000 119.334 999.000   3.997 999.000
       9     VAL  66.482 999.000  31.405 999.000 177.568 999.000   7.668 999.000 119.393 999.000   3.650 999.000
      10     VAL  67.060 999.000  31.217 999.000 176.454 999.000   8.483 999.000 119.137 999.000   3.103 999.000
      11     ASP  57.583 999.000  41.091 999.000 177.609 999.000   7.630 999.000 120.042 999.000   4.216 999.000
      12     PHE  61.400 999.000  39.605 999.000 177.005 999.000   7.688 999.000 120.542 999.000   4.164 999.000
      13     LEU  58.180 999.000  41.065 999.000 178.539 999.000   8.540 999.000 118.208 999.000   3.929 999.000
      14     SER  62.071 999.000  62.592 999.000 176.465 999.000   8.099 999.000 114.994 999.000   4.121 999.000
      15     TYR  61.119 999.000  37.910 999.000 176.972 999.000   7.949 999.000 124.021 999.000   4.253 999.000
      16     LYS  58.588 999.000  31.377 999.000 178.961 999.000   7.905 999.000 118.242 999.000   3.699 999.000
      17     LEU  57.632 999.000  41.674 999.000 178.834 999.000   8.412 999.000 118.935 999.000   4.220 999.000
      18     SER  61.557 999.000  62.934 999.000 177.085 999.000   8.453 999.000 115.859 999.000   4.229 999.000
      19     GLN  57.922 999.000  28.499 999.000 177.187 999.000   7.972 999.000 119.923 999.000   4.054 999.000
      20     LYS  55.647 999.000  32.417 999.000 176.547 999.000   7.329 999.000 116.823 999.000   4.262 999.000
      21     GLY  45.413 999.000-999.000-999.000 174.048 999.000   7.582 999.000 107.675 999.000   3.829 999.000
      22     TYR  56.644 999.000  39.489 999.000 175.547 999.000   7.888 999.000 120.314 999.000   4.809 999.000
      23     SER  57.140 999.000  64.335 999.000 174.952 999.000   8.267 999.000 117.012 999.000   4.623 999.000
      24     TRP  59.569 999.000  29.907 999.000 177.552 999.000   9.117 999.000 126.667 999.000   4.585 999.000
      25     SER  61.221 999.000  62.448 999.000 176.144 999.000   8.428 999.000 114.705 999.000   4.070 999.000
      26     GLN  57.487 999.000  28.702 999.000 176.296 999.000   7.327 999.000 120.757 999.000   3.922 999.000
      27     PHE  57.570 999.000  40.268 999.000 176.089 999.000   7.250 999.000 115.998 999.000   4.374 999.000
      28     SER  57.601 999.000  64.825 999.000 174.122 999.000   7.080 999.000 114.580 999.000   4.250 999.000
      29     ASP  53.475 999.000  40.588 999.000 177.018 999.000   8.421 999.000 122.412 999.000   4.628 999.000
      30     VAL  64.303 999.000  31.714 999.000 177.386 999.000   8.218 999.000 120.944 999.000   3.854 999.000
      31     GLU  58.028 999.000  29.199 999.000 177.558 999.000   8.364 999.000 119.637 999.000   4.158 999.000
      32     GLU  57.220 999.000  30.184 999.000 177.295 999.000   7.826 999.000 117.918 999.000   4.219 999.000
      33     ASN  53.349 999.000  38.728 999.000 175.730 999.000   7.711 999.000 117.475 999.000   4.699 999.000
      34     ARG  56.313 999.000  30.601 999.000 176.671 999.000   8.139 999.000 120.055 999.000   4.381 999.000
      35     THR  62.058 999.000  69.826 999.000 174.815 999.000   7.907 999.000 113.327 999.000   4.345 999.000
      36     GLU  56.444 999.000  30.343 999.000 175.798 999.000   8.533 999.000 122.228 999.000   4.297 999.000
      37     ALA  50.848 999.000  18.319 999.000 175.599 999.000   8.196 999.000 123.560 999.000   4.498 999.000
      38     PRO  63.158 999.000  32.283 999.000 176.655 999.000-999.000-999.000 999.000 999.000   4.529 999.000
      39     GLU  56.219 999.000  30.468 999.000 176.788 999.000   8.480 999.000 119.742 999.000   4.276 999.000
      40     GLY  45.148 999.000-999.000-999.000 174.595 999.000   8.481 999.000 109.188 999.000   4.068 999.000
      41     THR  61.680 999.000  70.384 999.000 175.041 999.000   8.158 999.000 112.744 999.000   4.425 999.000
      42     GLU  57.776 999.000  29.431 999.000 177.128 999.000   8.842 999.000 121.692 999.000   4.238 999.000
      43     SER  59.711 999.000  63.446 999.000 175.557 999.000   8.322 999.000 114.465 999.000   4.298 999.000
      44     GLU  59.399 999.000  29.002 999.000 178.369 999.000   8.049 999.000 123.233 999.000   3.945 999.000
      45     ALA  54.849 999.000  18.318 999.000 179.643 999.000   7.985 999.000 120.361 999.000   4.177 999.000
      46     VAL  65.813 999.000  31.384 999.000 177.824 999.000   7.428 999.000 119.281 999.000   3.650 999.000
      47     LYS  60.154 999.000  32.024 999.000 178.906 999.000   8.180 999.000 119.670 999.000   3.735 999.000
      48     GLN  58.744 999.000  28.235 999.000 178.215 999.000   8.109 999.000 118.610 999.000   3.957 999.000
      49     ALA  55.090 999.000  18.167 999.000 179.531 999.000   7.816 999.000 122.393 999.000   4.018 999.000
      50     LEU  58.095 999.000  41.525 999.000 178.784 999.000   8.487 999.000 118.870 999.000   4.086 999.000
      51     ARG  59.740 999.000  29.743 999.000 178.416 999.000   8.004 999.000 118.956 999.000   3.910 999.000
      52     GLU  59.076 999.000  29.198 999.000 178.907 999.000   8.112 999.000 118.881 999.000   4.128 999.000
      53     ALA  54.850 999.000  18.203 999.000 179.437 999.000   8.462 999.000 121.637 999.000   4.211 999.000
      54     GLY  47.316 999.000-999.000-999.000 175.542 999.000   8.593 999.000 106.555 999.000   4.126 999.000
      55     ASP  56.838 999.000  40.373 999.000 178.025 999.000   8.351 999.000 121.932 999.000   4.616 999.000
      56     GLU  58.911 999.000  29.645 999.000 178.305 999.000   7.811 999.000 120.617 999.000   4.207 999.000
      57     PHE  61.859 999.000  39.009 999.000 177.923 999.000   8.719 999.000 119.569 999.000   4.260 999.000
      58     GLU  58.919 999.000  29.420 999.000 178.340 999.000   8.290 999.000 118.602 999.000   4.243 999.000
      59     LEU  56.946 999.000  42.477 999.000 177.917 999.000   7.524 999.000 120.027 999.000   4.249 999.000
      60     ARG  57.407 999.000  31.169 999.000 176.758 999.000   8.082 999.000 115.691 999.000   4.004 999.000
      61     TYR  56.372 999.000  38.021 999.000 175.635 999.000   7.968 999.000 117.664 999.000   4.774 999.000
      62     ARG  58.783 999.000  30.046 999.000 177.387 999.000   7.961 999.000 120.918 999.000   3.818 999.000
      63     ARG  57.292 999.000  29.715 999.000 177.495 999.000   8.264 999.000 117.469 999.000   4.215 999.000
      64     ALA  54.225 999.000  18.530 999.000 178.033 999.000   7.715 999.000 121.022 999.000   4.165 999.000
      65     PHE  57.816 999.000  39.736 999.000 176.439 999.000   7.518 999.000 113.098 999.000   4.774 999.000
      66     SER  61.292 999.000  62.544 999.000 176.264 999.000   8.114 999.000 116.810 999.000   4.202 999.000
      67     ASP  56.196 999.000  39.930 999.000 178.173 999.000   7.872 999.000 122.040 999.000   4.496 999.000
      68     LEU  57.487 999.000  41.635 999.000 178.710 999.000   7.525 999.000 119.982 999.000   4.016 999.000
      69     THR  65.277 999.000  68.637 999.000 176.764 999.000   8.239 999.000 112.448 999.000   4.233 999.000
      70     SER  60.459 999.000  63.413 999.000 175.714 999.000   7.832 999.000 116.806 999.000   4.344 999.000
      71     GLN  57.255 999.000  28.928 999.000 177.068 999.000   7.559 999.000 120.988 999.000   4.226 999.000
      72     LEU  54.745 999.000  42.153 999.000 176.289 999.000   7.248 999.000 120.789 999.000   4.278 999.000
      73     HIS  55.839 999.000  29.902 999.000 175.366 999.000   8.596 999.000 125.458 999.000   4.634 999.000
      74     ILE  60.886 999.000  38.848 999.000 175.168 999.000   8.058 999.000 123.761 999.000   4.444 999.000
      75     THR  58.467 999.000  69.984 999.000 173.751 999.000   8.003 999.000 116.805 999.000   4.792 999.000
      76     PRO  64.688 999.000  31.636 999.000 177.507 999.000-999.000-999.000 999.000 999.000   4.412 999.000
      77     GLY  45.074 999.000-999.000-999.000 175.044 999.000   8.324 999.000 107.558 999.000   4.137 999.000
      78     THR  63.628 999.000  69.489 999.000 174.192 999.000   7.701 999.000 117.720 999.000   4.232 999.000
      79     ALA  50.874 999.000  21.094 999.000 176.810 999.000   8.627 999.000 128.811 999.000   4.698 999.000
      80     TYR  61.054 999.000  38.035 999.000 177.293 999.000   8.889 999.000 120.790 999.000   3.091 999.000
      81     GLN  58.798 999.000  27.709 999.000 178.226 999.000   8.439 999.000 118.170 999.000   3.829 999.000
      82     SER  60.822 999.000  62.917 999.000 176.062 999.000   7.591 999.000 114.581 999.000   4.261 999.000
      83     PHE  60.895 999.000  39.359 999.000 176.610 999.000   7.154 999.000 123.611 999.000   4.181 999.000
      84     GLU  59.923 999.000  29.350 999.000 178.344 999.000   8.544 999.000 119.205 999.000   3.588 999.000
      85     GLN  58.560 999.000  28.270 999.000 178.393 999.000   7.593 999.000 117.357 999.000   3.969 999.000
      86     VAL  65.086 999.000  31.908 999.000 177.754 999.000   7.070 999.000 119.374 999.000   3.693 999.000
      87     VAL  65.751 999.000  31.159 999.000 177.744 999.000   7.731 999.000 119.153 999.000   3.300 999.000
      88     ASN  55.912 999.000  37.744 999.000 177.406 999.000   8.471 999.000 118.008 999.000   4.307 999.000
      89     GLU  58.375 999.000  29.626 999.000 178.043 999.000   7.310 999.000 119.653 999.000   4.064 999.000
      90     LEU  57.196 999.000  42.005 999.000 177.335 999.000   7.376 999.000 119.770 999.000   3.901 999.000
      91     PHE  58.507 999.000  38.669 999.000 176.131 999.000   7.690 999.000 114.410 999.000   4.484 999.000
      92     ARG  58.634 999.000  29.812 999.000 176.729 999.000   7.526 999.000 120.348 999.000   3.961 999.000
      93     ASP  53.807 999.000  40.739 999.000 176.270 999.000   8.118 999.000 116.864 999.000   4.636 999.000
      94     GLY  44.651 999.000-999.000-999.000 173.331 999.000   7.566 999.000 107.941 999.000   4.086 999.000
      95     VAL  62.222 999.000  32.415 999.000 175.289 999.000   8.011 999.000 119.759 999.000   3.891 999.000
      96     ASN  51.980 999.000  41.138 999.000 174.584 999.000   7.703 999.000 122.236 999.000   4.290 999.000
      97     TRP  60.103 999.000  30.402 999.000 178.155 999.000   8.904 999.000 120.643 999.000   4.533 999.000
      98     GLY  47.124 999.000-999.000-999.000 175.979 999.000   8.886 999.000 106.995 999.000   4.143 999.000
      99     ARG  58.802 999.000  29.834 999.000 178.289 999.000   8.074 999.000 121.469 999.000   4.146 999.000
     100     ILE  65.375 999.000  37.716 999.000 177.579 999.000   8.004 999.000 120.736 999.000   4.051 999.000
     101     VAL  66.945 999.000  31.289 999.000 176.751 999.000   8.357 999.000 119.467 999.000   3.445 999.000
     102     ALA  55.521 999.000  18.049 999.000 178.710 999.000   8.225 999.000 122.679 999.000   3.891 999.000
     103     PHE  60.741 999.000  38.479 999.000 176.912 999.000   8.303 999.000 119.629 999.000   4.240 999.000
     104     PHE  62.692 999.000  38.776 999.000 177.650 999.000   8.688 999.000 118.515 999.000   3.599 999.000
     105     SER  61.941 999.000  62.637 999.000 176.431 999.000   8.354 999.000 115.362 999.000   4.150 999.000
     106     PHE  60.089 999.000  38.410 999.000 176.809 999.000   8.768 999.000 123.595 999.000   4.284 999.000
     107     GLY  47.553 999.000-999.000-999.000 176.219 999.000   8.207 999.000 106.596 999.000   3.612 999.000
     108     GLY  47.326 999.000-999.000-999.000 175.494 999.000   8.445 999.000 109.681 999.000   3.938 999.000
     109     ALA  54.869 999.000  18.341 999.000 178.956 999.000   8.201 999.000 124.576 999.000   4.166 999.000
     110     LEU  57.994 999.000  41.649 999.000 177.606 999.000   8.562 999.000 119.764 999.000   4.120 999.000
     111     CYS 999.000 999.000 999.000 999.000 999.000 999.000 999.000 999.000 999.000 999.000   3.936 999.000
     112     VAL  66.444 999.000  31.287 999.000 177.532 999.000   8.032 999.000 120.240 999.000   3.493 999.000
     113     GLU  59.513 999.000  29.078 999.000 178.453 999.000   8.381 999.000 120.454 999.000   4.012 999.000
     114     SER  62.082 999.000  63.027 999.000 176.293 999.000   8.165 999.000 115.626 999.000   4.103 999.000
     115     VAL  65.256 999.000  31.255 999.000 177.632 999.000   7.594 999.000 120.860 999.000   3.601 999.000
     116     ASP  56.392 999.000  41.156 999.000 177.700 999.000   7.913 999.000 119.961 999.000   4.433 999.000
     117     LYS  56.489 999.000  32.145 999.000 176.019 999.000   7.845 999.000 116.598 999.000   4.215 999.000
     118     GLU  57.417 999.000  27.211 999.000 175.553 999.000   7.925 999.000 115.622 999.000   4.017 999.000
     119     MET  54.741 999.000  32.039 999.000 176.122 999.000   8.449 999.000 118.909 999.000   4.737 999.000
     120     GLN  58.823 999.000  27.874 999.000 177.632 999.000   7.971 999.000 119.789 999.000   3.877 999.000
     121     VAL  64.131 999.000  31.521 999.000 177.287 999.000   7.643 999.000 118.132 999.000   3.857 999.000
     122     LEU  56.907 999.000  41.314 999.000 178.155 999.000   7.821 999.000 119.824 999.000   3.941 999.000
     123     VAL  66.646 999.000  31.270 999.000 177.768 999.000   7.448 999.000 118.800 999.000   3.276 999.000
     124     SER  61.414 999.000  62.786 999.000 176.332 999.000   8.296 999.000 114.465 999.000   4.126 999.000
     125     ARG  58.509 999.000  30.001 999.000 178.105 999.000   6.841 999.000 122.597 999.000   3.776 999.000
     126     ILE  65.672 999.000  37.782 999.000 177.409 999.000   8.239 999.000 120.874 999.000   2.935 999.000
     127     ALA  55.484 999.000  18.118 999.000 179.189 999.000   7.847 999.000 120.561 999.000   3.909 999.000
     128     ALA  54.958 999.000  18.454 999.000 178.777 999.000   7.224 999.000 121.285 999.000   4.167 999.000
     129     TRP  58.628 999.000  28.551 999.000 178.824 999.000   8.735 999.000 119.964 999.000   4.345 999.000
     130     MET  59.793 999.000  32.778 999.000 177.769 999.000   8.745 999.000 117.274 999.000   4.520 999.000
     131     ALA  55.154 999.000  18.268 999.000 178.653 999.000   8.002 999.000 121.568 999.000   4.198 999.000
     132     THR  66.787 999.000  67.967 999.000 175.581 999.000   8.452 999.000 116.186 999.000   4.011 999.000
     133     TYR  62.204 999.000  38.798 999.000 176.879 999.000   8.731 999.000 123.008 999.000   4.194 999.000
     134     LEU  58.557 999.000  41.448 999.000 177.770 999.000   8.710 999.000 119.178 999.000   4.060 999.000
     135     ASN  56.218 999.000  38.955 999.000 177.173 999.000   8.077 999.000 116.543 999.000   4.385 999.000
     136     ASP  55.994 999.000  40.918 999.000 176.932 999.000   8.118 999.000 118.129 999.000   4.405 999.000
     137     HIS  57.320 999.000  31.871 999.000 175.861 999.000   7.768 999.000 114.135 999.000   4.407 999.000
     138     LEU  56.168 999.000  42.499 999.000 177.630 999.000   7.928 999.000 116.607 999.000   4.139 999.000
     139     GLU  61.695 999.000  28.135 999.000 176.137 999.000   8.784 999.000 119.683 999.000   4.019 999.000
     140     PRO  65.400 999.000  31.445 999.000 178.025 999.000-999.000-999.000 999.000 999.000   4.208 999.000
     141     TRP  60.526 999.000  29.501 999.000 177.764 999.000   7.111 999.000 118.568 999.000   4.178 999.000
     142     ILE  65.633 999.000  37.903 999.000 177.205 999.000   8.488 999.000 119.982 999.000   3.140 999.000
     143     GLN  59.000 999.000  28.069 999.000 178.582 999.000   8.347 999.000 118.061 999.000   3.975 999.000
     144     GLU  58.235 999.000  29.676 999.000 177.807 999.000   7.485 999.000 119.139 999.000   3.994 999.000
     145     ASN  54.480 999.000  39.666 999.000 175.630 999.000   7.678 999.000 115.283 999.000   4.274 999.000
     146     GLY  45.144 999.000-999.000-999.000 174.677 999.000   7.558 999.000 107.415 999.000   4.107 999.000
     147     GLY  44.265 999.000-999.000-999.000 173.645 999.000   8.306 999.000 107.559 999.000   4.142 999.000
     148     TRP  60.020 999.000  29.745 999.000 177.648 999.000   8.904 999.000 120.085 999.000   4.598 999.000
     149     ASP  56.932 999.000  39.750 999.000 178.223 999.000   8.434 999.000 119.643 999.000   4.427 999.000
     150     THR  64.676 999.000  68.574 999.000 176.124 999.000   7.639 999.000 113.606 999.000   4.111 999.000
     151     PHE  60.620 999.000  39.500 999.000 176.577 999.000   7.585 999.000 123.525 999.000   3.790 999.000
     152     VAL  65.381 999.000  31.227 999.000 177.825 999.000   7.884 999.000 117.125 999.000   3.681 999.000
     153     GLU  58.057 999.000  29.572 999.000 177.222 999.000   7.557 999.000 118.783 999.000   4.086 999.000
     154     LEU  56.256 999.000  43.397 999.000 176.968 999.000   7.107 999.000 118.342 999.000   4.072 999.000
     155     TYR  58.065 999.000  40.352 999.000 176.174 999.000   8.098 999.000 114.921 999.000   4.462 999.000
     156     GLY  44.828 999.000-999.000-999.000 174.305 999.000   7.913 999.000 106.084 999.000   4.050 999.000
     157     ASN  55.500 999.000  38.484 999.000 176.851 999.000   8.626 999.000 118.609 999.000   4.371 999.000
     158     ASN  55.070 999.000  38.173 999.000 176.568 999.000   8.268 999.000 117.064 999.000   4.519 999.000
     159     ALA  54.207 999.000  18.427 999.000 179.116 999.000   7.646 999.000 122.882 999.000   4.113 999.000
     160     ALA  54.006 999.000  18.164 999.000 179.357 999.000   7.854 999.000 120.247 999.000   4.147 999.000
     161     ALA  54.445 999.000  18.081 999.000 179.890 999.000   7.657 999.000 120.123 999.000   4.160 999.000
     162     GLU  58.600 999.000  29.212 999.000 178.836 999.000   7.786 999.000 117.539 999.000   4.140 999.000
     163     SER  60.670 999.000  63.226 999.000 176.261 999.000   7.815 999.000 114.886 999.000   4.296 999.000
     164     ARG  57.403 999.000  29.887 999.000 177.615 999.000   7.747 999.000 121.933 999.000   4.257 999.000
     165     LYS  57.255 999.000  32.321 999.000 178.070 999.000   7.756 999.000 118.981 999.000   4.235 999.000
     166     GLY  45.489 999.000-999.000-999.000 174.584 999.000   7.870 999.000 107.091 999.000   3.966 999.000
     167     GLN  56.504 999.000  29.232 999.000 176.542 999.000   7.895 999.000 119.558 999.000   4.302 999.000
     168     GLU  57.015 999.000  30.046 999.000 176.683 999.000   7.807 999.000 118.780 999.000   4.283 999.000
     169     ARG 999.000 999.000 999.000 999.000 999.000 999.000 999.000 999.000 999.000 999.000 999.000 999.000
