134 LEU 25.503 25.781
8 LEU 23.07 23.693
9 VAL 22.313000000000002 23.339000000000002
10 VAL 22.685 20.743000000000002
138 LEU 24.151999999999997 21.355
142 ILE 13.208 
17 LEU 25.788 25.733
152 VAL 24.025 21.252
154 LEU 25.090999999999998 22.236
30 VAL 19.974 20.811
46 VAL 22.259 21.865
50 LEU 22.833000000000002 22.728
68 LEU 23.568 23.948
74 ILE 13.587 
86 VAL 22.471999999999998 22.785999999999998
87 VAL 19.628 21.982
90 LEU 23.625999999999998 23.426
95 VAL 20.462 22.374000000000002
100 ILE 13.472999999999999 
101 VAL 23.119 22.955
110 LEU 22.638 23.031
115 VAL 22.179000000000002 20.735
121 VAL 19.833 19.515
122 LEU 23.401 22.199
123 VAL 22.61 21.129
126 ILE 13.964 
