   index residue  pre_ca  exp_ca  pre_cb  exp_cb   pre_c   exp_c   pre_h   exp_h   pre_n   exp_n  pre_ha  exp_ha
       1     MET 999.000 999.000 999.000 999.000 999.000 999.000-999.000-999.000 999.000 999.000 999.000 999.000
       2     SER 999.000 999.000 999.000 999.000 999.000 999.000 999.000 999.000 999.000 999.000 999.000 999.000
       3     GLN  57.783 999.000  28.072 999.000 177.642 999.000   8.884 999.000 122.776 999.000   4.231 999.000
       4     SER  61.219 999.000  62.845 999.000 175.942 999.000   8.751 999.000 114.551 999.000   4.168 999.000
       5     ASN  55.283 999.000  38.622 999.000 176.570 999.000   8.005 999.000 119.851 999.000   4.698 999.000
       6     ARG  59.442 999.000  29.841 999.000 177.935 999.000   7.991 999.000 121.431 999.000   4.117 999.000
       7     GLU  59.136 999.000  29.091 999.000 178.884 999.000   8.198 999.000 118.710 999.000   3.985 999.000
       8     LEU  57.590 999.000  41.617 999.000 178.579 999.000   7.343 999.000 119.301 999.000   4.001 999.000
       9     VAL  66.468 999.000  31.403 999.000 177.580 999.000   7.650 999.000 119.349 999.000   3.653 999.000
      10     VAL  66.992 999.000  31.178 999.000 176.524 999.000   8.473 999.000 118.724 999.000   3.106 999.000
      11     ASP  57.562 999.000  41.100 999.000 177.594 999.000   7.549 999.000 120.083 999.000   4.215 999.000
      12     PHE  61.403 999.000  39.608 999.000 177.017 999.000   7.684 999.000 120.495 999.000   4.158 999.000
      13     LEU  58.204 999.000  41.057 999.000 178.525 999.000   8.531 999.000 118.219 999.000   3.933 999.000
      14     SER  62.065 999.000  62.603 999.000 176.480 999.000   8.064 999.000 114.985 999.000   4.123 999.000
      15     TYR  61.121 999.000  37.932 999.000 176.969 999.000   7.959 999.000 124.038 999.000   4.251 999.000
      16     LYS  58.576 999.000  31.374 999.000 178.972 999.000   7.916 999.000 118.248 999.000   3.705 999.000
      17     LEU  57.644 999.000  41.670 999.000 178.840 999.000   8.430 999.000 118.947 999.000   4.218 999.000
      18     SER  61.552 999.000  62.936 999.000 177.086 999.000   8.450 999.000 115.850 999.000   4.231 999.000
      19     GLN  57.912 999.000  28.507 999.000 177.168 999.000   7.966 999.000 119.907 999.000   4.054 999.000
      20     LYS  55.623 999.000  32.426 999.000 176.541 999.000   7.332 999.000 116.833 999.000   4.262 999.000
      21     GLY  45.417 999.000-999.000-999.000 174.040 999.000   7.583 999.000 107.650 999.000   3.829 999.000
      22     TYR  56.629 999.000  39.499 999.000 175.536 999.000   7.876 999.000 120.273 999.000   4.814 999.000
      23     SER  57.133 999.000  64.342 999.000 174.936 999.000   8.258 999.000 116.925 999.000   4.624 999.000
      24     TRP  59.558 999.000  29.910 999.000 177.548 999.000   9.114 999.000 126.675 999.000   4.588 999.000
      25     SER  61.208 999.000  62.449 999.000 176.139 999.000   8.429 999.000 114.678 999.000   4.068 999.000
      26     GLN  57.489 999.000  28.706 999.000 176.297 999.000   7.329 999.000 120.751 999.000   3.923 999.000
      27     PHE  57.567 999.000  40.263 999.000 176.083 999.000   7.243 999.000 115.987 999.000   4.375 999.000
      28     SER  57.583 999.000  64.801 999.000 174.109 999.000   7.073 999.000 114.563 999.000   4.251 999.000
      29     ASP  53.472 999.000  40.703 999.000 177.022 999.000   8.409 999.000 122.469 999.000   4.627 999.000
      30     VAL  64.330 999.000  31.706 999.000 177.417 999.000   8.253 999.000 121.137 999.000   3.850 999.000
      31     GLU  58.072 999.000  29.185 999.000 177.615 999.000   8.349 999.000 119.651 999.000   4.155 999.000
      32     GLU  57.252 999.000  30.163 999.000 177.323 999.000   7.835 999.000 117.968 999.000   4.216 999.000
      33     ASN  53.366 999.000  38.701 999.000 175.788 999.000   7.729 999.000 117.427 999.000   4.701 999.000
      34     ARG  56.364 999.000  30.548 999.000 176.662 999.000   8.069 999.000 119.714 999.000   4.377 999.000
      35     THR  61.976 999.000  69.889 999.000 174.776 999.000   7.911 999.000 113.432 999.000   4.356 999.000
      36     GLU  56.505 999.000  30.271 999.000 175.856 999.000   8.566 999.000 122.289 999.000   4.291 999.000
      37     ALA  50.862 999.000  18.283 999.000 175.619 999.000   8.167 999.000 123.388 999.000   4.497 999.000
      38     PRO  63.119 999.000  32.307 999.000 176.655 999.000-999.000-999.000 999.000 999.000   4.532 999.000
      39     GLU  56.258 999.000  30.421 999.000 176.815 999.000   8.485 999.000 119.864 999.000   4.270 999.000
      40     GLY  45.155 999.000-999.000-999.000 174.597 999.000   8.487 999.000 109.178 999.000   4.068 999.000
      41     THR  61.627 999.000  70.432 999.000 175.005 999.000   8.133 999.000 112.676 999.000   4.432 999.000
      42     GLU  57.732 999.000  29.425 999.000 177.107 999.000   8.855 999.000 121.744 999.000   4.240 999.000
      43     SER  59.655 999.000  63.432 999.000 175.534 999.000   8.307 999.000 114.536 999.000   4.300 999.000
      44     GLU  59.400 999.000  29.003 999.000 178.360 999.000   8.051 999.000 123.262 999.000   3.944 999.000
      45     ALA  54.845 999.000  18.320 999.000 179.638 999.000   7.985 999.000 120.383 999.000   4.176 999.000
      46     VAL  65.823 999.000  31.381 999.000 177.823 999.000   7.425 999.000 119.281 999.000   3.643 999.000
      47     LYS  60.155 999.000  32.021 999.000 178.903 999.000   8.175 999.000 119.672 999.000   3.731 999.000
      48     GLN  58.751 999.000  28.228 999.000 178.210 999.000   8.101 999.000 118.637 999.000   3.951 999.000
      49     ALA  55.091 999.000  18.164 999.000 179.542 999.000   7.802 999.000 122.368 999.000   3.991 999.000
      50     LEU  58.108 999.000  41.526 999.000 178.783 999.000   8.486 999.000 118.903 999.000   4.080 999.000
      51     ARG  59.748 999.000  29.743 999.000 178.427 999.000   8.011 999.000 118.914 999.000   3.917 999.000
      52     GLU  59.070 999.000  29.211 999.000 178.901 999.000   8.108 999.000 118.876 999.000   4.127 999.000
      53     ALA  54.843 999.000  18.201 999.000 179.444 999.000   8.452 999.000 121.639 999.000   4.220 999.000
      54     GLY  47.315 999.000-999.000-999.000 175.519 999.000   8.597 999.000 106.569 999.000   4.126 999.000
      55     ASP  56.811 999.000  40.368 999.000 178.017 999.000   8.341 999.000 121.952 999.000   4.614 999.000
      56     GLU  58.903 999.000  29.652 999.000 178.287 999.000   7.809 999.000 120.629 999.000   4.209 999.000
      57     PHE  61.854 999.000  39.040 999.000 177.918 999.000   8.715 999.000 119.567 999.000   4.262 999.000
      58     GLU  58.933 999.000  29.423 999.000 178.340 999.000   8.297 999.000 118.655 999.000   4.250 999.000
      59     LEU  56.959 999.000  42.485 999.000 177.903 999.000   7.526 999.000 120.022 999.000   4.250 999.000
      60     ARG  57.367 999.000  31.223 999.000 176.717 999.000   8.086 999.000 115.595 999.000   4.010 999.000
      61     TYR  56.374 999.000  38.046 999.000 175.627 999.000   7.974 999.000 117.593 999.000   4.776 999.000
      62     ARG  58.850 999.000  30.030 999.000 177.442 999.000   7.947 999.000 120.956 999.000   3.807 999.000
      63     ARG  57.409 999.000  29.637 999.000 177.589 999.000   8.270 999.000 117.562 999.000   4.197 999.000
      64     ALA  54.192 999.000  18.526 999.000 178.030 999.000   7.699 999.000 121.018 999.000   4.178 999.000
      65     PHE  57.781 999.000  39.757 999.000 176.413 999.000   7.514 999.000 113.062 999.000   4.785 999.000
      66     SER  61.290 999.000  62.545 999.000 176.274 999.000   8.148 999.000 116.860 999.000   4.199 999.000
      67     ASP  56.233 999.000  39.925 999.000 178.182 999.000   7.882 999.000 122.035 999.000   4.495 999.000
      68     LEU  57.467 999.000  41.595 999.000 178.735 999.000   7.526 999.000 119.969 999.000   4.010 999.000
      69     THR  65.310 999.000  68.629 999.000 176.772 999.000   8.226 999.000 112.621 999.000   4.240 999.000
      70     SER  60.459 999.000  63.414 999.000 175.719 999.000   7.835 999.000 116.784 999.000   4.345 999.000
      71     GLN  57.271 999.000  28.939 999.000 177.086 999.000   7.558 999.000 121.013 999.000   4.222 999.000
      72     LEU  54.749 999.000  42.133 999.000 176.272 999.000   7.254 999.000 120.793 999.000   4.276 999.000
      73     HIS  55.864 999.000  29.900 999.000 175.383 999.000   8.598 999.000 125.591 999.000   4.631 999.000
      74     ILE  60.879 999.000  38.871 999.000 175.162 999.000   8.054 999.000 123.679 999.000   4.449 999.000
      75     THR  58.468 999.000  69.990 999.000 173.759 999.000   8.001 999.000 116.742 999.000   4.790 999.000
      76     PRO  64.697 999.000  31.632 999.000 177.498 999.000-999.000-999.000 999.000 999.000   4.411 999.000
      77     GLY  45.071 999.000-999.000-999.000 175.045 999.000   8.321 999.000 107.562 999.000   4.136 999.000
      78     THR  63.649 999.000  69.476 999.000 174.194 999.000   7.705 999.000 117.767 999.000   4.230 999.000
      79     ALA  50.871 999.000  21.097 999.000 176.812 999.000   8.630 999.000 128.868 999.000   4.700 999.000
      80     TYR  61.043 999.000  38.032 999.000 177.295 999.000   8.889 999.000 120.766 999.000   3.090 999.000
      81     GLN  58.801 999.000  27.705 999.000 178.232 999.000   8.436 999.000 118.164 999.000   3.825 999.000
      82     SER  60.820 999.000  62.924 999.000 176.064 999.000   7.592 999.000 114.590 999.000   4.263 999.000
      83     PHE  60.892 999.000  39.357 999.000 176.618 999.000   7.151 999.000 123.631 999.000   4.181 999.000
      84     GLU  59.935 999.000  29.354 999.000 178.340 999.000   8.556 999.000 119.199 999.000   3.588 999.000
      85     GLN  58.571 999.000  28.265 999.000 178.405 999.000   7.586 999.000 117.361 999.000   3.968 999.000
      86     VAL  65.104 999.000  31.896 999.000 177.758 999.000   7.070 999.000 119.380 999.000   3.692 999.000
      87     VAL  65.773 999.000  31.159 999.000 177.747 999.000   7.730 999.000 119.184 999.000   3.302 999.000
      88     ASN  55.903 999.000  37.728 999.000 177.420 999.000   8.478 999.000 117.981 999.000   4.306 999.000
      89     GLU  58.379 999.000  29.623 999.000 178.060 999.000   7.306 999.000 119.689 999.000   4.064 999.000
      90     LEU  57.238 999.000  42.015 999.000 177.358 999.000   7.389 999.000 119.807 999.000   3.893 999.000
      91     PHE  58.434 999.000  38.608 999.000 176.100 999.000   7.688 999.000 114.295 999.000   4.495 999.000
      92     ARG  58.645 999.000  29.813 999.000 176.757 999.000   7.514 999.000 120.406 999.000   3.963 999.000
      93     ASP  53.830 999.000  40.733 999.000 176.285 999.000   8.117 999.000 116.848 999.000   4.634 999.000
      94     GLY  44.643 999.000-999.000-999.000 173.330 999.000   7.564 999.000 107.898 999.000   4.089 999.000
      95     VAL  62.226 999.000  32.416 999.000 175.293 999.000   8.010 999.000 119.752 999.000   3.891 999.000
      96     ASN  51.980 999.000  41.139 999.000 174.582 999.000   7.706 999.000 122.251 999.000   4.300 999.000
      97     TRP  60.089 999.000  30.395 999.000 178.160 999.000   8.900 999.000 120.650 999.000   4.539 999.000
      98     GLY  47.124 999.000-999.000-999.000 175.973 999.000   8.888 999.000 107.010 999.000   4.141 999.000
      99     ARG  58.814 999.000  29.857 999.000 178.286 999.000   8.085 999.000 121.444 999.000   4.142 999.000
     100     ILE  65.371 999.000  37.719 999.000 177.573 999.000   7.995 999.000 120.735 999.000   4.053 999.000
     101     VAL  66.939 999.000  31.291 999.000 176.747 999.000   8.355 999.000 119.455 999.000   3.452 999.000
     102     ALA  55.517 999.000  18.048 999.000 178.708 999.000   8.221 999.000 122.687 999.000   3.882 999.000
     103     PHE  60.748 999.000  38.490 999.000 176.910 999.000   8.298 999.000 119.643 999.000   4.242 999.000
     104     PHE  62.712 999.000  38.783 999.000 177.654 999.000   8.693 999.000 118.504 999.000   3.603 999.000
     105     SER  61.932 999.000  62.625 999.000 176.426 999.000   8.345 999.000 115.357 999.000   4.142 999.000
     106     PHE  60.050 999.000  38.428 999.000 176.800 999.000   8.778 999.000 123.565 999.000   4.300 999.000
     107     GLY  47.549 999.000-999.000-999.000 176.213 999.000   8.205 999.000 106.567 999.000   3.607 999.000
     108     GLY  47.318 999.000-999.000-999.000 175.490 999.000   8.448 999.000 109.681 999.000   3.940 999.000
     109     ALA  54.855 999.000  18.345 999.000 178.947 999.000   8.205 999.000 124.570 999.000   4.171 999.000
     110     LEU  57.984 999.000  41.655 999.000 177.597 999.000   8.569 999.000 119.772 999.000   4.128 999.000
     111     CYS 999.000 999.000 999.000 999.000 999.000 999.000 999.000 999.000 999.000 999.000   3.938 999.000
     112     VAL  66.452 999.000  31.294 999.000 177.530 999.000   8.015 999.000 120.271 999.000   3.493 999.000
     113     GLU  59.509 999.000  29.082 999.000 178.445 999.000   8.390 999.000 120.466 999.000   4.011 999.000
     114     SER  62.086 999.000  63.024 999.000 176.298 999.000   8.168 999.000 115.617 999.000   4.102 999.000
     115     VAL  65.269 999.000  31.256 999.000 177.638 999.000   7.586 999.000 120.892 999.000   3.599 999.000
     116     ASP  56.402 999.000  41.149 999.000 177.706 999.000   7.912 999.000 119.949 999.000   4.430 999.000
     117     LYS  56.493 999.000  32.132 999.000 176.022 999.000   7.858 999.000 116.592 999.000   4.214 999.000
     118     GLU  57.417 999.000  27.205 999.000 175.545 999.000   7.925 999.000 115.625 999.000   4.017 999.000
     119     MET  54.741 999.000  32.054 999.000 176.124 999.000   8.452 999.000 118.909 999.000   4.738 999.000
     120     GLN  58.830 999.000  27.867 999.000 177.637 999.000   7.974 999.000 119.794 999.000   3.876 999.000
     121     VAL  64.146 999.000  31.528 999.000 177.281 999.000   7.643 999.000 118.248 999.000   3.857 999.000
     122     LEU  56.888 999.000  41.317 999.000 178.150 999.000   7.836 999.000 119.787 999.000   3.941 999.000
     123     VAL  66.643 999.000  31.271 999.000 177.766 999.000   7.452 999.000 118.806 999.000   3.279 999.000
     124     SER  61.405 999.000  62.785 999.000 176.331 999.000   8.306 999.000 114.447 999.000   4.128 999.000
     125     ARG  58.515 999.000  30.005 999.000 178.105 999.000   6.849 999.000 122.598 999.000   3.776 999.000
     126     ILE  65.675 999.000  37.785 999.000 177.410 999.000   8.232 999.000 120.868 999.000   2.927 999.000
     127     ALA  55.494 999.000  18.119 999.000 179.189 999.000   7.836 999.000 120.574 999.000   3.907 999.000
     128     ALA  54.982 999.000  18.435 999.000 178.782 999.000   7.231 999.000 121.286 999.000   4.162 999.000
     129     TRP  58.629 999.000  28.547 999.000 178.818 999.000   8.736 999.000 119.984 999.000   4.340 999.000
     130     MET  59.799 999.000  32.792 999.000 177.771 999.000   8.734 999.000 117.278 999.000   4.519 999.000
     131     ALA  55.142 999.000  18.270 999.000 178.657 999.000   8.024 999.000 121.530 999.000   4.197 999.000
     132     THR  66.778 999.000  67.964 999.000 175.566 999.000   8.449 999.000 116.213 999.000   4.017 999.000
     133     TYR  62.208 999.000  38.803 999.000 176.890 999.000   8.729 999.000 122.992 999.000   4.192 999.000
     134     LEU  58.550 999.000  41.462 999.000 177.799 999.000   8.709 999.000 119.171 999.000   4.063 999.000
     135     ASN  56.183 999.000  38.920 999.000 177.164 999.000   8.054 999.000 116.569 999.000   4.386 999.000
     136     ASP  55.988 999.000  40.928 999.000 176.934 999.000   8.115 999.000 118.111 999.000   4.404 999.000
     137     HIS  57.324 999.000  31.877 999.000 175.871 999.000   7.763 999.000 114.139 999.000   4.405 999.000
     138     LEU  56.171 999.000  42.481 999.000 177.627 999.000   7.926 999.000 116.585 999.000   4.131 999.000
     139     GLU  61.686 999.000  28.143 999.000 176.130 999.000   8.774 999.000 119.700 999.000   4.017 999.000
     140     PRO  65.403 999.000  31.447 999.000 178.032 999.000-999.000-999.000 999.000 999.000   4.206 999.000
     141     TRP  60.531 999.000  29.501 999.000 177.761 999.000   7.106 999.000 118.566 999.000   4.181 999.000
     142     ILE  65.633 999.000  37.905 999.000 177.233 999.000   8.488 999.000 119.992 999.000   3.139 999.000
     143     GLN  58.993 999.000  28.068 999.000 178.567 999.000   8.352 999.000 118.051 999.000   3.972 999.000
     144     GLU  58.238 999.000  29.683 999.000 177.807 999.000   7.484 999.000 119.158 999.000   3.994 999.000
     145     ASN  54.458 999.000  39.636 999.000 175.597 999.000   7.682 999.000 115.262 999.000   4.284 999.000
     146     GLY  45.143 999.000-999.000-999.000 174.683 999.000   7.559 999.000 107.481 999.000   4.108 999.000
     147     GLY  44.255 999.000-999.000-999.000 173.655 999.000   8.293 999.000 107.598 999.000   4.138 999.000
     148     TRP  59.999 999.000  29.753 999.000 177.644 999.000   8.893 999.000 120.060 999.000   4.599 999.000
     149     ASP  56.950 999.000  39.750 999.000 178.232 999.000   8.431 999.000 119.626 999.000   4.426 999.000
     150     THR  64.759 999.000  68.569 999.000 176.152 999.000   7.645 999.000 113.740 999.000   4.106 999.000
     151     PHE  60.660 999.000  39.479 999.000 176.608 999.000   7.585 999.000 123.504 999.000   3.789 999.000
     152     VAL  65.439 999.000  31.232 999.000 177.855 999.000   7.907 999.000 117.234 999.000   3.670 999.000
     153     GLU  58.116 999.000  29.548 999.000 177.364 999.000   7.580 999.000 118.901 999.000   4.082 999.000
     154     LEU  56.358 999.000  43.287 999.000 177.062 999.000   7.124 999.000 118.439 999.000   4.060 999.000
     155     TYR  58.188 999.000  40.237 999.000 176.290 999.000   8.092 999.000 115.058 999.000   4.449 999.000
     156     GLY  44.914 999.000-999.000-999.000 174.333 999.000   7.907 999.000 106.027 999.000   4.034 999.000
     157     ASN  55.166 999.000  38.524 999.000 176.721 999.000   8.520 999.000 118.370 999.000   4.406 999.000
     158     ASN  54.886 999.000  38.255 999.000 176.409 999.000   8.248 999.000 117.036 999.000   4.523 999.000
     159     ALA  53.912 999.000  18.552 999.000 178.901 999.000   7.659 999.000 122.627 999.000   4.146 999.000
     160     ALA  53.674 999.000  18.342 999.000 179.123 999.000   7.741 999.000 120.074 999.000   4.181 999.000
     161     ALA  54.198 999.000  18.206 999.000 179.725 999.000   7.651 999.000 120.070 999.000   4.185 999.000
     162     GLU  58.462 999.000  29.243 999.000 178.694 999.000   7.785 999.000 117.496 999.000   4.147 999.000
     163     SER  60.633 999.000  63.248 999.000 176.175 999.000   7.774 999.000 114.823 999.000   4.296 999.000
     164     ARG  57.305 999.000  29.900 999.000 177.538 999.000   7.705 999.000 121.950 999.000   4.261 999.000
     165     LYS  57.200 999.000  32.323 999.000 178.035 999.000   7.750 999.000 119.082 999.000   4.233 999.000
     166     GLY  45.489 999.000-999.000-999.000 174.586 999.000   7.906 999.000 107.106 999.000   3.962 999.000
     167     GLN  56.437 999.000  29.245 999.000 176.504 999.000   7.895 999.000 119.572 999.000   4.305 999.000
     168     GLU  57.023 999.000  30.040 999.000 176.660 999.000   7.844 999.000 118.836 999.000   4.278 999.000
     169     ARG 999.000 999.000 999.000 999.000 999.000 999.000 999.000 999.000 999.000 999.000 999.000 999.000
