   index residue  pre_ca  exp_ca  pre_cb  exp_cb   pre_c   exp_c   pre_h   exp_h   pre_n   exp_n  pre_ha  exp_ha
       1     MET 999.000 999.000 999.000 999.000 999.000 999.000-999.000-999.000 999.000 999.000 999.000 999.000
       2     SER 999.000 999.000 999.000 999.000 999.000 999.000 999.000 999.000 999.000 999.000 999.000 999.000
       3     GLN  55.892 999.000  28.442 999.000 176.728 999.000   8.208 999.000 122.274 999.000   4.472 999.000
       4     SER  61.238 999.000  63.062 999.000 175.764 999.000   8.765 999.000 117.388 999.000   4.166 999.000
       5     ASN  55.299 999.000  38.402 999.000 176.312 999.000   8.143 999.000 119.616 999.000   4.675 999.000
       6     ARG  59.335 999.000  29.714 999.000 177.863 999.000   7.864 999.000 121.205 999.000   4.139 999.000
       7     GLU  59.157 999.000  29.106 999.000 178.979 999.000   7.817 999.000 118.634 999.000   4.001 999.000
       8     LEU  57.676 999.000  41.489 999.000 178.706 999.000   7.387 999.000 119.514 999.000   4.003 999.000
       9     VAL  66.438 999.000  31.398 999.000 177.605 999.000   7.669 999.000 119.227 999.000   3.611 999.000
      10     VAL  67.010 999.000  31.192 999.000 176.406 999.000   8.459 999.000 118.853 999.000   3.067 999.000
      11     ASP  57.626 999.000  40.946 999.000 177.746 999.000   7.609 999.000 119.881 999.000   4.235 999.000
      12     PHE  61.455 999.000  39.585 999.000 176.989 999.000   7.617 999.000 120.874 999.000   4.164 999.000
      13     LEU  58.111 999.000  40.983 999.000 178.584 999.000   8.570 999.000 118.496 999.000   3.896 999.000
      14     SER  62.288 999.000  62.545 999.000 176.550 999.000   8.219 999.000 115.083 999.000   4.162 999.000
      15     TYR  61.250 999.000  38.034 999.000 176.992 999.000   8.046 999.000 124.020 999.000   4.265 999.000
      16     LYS  58.552 999.000  31.359 999.000 178.971 999.000   7.977 999.000 118.064 999.000   3.732 999.000
      17     LEU  57.663 999.000  41.661 999.000 178.802 999.000   8.437 999.000 119.103 999.000   4.230 999.000
      18     SER  61.575 999.000  62.895 999.000 177.165 999.000   8.502 999.000 115.966 999.000   4.230 999.000
      19     GLN  57.953 999.000  28.530 999.000 177.136 999.000   8.007 999.000 119.705 999.000   4.038 999.000
      20     LYS  55.540 999.000  32.428 999.000 176.539 999.000   7.303 999.000 116.763 999.000   4.252 999.000
      21     GLY  45.422 999.000-999.000-999.000 173.987 999.000   7.561 999.000 107.559 999.000   3.825 999.000
      22     TYR  56.533 999.000  39.590 999.000 175.488 999.000   7.870 999.000 119.919 999.000   4.826 999.000
      23     SER  57.018 999.000  64.364 999.000 174.901 999.000   8.319 999.000 116.677 999.000   4.633 999.000
      24     TRP  59.811 999.000  29.848 999.000 177.568 999.000   9.095 999.000 126.739 999.000   4.487 999.000
      25     SER  61.114 999.000  62.447 999.000 176.051 999.000   8.433 999.000 114.387 999.000   4.080 999.000
      26     GLN  57.318 999.000  28.832 999.000 176.234 999.000   7.302 999.000 120.813 999.000   3.942 999.000
      27     PHE  57.627 999.000  40.266 999.000 176.132 999.000   7.266 999.000 115.902 999.000   4.396 999.000
      28     SER  57.570 999.000  64.750 999.000 174.177 999.000   7.136 999.000 114.543 999.000   4.257 999.000
      29     ASP  53.790 999.000  41.083 999.000 176.969 999.000   8.370 999.000 122.200 999.000   4.599 999.000
      30     VAL  64.298 999.000  31.790 999.000 177.451 999.000   8.426 999.000 121.875 999.000   3.885 999.000
      31     GLU  58.170 999.000  29.075 999.000 177.598 999.000   8.377 999.000 119.729 999.000   4.150 999.000
      32     GLU  57.046 999.000  30.083 999.000 177.075 999.000   7.863 999.000 117.698 999.000   4.232 999.000
      33     ASN  53.431 999.000  38.770 999.000 175.712 999.000   7.687 999.000 117.583 999.000   4.700 999.000
      34     ARG  56.089 999.000  30.542 999.000 176.250 999.000   8.111 999.000 120.246 999.000   4.424 999.000
      35     THR  62.286 999.000  69.704 999.000 174.906 999.000   8.179 999.000 114.833 999.000   4.300 999.000
      36     GLU  56.524 999.000  30.345 999.000 175.810 999.000   8.500 999.000 120.890 999.000   4.308 999.000
      37     ALA  50.782 999.000  18.437 999.000 175.509 999.000   8.019 999.000 122.907 999.000   4.516 999.000
      38     PRO  62.850 999.000  32.433 999.000 176.620 999.000-999.000-999.000 999.000 999.000   4.549 999.000
      39     GLU  56.435 999.000  30.202 999.000 176.854 999.000   8.526 999.000 121.096 999.000   4.223 999.000
      40     GLY  45.198 999.000-999.000-999.000 174.768 999.000   8.581 999.000 109.706 999.000   4.080 999.000
      41     THR  62.188 999.000  70.016 999.000 175.403 999.000   8.234 999.000 112.722 999.000   4.339 999.000
      42     GLU  58.278 999.000  29.258 999.000 177.497 999.000   8.730 999.000 121.298 999.000   4.193 999.000
      43     SER  60.255 999.000  63.276 999.000 175.869 999.000   8.215 999.000 114.593 999.000   4.238 999.000
      44     GLU  59.369 999.000  28.911 999.000 178.517 999.000   7.920 999.000 122.881 999.000   3.955 999.000
      45     ALA  54.865 999.000  18.306 999.000 179.614 999.000   7.921 999.000 120.488 999.000   4.188 999.000
      46     VAL  65.722 999.000  31.396 999.000 177.804 999.000   7.405 999.000 119.334 999.000   3.633 999.000
      47     LYS  60.158 999.000  32.002 999.000 178.866 999.000   8.204 999.000 119.877 999.000   3.748 999.000
      48     GLN  58.774 999.000  28.233 999.000 178.161 999.000   8.097 999.000 118.636 999.000   3.973 999.000
      49     ALA  55.119 999.000  18.154 999.000 179.619 999.000   7.799 999.000 122.314 999.000   4.044 999.000
      50     LEU  58.186 999.000  41.612 999.000 178.879 999.000   8.526 999.000 118.844 999.000   4.035 999.000
      51     ARG  59.817 999.000  29.842 999.000 178.512 999.000   8.062 999.000 118.800 999.000   4.016 999.000
      52     GLU  59.097 999.000  29.197 999.000 178.939 999.000   8.227 999.000 119.036 999.000   4.137 999.000
      53     ALA  54.915 999.000  18.145 999.000 179.450 999.000   8.448 999.000 121.867 999.000   4.143 999.000
      54     GLY  47.305 999.000-999.000-999.000 175.496 999.000   8.564 999.000 106.592 999.000   4.100 999.000
      55     ASP  56.809 999.000  40.337 999.000 178.008 999.000   8.332 999.000 122.097 999.000   4.600 999.000
      56     GLU  58.849 999.000  29.649 999.000 178.359 999.000   7.876 999.000 120.272 999.000   4.208 999.000
      57     PHE  61.864 999.000  39.050 999.000 177.789 999.000   8.716 999.000 120.167 999.000   4.247 999.000
      58     GLU  58.898 999.000  29.325 999.000 178.390 999.000   8.340 999.000 118.272 999.000   4.174 999.000
      59     LEU  56.944 999.000  42.374 999.000 178.041 999.000   7.532 999.000 120.009 999.000   4.236 999.000
      60     ARG  57.628 999.000  30.971 999.000 176.941 999.000   7.997 999.000 116.264 999.000   3.980 999.000
      61     TYR  56.311 999.000  37.971 999.000 175.583 999.000   8.014 999.000 118.176 999.000   4.776 999.000
      62     ARG  58.604 999.000  30.124 999.000 177.123 999.000   8.044 999.000 120.952 999.000   3.912 999.000
      63     ARG  56.823 999.000  30.192 999.000 177.036 999.000   8.233 999.000 117.257 999.000   4.292 999.000
      64     ALA  54.341 999.000  18.616 999.000 178.190 999.000   7.888 999.000 120.975 999.000   4.119 999.000
      65     PHE  58.219 999.000  39.522 999.000 176.416 999.000   7.649 999.000 113.655 999.000   4.732 999.000
      66     SER  61.330 999.000  62.554 999.000 176.263 999.000   7.955 999.000 116.527 999.000   4.204 999.000
      67     ASP  56.222 999.000  39.967 999.000 178.205 999.000   7.869 999.000 121.969 999.000   4.500 999.000
      68     LEU  57.605 999.000  41.710 999.000 178.703 999.000   7.521 999.000 120.178 999.000   4.032 999.000
      69     THR  65.028 999.000  68.669 999.000 176.661 999.000   8.251 999.000 111.643 999.000   4.220 999.000
      70     SER  60.405 999.000  63.421 999.000 175.674 999.000   7.778 999.000 116.901 999.000   4.360 999.000
      71     GLN  57.236 999.000  28.854 999.000 176.939 999.000   7.583 999.000 120.793 999.000   4.210 999.000
      72     LEU  54.633 999.000  42.343 999.000 176.243 999.000   7.205 999.000 120.708 999.000   4.294 999.000
      73     HIS  55.842 999.000  29.853 999.000 175.457 999.000   8.572 999.000 124.970 999.000   4.629 999.000
      74     ILE  60.951 999.000  38.826 999.000 175.182 999.000   8.052 999.000 123.524 999.000   4.420 999.000
      75     THR  58.444 999.000  69.996 999.000 173.724 999.000   7.987 999.000 116.672 999.000   4.787 999.000
      76     PRO  64.703 999.000  31.645 999.000 177.578 999.000-999.000-999.000 999.000 999.000   4.411 999.000
      77     GLY  45.049 999.000-999.000-999.000 175.076 999.000   8.334 999.000 107.505 999.000   4.131 999.000
      78     THR  63.566 999.000  69.481 999.000 174.171 999.000   7.696 999.000 117.736 999.000   4.227 999.000
      79     ALA  50.828 999.000  21.198 999.000 176.795 999.000   8.596 999.000 128.758 999.000   4.701 999.000
      80     TYR  61.196 999.000  38.054 999.000 177.295 999.000   8.863 999.000 120.745 999.000   3.067 999.000
      81     GLN  58.745 999.000  27.707 999.000 178.151 999.000   8.451 999.000 118.221 999.000   3.846 999.000
      82     SER  60.736 999.000  62.957 999.000 175.925 999.000   7.584 999.000 114.599 999.000   4.271 999.000
      83     PHE  60.863 999.000  39.446 999.000 176.594 999.000   7.155 999.000 123.617 999.000   4.174 999.000
      84     GLU  59.912 999.000  29.282 999.000 178.371 999.000   8.507 999.000 119.104 999.000   3.540 999.000
      85     GLN  58.374 999.000  28.389 999.000 178.108 999.000   7.520 999.000 117.057 999.000   3.972 999.000
      86     VAL  64.828 999.000  32.077 999.000 177.677 999.000   7.052 999.000 118.880 999.000   3.709 999.000
      87     VAL  64.830 999.000  31.014 999.000 177.651 999.000   7.525 999.000 116.716 999.000   3.378 999.000
      88     ASN  56.217 999.000  38.285 999.000 176.981 999.000   8.269 999.000 118.977 999.000   4.286 999.000
      89     GLU  58.527 999.000  29.348 999.000 177.875 999.000   7.517 999.000 118.932 999.000   4.096 999.000
      90     LEU  55.953 999.000  41.532 999.000 176.387 999.000   7.159 999.000 118.104 999.000   4.115 999.000
      91     PHE  59.283 999.000  40.390 999.000 176.610 999.000   7.557 999.000 117.090 999.000   4.335 999.000
      92     ARG  58.752 999.000  29.764 999.000 176.866 999.000   7.969 999.000 120.007 999.000   3.926 999.000
      93     ASP  53.682 999.000  40.583 999.000 176.219 999.000   8.047 999.000 117.239 999.000   4.618 999.000
      94     GLY  44.773 999.000-999.000-999.000 173.293 999.000   7.524 999.000 108.258 999.000   4.019 999.000
      95     VAL  61.499 999.000  33.034 999.000 174.989 999.000   7.889 999.000 119.438 999.000   3.930 999.000
      96     ASN  51.980 999.000  41.042 999.000 174.676 999.000   7.582 999.000 121.352 999.000   4.263 999.000
      97     TRP  60.141 999.000  30.343 999.000 178.167 999.000   8.886 999.000 120.051 999.000   4.537 999.000
      98     GLY  47.059 999.000-999.000-999.000 175.863 999.000   8.863 999.000 107.147 999.000   4.138 999.000
      99     ARG  59.033 999.000  30.099 999.000 178.257 999.000   7.981 999.000 121.418 999.000   4.176 999.000
     100     ILE  65.101 999.000  37.559 999.000 177.582 999.000   7.931 999.000 120.528 999.000   3.968 999.000
     101     VAL  66.923 999.000  31.286 999.000 176.753 999.000   8.282 999.000 119.510 999.000   3.445 999.000
     102     ALA  55.494 999.000  18.054 999.000 178.707 999.000   8.326 999.000 122.611 999.000   3.869 999.000
     103     PHE  60.732 999.000  38.536 999.000 176.920 999.000   8.259 999.000 119.607 999.000   4.256 999.000
     104     PHE  62.637 999.000  38.753 999.000 177.567 999.000   8.675 999.000 118.483 999.000   3.627 999.000
     105     SER  61.959 999.000  62.614 999.000 176.449 999.000   8.415 999.000 115.265 999.000   4.196 999.000
     106     PHE  60.258 999.000  38.395 999.000 176.824 999.000   8.772 999.000 123.572 999.000   4.228 999.000
     107     GLY  47.542 999.000-999.000-999.000 176.204 999.000   8.214 999.000 106.659 999.000   3.642 999.000
     108     GLY  47.335 999.000-999.000-999.000 175.498 999.000   8.472 999.000 109.682 999.000   3.939 999.000
     109     ALA  54.860 999.000  18.337 999.000 178.931 999.000   8.151 999.000 124.539 999.000   4.151 999.000
     110     LEU  57.931 999.000  41.656 999.000 177.543 999.000   8.542 999.000 119.750 999.000   4.096 999.000
     111     CYS 999.000 999.000 999.000 999.000 999.000 999.000 999.000 999.000 999.000 999.000   3.928 999.000
     112     VAL  66.368 999.000  31.297 999.000 177.526 999.000   8.014 999.000 119.992 999.000   3.488 999.000
     113     GLU  59.458 999.000  29.163 999.000 178.358 999.000   8.370 999.000 120.678 999.000   4.010 999.000
     114     SER  62.108 999.000  63.041 999.000 176.329 999.000   8.147 999.000 115.512 999.000   4.103 999.000
     115     VAL  65.273 999.000  31.248 999.000 177.633 999.000   7.581 999.000 120.747 999.000   3.565 999.000
     116     ASP  56.366 999.000  41.180 999.000 177.706 999.000   7.874 999.000 119.922 999.000   4.434 999.000
     117     LYS  56.536 999.000  32.173 999.000 176.031 999.000   7.835 999.000 116.582 999.000   4.217 999.000
     118     GLU  57.398 999.000  27.242 999.000 175.594 999.000   7.912 999.000 115.776 999.000   4.002 999.000
     119     MET  54.760 999.000  31.898 999.000 176.092 999.000   8.446 999.000 118.945 999.000   4.733 999.000
     120     GLN  58.755 999.000  27.964 999.000 177.561 999.000   7.956 999.000 119.812 999.000   3.864 999.000
     121     VAL  64.090 999.000  31.631 999.000 177.184 999.000   7.650 999.000 118.490 999.000   3.866 999.000
     122     LEU  56.833 999.000  41.312 999.000 178.124 999.000   7.790 999.000 119.800 999.000   3.934 999.000
     123     VAL  66.559 999.000  31.261 999.000 177.808 999.000   7.387 999.000 118.814 999.000   3.275 999.000
     124     SER  61.444 999.000  62.816 999.000 176.365 999.000   8.248 999.000 114.614 999.000   4.119 999.000
     125     ARG  58.476 999.000  29.986 999.000 178.167 999.000   6.801 999.000 122.383 999.000   3.756 999.000
     126     ILE  65.612 999.000  37.727 999.000 177.403 999.000   8.206 999.000 120.785 999.000   2.974 999.000
     127     ALA  55.456 999.000  18.111 999.000 179.172 999.000   7.717 999.000 120.577 999.000   3.920 999.000
     128     ALA  54.938 999.000  18.441 999.000 178.924 999.000   7.230 999.000 121.168 999.000   4.173 999.000
     129     TRP  58.643 999.000  28.554 999.000 178.831 999.000   8.755 999.000 119.852 999.000   4.375 999.000
     130     MET  59.811 999.000  32.760 999.000 177.789 999.000   8.734 999.000 117.328 999.000   4.520 999.000
     131     ALA  55.217 999.000  18.265 999.000 178.619 999.000   8.018 999.000 121.791 999.000   4.167 999.000
     132     THR  66.803 999.000  67.961 999.000 175.595 999.000   8.464 999.000 116.072 999.000   3.995 999.000
     133     TYR  62.152 999.000  38.728 999.000 176.864 999.000   8.692 999.000 123.008 999.000   4.224 999.000
     134     LEU  58.521 999.000  41.463 999.000 177.907 999.000   8.702 999.000 119.333 999.000   4.034 999.000
     135     ASN  56.087 999.000  38.780 999.000 177.305 999.000   8.120 999.000 116.672 999.000   4.376 999.000
     136     ASP  55.999 999.000  40.862 999.000 176.920 999.000   8.159 999.000 118.210 999.000   4.382 999.000
     137     HIS  57.295 999.000  31.880 999.000 175.897 999.000   7.809 999.000 114.064 999.000   4.395 999.000
     138     LEU  56.171 999.000  42.481 999.000 177.702 999.000   7.909 999.000 116.518 999.000   4.235 999.000
     139     GLU  61.651 999.000  28.149 999.000 176.170 999.000   8.825 999.000 119.763 999.000   4.023 999.000
     140     PRO  65.436 999.000  31.440 999.000 178.044 999.000-999.000-999.000 999.000 999.000   4.204 999.000
     141     TRP  60.559 999.000  29.485 999.000 177.792 999.000   7.146 999.000 118.538 999.000   4.183 999.000
     142     ILE  65.586 999.000  37.907 999.000 177.333 999.000   8.426 999.000 119.815 999.000   3.156 999.000
     143     GLN  58.974 999.000  28.067 999.000 178.516 999.000   8.359 999.000 118.112 999.000   3.976 999.000
     144     GLU  58.234 999.000  29.702 999.000 177.773 999.000   7.532 999.000 119.040 999.000   3.997 999.000
     145     ASN  54.289 999.000  39.450 999.000 175.445 999.000   7.660 999.000 115.273 999.000   4.353 999.000
     146     GLY  45.190 999.000-999.000-999.000 174.795 999.000   7.606 999.000 107.855 999.000   4.108 999.000
     147     GLY  44.328 999.000-999.000-999.000 173.670 999.000   8.272 999.000 107.608 999.000   4.107 999.000
     148     TRP  59.651 999.000  29.792 999.000 177.542 999.000   8.812 999.000 119.810 999.000   4.610 999.000
     149     ASP  56.901 999.000  39.711 999.000 178.199 999.000   8.443 999.000 119.541 999.000   4.401 999.000
     150     THR  64.799 999.000  68.695 999.000 176.032 999.000   7.616 999.000 114.206 999.000   4.084 999.000
     151     PHE  60.602 999.000  39.530 999.000 176.544 999.000   7.545 999.000 123.235 999.000   3.814 999.000
     152     VAL  64.841 999.000  31.188 999.000 177.428 999.000   7.870 999.000 115.965 999.000   3.782 999.000
     153     GLU  57.631 999.000  29.795 999.000 176.751 999.000   7.453 999.000 118.618 999.000   4.126 999.000
     154     LEU  55.975 999.000  43.669 999.000 176.751 999.000   7.127 999.000 117.935 999.000   4.086 999.000
     155     TYR  57.779 999.000  41.013 999.000 175.397 999.000   7.938 999.000 115.092 999.000   4.497 999.000
     156     GLY  44.595 999.000-999.000-999.000 174.252 999.000   8.218 999.000 107.465 999.000   4.072 999.000
     157     ASN  55.707 999.000  38.471 999.000 176.905 999.000   8.798 999.000 118.866 999.000   4.354 999.000
     158     ASN  55.224 999.000  38.150 999.000 176.716 999.000   8.426 999.000 117.047 999.000   4.534 999.000
     159     ALA  54.511 999.000  18.319 999.000 179.280 999.000   7.652 999.000 122.956 999.000   4.068 999.000
     160     ALA  54.314 999.000  18.052 999.000 179.553 999.000   7.824 999.000 120.187 999.000   4.138 999.000
     161     ALA  54.453 999.000  17.938 999.000 179.793 999.000   7.697 999.000 120.683 999.000   4.169 999.000
     162     GLU  59.077 999.000  28.979 999.000 179.284 999.000   7.935 999.000 117.997 999.000   4.111 999.000
     163     SER  61.034 999.000  63.018 999.000 176.784 999.000   7.897 999.000 115.391 999.000   4.286 999.000
     164     ARG  58.450 999.000  29.625 999.000 178.555 999.000   7.864 999.000 122.145 999.000   4.153 999.000
     165     LYS  58.411 999.000  31.805 999.000 178.932 999.000   8.045 999.000 119.091 999.000   4.146 999.000
     166     GLY  46.208 999.000-999.000-999.000 175.697 999.000   7.860 999.000 107.430 999.000   3.961 999.000
     167     GLN  57.362 999.000  28.734 999.000 177.424 999.000   7.857 999.000 120.482 999.000   4.223 999.000
     168     GLU  57.465 999.000  29.703 999.000 177.313 999.000   7.715 999.000 118.472 999.000   4.270 999.000
     169     ARG 999.000 999.000 999.000 999.000 999.000 999.000 999.000 999.000 999.000 999.000 999.000 999.000
