   index residue  pre_ca  exp_ca  pre_cb  exp_cb   pre_c   exp_c   pre_h   exp_h   pre_n   exp_n  pre_ha  exp_ha
       1     MET 999.000 999.000 999.000 999.000 999.000 999.000-999.000-999.000 999.000 999.000 999.000 999.000
       2     SER 999.000 999.000 999.000 999.000 999.000 999.000 999.000 999.000 999.000 999.000 999.000 999.000
       3     GLN  55.793 999.000  28.368 999.000 176.684 999.000   8.189 999.000 122.400 999.000   4.474 999.000
       4     SER  61.208 999.000  63.085 999.000 175.629 999.000   8.783 999.000 117.557 999.000   4.166 999.000
       5     ASN  55.054 999.000  38.547 999.000 176.098 999.000   8.146 999.000 119.345 999.000   4.722 999.000
       6     ARG  59.351 999.000  29.706 999.000 177.850 999.000   7.874 999.000 121.288 999.000   4.132 999.000
       7     GLU  59.171 999.000  29.104 999.000 178.932 999.000   7.820 999.000 118.598 999.000   4.001 999.000
       8     LEU  57.645 999.000  41.469 999.000 178.703 999.000   7.371 999.000 119.485 999.000   4.010 999.000
       9     VAL  66.475 999.000  31.388 999.000 177.596 999.000   7.666 999.000 119.305 999.000   3.593 999.000
      10     VAL  66.981 999.000  31.170 999.000 176.461 999.000   8.420 999.000 118.726 999.000   3.082 999.000
      11     ASP  57.634 999.000  40.983 999.000 177.695 999.000   7.607 999.000 119.959 999.000   4.229 999.000
      12     PHE  61.454 999.000  39.604 999.000 177.008 999.000   7.649 999.000 120.905 999.000   4.172 999.000
      13     LEU  58.111 999.000  40.984 999.000 178.579 999.000   8.575 999.000 118.430 999.000   3.903 999.000
      14     SER  62.220 999.000  62.561 999.000 176.512 999.000   8.160 999.000 115.090 999.000   4.161 999.000
      15     TYR  61.192 999.000  37.952 999.000 176.977 999.000   8.044 999.000 123.990 999.000   4.261 999.000
      16     LYS  58.491 999.000  31.366 999.000 178.959 999.000   7.948 999.000 118.018 999.000   3.714 999.000
      17     LEU  57.667 999.000  41.676 999.000 178.823 999.000   8.427 999.000 119.090 999.000   4.224 999.000
      18     SER  61.549 999.000  62.898 999.000 177.120 999.000   8.510 999.000 115.895 999.000   4.231 999.000
      19     GLN  57.929 999.000  28.561 999.000 177.132 999.000   7.959 999.000 119.797 999.000   4.054 999.000
      20     LYS  55.520 999.000  32.377 999.000 176.532 999.000   7.310 999.000 116.749 999.000   4.258 999.000
      21     GLY  45.425 999.000-999.000-999.000 174.009 999.000   7.569 999.000 107.573 999.000   3.827 999.000
      22     TYR  56.547 999.000  39.458 999.000 175.528 999.000   7.854 999.000 120.019 999.000   4.823 999.000
      23     SER  57.059 999.000  64.353 999.000 174.912 999.000   8.294 999.000 116.876 999.000   4.629 999.000
      24     TRP  59.743 999.000  29.857 999.000 177.568 999.000   9.100 999.000 126.720 999.000   4.502 999.000
      25     SER  61.107 999.000  62.452 999.000 176.056 999.000   8.426 999.000 114.446 999.000   4.074 999.000
      26     GLN  57.353 999.000  28.813 999.000 176.237 999.000   7.298 999.000 120.796 999.000   3.934 999.000
      27     PHE  57.596 999.000  40.261 999.000 176.110 999.000   7.248 999.000 115.886 999.000   4.393 999.000
      28     SER  57.559 999.000  64.786 999.000 174.169 999.000   7.104 999.000 114.524 999.000   4.266 999.000
      29     ASP  53.818 999.000  41.120 999.000 176.986 999.000   8.361 999.000 122.135 999.000   4.592 999.000
      30     VAL  64.399 999.000  31.778 999.000 177.528 999.000   8.432 999.000 121.757 999.000   3.865 999.000
      31     GLU  58.233 999.000  29.035 999.000 177.722 999.000   8.390 999.000 119.671 999.000   4.144 999.000
      32     GLU  57.176 999.000  30.013 999.000 177.227 999.000   7.890 999.000 117.871 999.000   4.226 999.000
      33     ASN  53.518 999.000  38.780 999.000 175.818 999.000   7.694 999.000 117.464 999.000   4.705 999.000
      34     ARG  56.299 999.000  30.496 999.000 176.403 999.000   8.020 999.000 119.631 999.000   4.409 999.000
      35     THR  62.263 999.000  69.737 999.000 174.895 999.000   8.055 999.000 114.079 999.000   4.310 999.000
      36     GLU  56.507 999.000  30.325 999.000 175.811 999.000   8.518 999.000 121.080 999.000   4.305 999.000
      37     ALA  50.807 999.000  18.396 999.000 175.546 999.000   8.069 999.000 123.050 999.000   4.509 999.000
      38     PRO  62.867 999.000  32.425 999.000 176.616 999.000-999.000-999.000 999.000 999.000   4.546 999.000
      39     GLU  56.424 999.000  30.180 999.000 176.860 999.000   8.535 999.000 121.138 999.000   4.226 999.000
      40     GLY  45.204 999.000-999.000-999.000 174.734 999.000   8.567 999.000 109.554 999.000   4.079 999.000
      41     THR  62.085 999.000  70.088 999.000 175.350 999.000   8.216 999.000 112.621 999.000   4.358 999.000
      42     GLU  58.274 999.000  29.268 999.000 177.482 999.000   8.751 999.000 121.295 999.000   4.190 999.000
      43     SER  60.227 999.000  63.293 999.000 175.814 999.000   8.216 999.000 114.610 999.000   4.243 999.000
      44     GLU  59.349 999.000  28.923 999.000 178.505 999.000   7.928 999.000 122.902 999.000   3.951 999.000
      45     ALA  54.861 999.000  18.313 999.000 179.616 999.000   7.927 999.000 120.506 999.000   4.187 999.000
      46     VAL  65.754 999.000  31.388 999.000 177.807 999.000   7.425 999.000 119.336 999.000   3.636 999.000
      47     LYS  60.144 999.000  31.994 999.000 178.888 999.000   8.194 999.000 119.766 999.000   3.751 999.000
      48     GLN  58.740 999.000  28.269 999.000 178.131 999.000   8.060 999.000 118.654 999.000   3.982 999.000
      49     ALA  55.116 999.000  18.157 999.000 179.618 999.000   7.818 999.000 122.315 999.000   4.052 999.000
      50     LEU  58.168 999.000  41.602 999.000 178.923 999.000   8.544 999.000 118.735 999.000   4.046 999.000
      51     ARG  59.782 999.000  29.861 999.000 178.492 999.000   8.001 999.000 118.753 999.000   3.984 999.000
      52     GLU  59.089 999.000  29.216 999.000 178.925 999.000   8.215 999.000 119.044 999.000   4.138 999.000
      53     ALA  54.855 999.000  18.206 999.000 179.402 999.000   8.472 999.000 121.764 999.000   4.195 999.000
      54     GLY  47.318 999.000-999.000-999.000 175.520 999.000   8.550 999.000 106.601 999.000   4.114 999.000
      55     ASP  56.837 999.000  40.320 999.000 178.011 999.000   8.374 999.000 121.968 999.000   4.609 999.000
      56     GLU  58.843 999.000  29.656 999.000 178.341 999.000   7.815 999.000 120.349 999.000   4.207 999.000
      57     PHE  61.902 999.000  39.051 999.000 177.872 999.000   8.729 999.000 120.071 999.000   4.236 999.000
      58     GLU  58.901 999.000  29.353 999.000 178.380 999.000   8.327 999.000 118.326 999.000   4.192 999.000
      59     LEU  56.966 999.000  42.419 999.000 177.987 999.000   7.530 999.000 120.051 999.000   4.238 999.000
      60     ARG  57.547 999.000  31.061 999.000 176.883 999.000   8.057 999.000 116.011 999.000   3.994 999.000
      61     TYR  56.275 999.000  37.964 999.000 175.611 999.000   7.974 999.000 118.005 999.000   4.784 999.000
      62     ARG  58.681 999.000  30.104 999.000 177.243 999.000   8.023 999.000 120.911 999.000   3.880 999.000
      63     ARG  56.982 999.000  30.012 999.000 177.190 999.000   8.254 999.000 117.301 999.000   4.269 999.000
      64     ALA  54.271 999.000  18.620 999.000 178.087 999.000   7.834 999.000 120.914 999.000   4.142 999.000
      65     PHE  58.090 999.000  39.657 999.000 176.371 999.000   7.620 999.000 113.469 999.000   4.748 999.000
      66     SER  61.315 999.000  62.542 999.000 176.258 999.000   8.023 999.000 116.586 999.000   4.199 999.000
      67     ASP  56.196 999.000  39.965 999.000 178.207 999.000   7.846 999.000 121.997 999.000   4.496 999.000
      68     LEU  57.607 999.000  41.659 999.000 178.694 999.000   7.532 999.000 120.090 999.000   4.021 999.000
      69     THR  65.109 999.000  68.672 999.000 176.655 999.000   8.228 999.000 112.004 999.000   4.234 999.000
      70     SER  60.426 999.000  63.432 999.000 175.682 999.000   7.793 999.000 116.875 999.000   4.360 999.000
      71     GLN  57.275 999.000  28.858 999.000 176.994 999.000   7.593 999.000 120.847 999.000   4.211 999.000
      72     LEU  54.650 999.000  42.286 999.000 176.234 999.000   7.217 999.000 120.767 999.000   4.287 999.000
      73     HIS  55.855 999.000  29.855 999.000 175.453 999.000   8.575 999.000 125.217 999.000   4.627 999.000
      74     ILE  60.953 999.000  38.807 999.000 175.190 999.000   8.064 999.000 123.603 999.000   4.419 999.000
      75     THR  58.441 999.000  70.003 999.000 173.748 999.000   7.992 999.000 116.711 999.000   4.789 999.000
      76     PRO  64.730 999.000  31.637 999.000 177.586 999.000-999.000-999.000 999.000 999.000   4.409 999.000
      77     GLY  45.065 999.000-999.000-999.000 175.077 999.000   8.331 999.000 107.514 999.000   4.130 999.000
      78     THR  63.581 999.000  69.482 999.000 174.172 999.000   7.706 999.000 117.777 999.000   4.227 999.000
      79     ALA  50.823 999.000  21.181 999.000 176.796 999.000   8.603 999.000 128.790 999.000   4.700 999.000
      80     TYR  61.148 999.000  38.049 999.000 177.293 999.000   8.868 999.000 120.762 999.000   3.084 999.000
      81     GLN  58.755 999.000  27.706 999.000 178.163 999.000   8.447 999.000 118.171 999.000   3.843 999.000
      82     SER  60.723 999.000  62.951 999.000 175.941 999.000   7.584 999.000 114.572 999.000   4.274 999.000
      83     PHE  60.858 999.000  39.445 999.000 176.596 999.000   7.163 999.000 123.622 999.000   4.181 999.000
      84     GLU  59.911 999.000  29.291 999.000 178.373 999.000   8.539 999.000 119.159 999.000   3.555 999.000
      85     GLN  58.398 999.000  28.355 999.000 178.142 999.000   7.532 999.000 117.080 999.000   3.972 999.000
      86     VAL  64.859 999.000  32.067 999.000 177.692 999.000   7.052 999.000 118.931 999.000   3.707 999.000
      87     VAL  65.019 999.000  31.029 999.000 177.709 999.000   7.572 999.000 117.262 999.000   3.363 999.000
      88     ASN  56.155 999.000  38.167 999.000 177.085 999.000   8.304 999.000 118.817 999.000   4.287 999.000
      89     GLU  58.513 999.000  29.399 999.000 177.924 999.000   7.469 999.000 119.071 999.000   4.086 999.000
      90     LEU  56.159 999.000  41.619 999.000 176.544 999.000   7.157 999.000 118.325 999.000   4.069 999.000
      91     PHE  59.132 999.000  40.119 999.000 176.528 999.000   7.552 999.000 116.510 999.000   4.357 999.000
      92     ARG  58.742 999.000  29.775 999.000 176.913 999.000   7.824 999.000 120.187 999.000   3.928 999.000
      93     ASP  53.727 999.000  40.624 999.000 176.258 999.000   8.062 999.000 117.210 999.000   4.608 999.000
      94     GLY  44.746 999.000-999.000-999.000 173.288 999.000   7.517 999.000 108.125 999.000   4.031 999.000
      95     VAL  61.614 999.000  32.926 999.000 175.039 999.000   7.916 999.000 119.471 999.000   3.931 999.000
      96     ASN  51.981 999.000  41.072 999.000 174.659 999.000   7.603 999.000 121.525 999.000   4.274 999.000
      97     TRP  60.157 999.000  30.342 999.000 178.164 999.000   8.885 999.000 120.164 999.000   4.525 999.000
      98     GLY  47.073 999.000-999.000-999.000 175.868 999.000   8.890 999.000 107.115 999.000   4.134 999.000
      99     ARG  58.963 999.000  30.066 999.000 178.257 999.000   7.994 999.000 121.449 999.000   4.169 999.000
     100     ILE  65.146 999.000  37.592 999.000 177.579 999.000   7.944 999.000 120.588 999.000   3.980 999.000
     101     VAL  66.935 999.000  31.283 999.000 176.769 999.000   8.286 999.000 119.527 999.000   3.434 999.000
     102     ALA  55.515 999.000  18.051 999.000 178.710 999.000   8.306 999.000 122.593 999.000   3.871 999.000
     103     PHE  60.702 999.000  38.522 999.000 176.932 999.000   8.256 999.000 119.604 999.000   4.270 999.000
     104     PHE  62.609 999.000  38.734 999.000 177.584 999.000   8.684 999.000 118.530 999.000   3.625 999.000
     105     SER  61.945 999.000  62.614 999.000 176.442 999.000   8.412 999.000 115.285 999.000   4.184 999.000
     106     PHE  60.262 999.000  38.408 999.000 176.823 999.000   8.787 999.000 123.578 999.000   4.253 999.000
     107     GLY  47.578 999.000-999.000-999.000 176.210 999.000   8.205 999.000 106.660 999.000   3.626 999.000
     108     GLY  47.342 999.000-999.000-999.000 175.505 999.000   8.449 999.000 109.674 999.000   3.935 999.000
     109     ALA  54.861 999.000  18.341 999.000 178.917 999.000   8.165 999.000 124.570 999.000   4.155 999.000
     110     LEU  57.930 999.000  41.662 999.000 177.545 999.000   8.568 999.000 119.776 999.000   4.105 999.000
     111     CYS 999.000 999.000 999.000 999.000 999.000 999.000 999.000 999.000 999.000 999.000   3.931 999.000
     112     VAL  66.400 999.000  31.303 999.000 177.518 999.000   8.016 999.000 120.069 999.000   3.488 999.000
     113     GLU  59.454 999.000  29.165 999.000 178.365 999.000   8.390 999.000 120.654 999.000   4.013 999.000
     114     SER  62.124 999.000  63.042 999.000 176.337 999.000   8.163 999.000 115.557 999.000   4.103 999.000
     115     VAL  65.286 999.000  31.243 999.000 177.645 999.000   7.596 999.000 120.779 999.000   3.574 999.000
     116     ASP  56.368 999.000  41.151 999.000 177.711 999.000   7.892 999.000 119.941 999.000   4.436 999.000
     117     LYS  56.525 999.000  32.167 999.000 176.026 999.000   7.835 999.000 116.590 999.000   4.219 999.000
     118     GLU  57.394 999.000  27.224 999.000 175.588 999.000   7.914 999.000 115.718 999.000   4.003 999.000
     119     MET  54.749 999.000  31.896 999.000 176.106 999.000   8.458 999.000 118.915 999.000   4.735 999.000
     120     GLN  58.752 999.000  27.948 999.000 177.560 999.000   7.958 999.000 119.783 999.000   3.870 999.000
     121     VAL  64.118 999.000  31.647 999.000 177.182 999.000   7.650 999.000 118.676 999.000   3.864 999.000
     122     LEU  56.808 999.000  41.325 999.000 178.096 999.000   7.810 999.000 119.756 999.000   3.929 999.000
     123     VAL  66.570 999.000  31.266 999.000 177.798 999.000   7.387 999.000 118.822 999.000   3.274 999.000
     124     SER  61.436 999.000  62.812 999.000 176.365 999.000   8.264 999.000 114.570 999.000   4.121 999.000
     125     ARG  58.425 999.000  29.952 999.000 178.170 999.000   6.824 999.000 122.397 999.000   3.759 999.000
     126     ILE  65.623 999.000  37.737 999.000 177.409 999.000   8.228 999.000 120.793 999.000   2.981 999.000
     127     ALA  55.468 999.000  18.116 999.000 179.162 999.000   7.720 999.000 120.610 999.000   3.917 999.000
     128     ALA  54.937 999.000  18.446 999.000 178.911 999.000   7.249 999.000 121.190 999.000   4.167 999.000
     129     TRP  58.654 999.000  28.553 999.000 178.828 999.000   8.757 999.000 119.845 999.000   4.360 999.000
     130     MET  59.808 999.000  32.765 999.000 177.775 999.000   8.729 999.000 117.360 999.000   4.529 999.000
     131     ALA  55.202 999.000  18.266 999.000 178.624 999.000   8.028 999.000 121.726 999.000   4.168 999.000
     132     THR  66.777 999.000  67.971 999.000 175.584 999.000   8.448 999.000 116.072 999.000   3.999 999.000
     133     TYR  62.162 999.000  38.737 999.000 176.865 999.000   8.698 999.000 123.006 999.000   4.218 999.000
     134     LEU  58.539 999.000  41.470 999.000 177.864 999.000   8.715 999.000 119.292 999.000   4.033 999.000
     135     ASN  56.121 999.000  38.809 999.000 177.269 999.000   8.095 999.000 116.683 999.000   4.377 999.000
     136     ASP  56.006 999.000  40.859 999.000 176.929 999.000   8.144 999.000 118.249 999.000   4.387 999.000
     137     HIS  57.295 999.000  31.851 999.000 175.898 999.000   7.808 999.000 114.048 999.000   4.389 999.000
     138     LEU  56.151 999.000  42.501 999.000 177.704 999.000   7.916 999.000 116.515 999.000   4.221 999.000
     139     GLU  61.664 999.000  28.145 999.000 176.171 999.000   8.822 999.000 119.730 999.000   4.024 999.000
     140     PRO  65.441 999.000  31.437 999.000 178.040 999.000-999.000-999.000 999.000 999.000   4.205 999.000
     141     TRP  60.550 999.000  29.496 999.000 177.789 999.000   7.148 999.000 118.546 999.000   4.177 999.000
     142     ILE  65.588 999.000  37.908 999.000 177.324 999.000   8.435 999.000 119.811 999.000   3.162 999.000
     143     GLN  58.985 999.000  28.053 999.000 178.538 999.000   8.350 999.000 118.113 999.000   3.976 999.000
     144     GLU  58.274 999.000  29.670 999.000 177.801 999.000   7.544 999.000 119.086 999.000   3.994 999.000
     145     ASN  54.301 999.000  39.456 999.000 175.464 999.000   7.668 999.000 115.231 999.000   4.355 999.000
     146     GLY  45.202 999.000-999.000-999.000 174.815 999.000   7.604 999.000 107.905 999.000   4.112 999.000
     147     GLY  44.324 999.000-999.000-999.000 173.681 999.000   8.283 999.000 107.563 999.000   4.108 999.000
     148     TRP  59.684 999.000  29.779 999.000 177.548 999.000   8.820 999.000 119.834 999.000   4.603 999.000
     149     ASP  56.878 999.000  39.718 999.000 178.197 999.000   8.440 999.000 119.553 999.000   4.407 999.000
     150     THR  64.799 999.000  68.699 999.000 176.038 999.000   7.617 999.000 114.245 999.000   4.079 999.000
     151     PHE  60.622 999.000  39.508 999.000 176.513 999.000   7.516 999.000 123.237 999.000   3.802 999.000
     152     VAL  64.826 999.000  31.152 999.000 177.407 999.000   7.857 999.000 115.792 999.000   3.765 999.000
     153     GLU  57.596 999.000  29.822 999.000 176.717 999.000   7.443 999.000 118.650 999.000   4.129 999.000
     154     LEU  55.959 999.000  43.688 999.000 176.758 999.000   7.158 999.000 118.023 999.000   4.098 999.000
     155     TYR  57.817 999.000  40.934 999.000 175.410 999.000   7.954 999.000 115.171 999.000   4.480 999.000
     156     GLY  44.558 999.000-999.000-999.000 174.257 999.000   8.214 999.000 107.592 999.000   4.080 999.000
     157     ASN  55.656 999.000  38.446 999.000 176.866 999.000   8.769 999.000 118.874 999.000   4.355 999.000
     158     ASN  55.186 999.000  38.191 999.000 176.676 999.000   8.412 999.000 117.091 999.000   4.538 999.000
     159     ALA  54.527 999.000  18.307 999.000 179.268 999.000   7.675 999.000 122.910 999.000   4.066 999.000
     160     ALA  54.331 999.000  18.048 999.000 179.578 999.000   7.786 999.000 120.188 999.000   4.138 999.000
     161     ALA  54.471 999.000  17.977 999.000 179.799 999.000   7.681 999.000 120.691 999.000   4.174 999.000
     162     GLU  59.045 999.000  28.999 999.000 179.260 999.000   7.940 999.000 117.971 999.000   4.114 999.000
     163     SER  61.003 999.000  63.034 999.000 176.719 999.000   7.921 999.000 115.325 999.000   4.290 999.000
     164     ARG  58.378 999.000  29.628 999.000 178.491 999.000   7.858 999.000 122.134 999.000   4.165 999.000
     165     LYS  58.397 999.000  31.782 999.000 178.932 999.000   8.013 999.000 119.035 999.000   4.152 999.000
     166     GLY  46.218 999.000-999.000-999.000 175.717 999.000   7.833 999.000 107.420 999.000   3.963 999.000
     167     GLN  57.378 999.000  28.705 999.000 177.454 999.000   7.829 999.000 120.486 999.000   4.222 999.000
     168     GLU  57.480 999.000  29.684 999.000 177.310 999.000   7.707 999.000 118.491 999.000   4.263 999.000
     169     ARG 999.000 999.000 999.000 999.000 999.000 999.000 999.000 999.000 999.000 999.000 999.000 999.000
