   index residue  pre_ca  exp_ca  pre_cb  exp_cb   pre_c   exp_c   pre_h   exp_h   pre_n   exp_n  pre_ha  exp_ha
       1     MET 999.000 999.000 999.000 999.000 999.000 999.000-999.000-999.000 999.000 999.000 999.000 999.000
       2     SER 999.000 999.000 999.000 999.000 999.000 999.000 999.000 999.000 999.000 999.000 999.000 999.000
       3     GLN  56.118 999.000  28.358 999.000 176.914 999.000   8.365 999.000 121.690 999.000   4.443 999.000
       4     SER  61.234 999.000  63.029 999.000 175.734 999.000   8.759 999.000 116.553 999.000   4.160 999.000
       5     ASN  55.084 999.000  38.505 999.000 176.193 999.000   8.145 999.000 119.415 999.000   4.711 999.000
       6     ARG  59.346 999.000  29.715 999.000 177.869 999.000   7.813 999.000 121.353 999.000   4.135 999.000
       7     GLU  59.163 999.000  29.117 999.000 178.918 999.000   7.875 999.000 118.562 999.000   3.997 999.000
       8     LEU  57.638 999.000  41.488 999.000 178.712 999.000   7.369 999.000 119.526 999.000   4.003 999.000
       9     VAL  66.478 999.000  31.384 999.000 177.600 999.000   7.693 999.000 119.385 999.000   3.605 999.000
      10     VAL  67.033 999.000  31.190 999.000 176.452 999.000   8.424 999.000 118.949 999.000   3.093 999.000
      11     ASP  57.621 999.000  41.016 999.000 177.676 999.000   7.638 999.000 119.984 999.000   4.220 999.000
      12     PHE  61.480 999.000  39.646 999.000 177.023 999.000   7.694 999.000 120.850 999.000   4.166 999.000
      13     LEU  58.099 999.000  40.983 999.000 178.554 999.000   8.557 999.000 118.298 999.000   3.910 999.000
      14     SER  62.104 999.000  62.568 999.000 176.459 999.000   8.104 999.000 115.078 999.000   4.154 999.000
      15     TYR  61.086 999.000  37.863 999.000 176.974 999.000   8.003 999.000 123.975 999.000   4.262 999.000
      16     LYS  58.483 999.000  31.360 999.000 178.931 999.000   7.885 999.000 118.020 999.000   3.694 999.000
      17     LEU  57.604 999.000  41.706 999.000 178.810 999.000   8.377 999.000 119.017 999.000   4.228 999.000
      18     SER  61.563 999.000  62.907 999.000 177.093 999.000   8.502 999.000 115.895 999.000   4.233 999.000
      19     GLN  57.923 999.000  28.568 999.000 177.158 999.000   7.942 999.000 119.841 999.000   4.062 999.000
      20     LYS  55.593 999.000  32.383 999.000 176.564 999.000   7.316 999.000 116.810 999.000   4.259 999.000
      21     GLY  45.433 999.000-999.000-999.000 173.981 999.000   7.573 999.000 107.565 999.000   3.832 999.000
      22     TYR  56.574 999.000  39.478 999.000 175.533 999.000   7.880 999.000 120.080 999.000   4.821 999.000
      23     SER  57.127 999.000  64.329 999.000 174.954 999.000   8.291 999.000 117.181 999.000   4.623 999.000
      24     TRP  59.712 999.000  29.878 999.000 177.565 999.000   9.118 999.000 126.648 999.000   4.533 999.000
      25     SER  61.119 999.000  62.433 999.000 176.087 999.000   8.431 999.000 114.517 999.000   4.089 999.000
      26     GLN  57.396 999.000  28.761 999.000 176.269 999.000   7.310 999.000 120.772 999.000   3.928 999.000
      27     PHE  57.607 999.000  40.325 999.000 176.113 999.000   7.249 999.000 115.870 999.000   4.381 999.000
      28     SER  57.536 999.000  64.853 999.000 174.136 999.000   7.156 999.000 114.432 999.000   4.274 999.000
      29     ASP  53.568 999.000  40.751 999.000 176.976 999.000   8.400 999.000 122.193 999.000   4.604 999.000
      30     VAL  64.342 999.000  31.708 999.000 177.525 999.000   8.292 999.000 121.055 999.000   3.856 999.000
      31     GLU  58.165 999.000  29.114 999.000 177.683 999.000   8.382 999.000 119.686 999.000   4.151 999.000
      32     GLU  57.195 999.000  30.084 999.000 177.220 999.000   7.853 999.000 117.892 999.000   4.223 999.000
      33     ASN  53.380 999.000  38.810 999.000 175.763 999.000   7.703 999.000 117.457 999.000   4.716 999.000
      34     ARG  56.428 999.000  30.481 999.000 176.472 999.000   8.077 999.000 119.785 999.000   4.388 999.000
      35     THR  62.038 999.000  69.888 999.000 174.843 999.000   8.015 999.000 113.594 999.000   4.342 999.000
      36     GLU  56.468 999.000  30.322 999.000 175.816 999.000   8.534 999.000 121.288 999.000   4.306 999.000
      37     ALA  50.836 999.000  18.342 999.000 175.600 999.000   8.134 999.000 123.354 999.000   4.500 999.000
      38     PRO  62.877 999.000  32.447 999.000 176.577 999.000-999.000-999.000 999.000 999.000   4.544 999.000
      39     GLU  56.410 999.000  30.234 999.000 176.860 999.000   8.545 999.000 121.024 999.000   4.233 999.000
      40     GLY  45.195 999.000-999.000-999.000 174.708 999.000   8.546 999.000 109.095 999.000   4.075 999.000
      41     THR  61.833 999.000  70.285 999.000 175.231 999.000   8.167 999.000 112.603 999.000   4.395 999.000
      42     GLU  58.192 999.000  29.242 999.000 177.452 999.000   8.803 999.000 121.216 999.000   4.195 999.000
      43     SER  60.204 999.000  63.283 999.000 175.771 999.000   8.223 999.000 114.703 999.000   4.247 999.000
      44     GLU  59.355 999.000  28.948 999.000 178.473 999.000   7.942 999.000 123.014 999.000   3.945 999.000
      45     ALA  54.889 999.000  18.316 999.000 179.623 999.000   7.931 999.000 120.478 999.000   4.185 999.000
      46     VAL  65.774 999.000  31.380 999.000 177.814 999.000   7.455 999.000 119.351 999.000   3.643 999.000
      47     LYS  60.155 999.000  32.004 999.000 178.897 999.000   8.200 999.000 119.775 999.000   3.744 999.000
      48     GLN  58.740 999.000  28.223 999.000 178.148 999.000   8.087 999.000 118.700 999.000   3.975 999.000
      49     ALA  55.135 999.000  18.140 999.000 179.626 999.000   7.850 999.000 122.356 999.000   4.055 999.000
      50     LEU  58.184 999.000  41.572 999.000 178.871 999.000   8.534 999.000 118.827 999.000   4.064 999.000
      51     ARG  59.789 999.000  29.844 999.000 178.495 999.000   8.008 999.000 118.741 999.000   3.961 999.000
      52     GLU  59.107 999.000  29.188 999.000 178.917 999.000   8.221 999.000 119.091 999.000   4.136 999.000
      53     ALA  54.829 999.000  18.207 999.000 179.409 999.000   8.458 999.000 121.698 999.000   4.199 999.000
      54     GLY  47.329 999.000-999.000-999.000 175.547 999.000   8.586 999.000 106.571 999.000   4.118 999.000
      55     ASP  56.829 999.000  40.342 999.000 177.991 999.000   8.374 999.000 121.927 999.000   4.619 999.000
      56     GLU  58.881 999.000  29.662 999.000 178.321 999.000   7.805 999.000 120.417 999.000   4.207 999.000
      57     PHE  61.900 999.000  39.011 999.000 177.966 999.000   8.736 999.000 119.819 999.000   4.246 999.000
      58     GLU  58.863 999.000  29.382 999.000 178.326 999.000   8.285 999.000 118.334 999.000   4.223 999.000
      59     LEU  56.946 999.000  42.508 999.000 177.896 999.000   7.527 999.000 119.992 999.000   4.247 999.000
      60     ARG  57.425 999.000  31.204 999.000 176.769 999.000   8.091 999.000 115.677 999.000   4.012 999.000
      61     TYR  56.279 999.000  37.994 999.000 175.630 999.000   7.925 999.000 117.725 999.000   4.788 999.000
      62     ARG  58.804 999.000  30.054 999.000 177.392 999.000   7.987 999.000 120.923 999.000   3.836 999.000
      63     ARG  57.262 999.000  29.777 999.000 177.431 999.000   8.276 999.000 117.465 999.000   4.228 999.000
      64     ALA  54.215 999.000  18.610 999.000 177.990 999.000   7.760 999.000 120.870 999.000   4.167 999.000
      65     PHE  57.898 999.000  39.773 999.000 176.319 999.000   7.584 999.000 113.261 999.000   4.761 999.000
      66     SER  61.338 999.000  62.529 999.000 176.246 999.000   8.117 999.000 116.733 999.000   4.195 999.000
      67     ASP  56.158 999.000  39.937 999.000 178.166 999.000   7.852 999.000 121.969 999.000   4.496 999.000
      68     LEU  57.534 999.000  41.618 999.000 178.675 999.000   7.544 999.000 120.053 999.000   4.019 999.000
      69     THR  65.281 999.000  68.647 999.000 176.694 999.000   8.274 999.000 112.547 999.000   4.243 999.000
      70     SER  60.386 999.000  63.444 999.000 175.665 999.000   7.823 999.000 116.741 999.000   4.362 999.000
      71     GLN  57.320 999.000  28.893 999.000 177.061 999.000   7.566 999.000 121.052 999.000   4.216 999.000
      72     LEU  54.690 999.000  42.243 999.000 176.232 999.000   7.228 999.000 120.753 999.000   4.280 999.000
      73     HIS  55.843 999.000  29.835 999.000 175.436 999.000   8.590 999.000 125.480 999.000   4.633 999.000
      74     ILE  60.987 999.000  38.734 999.000 175.201 999.000   8.076 999.000 123.935 999.000   4.404 999.000
      75     THR  58.437 999.000  70.005 999.000 173.724 999.000   7.991 999.000 117.038 999.000   4.787 999.000
      76     PRO  64.731 999.000  31.638 999.000 177.570 999.000-999.000-999.000 999.000 999.000   4.410 999.000
      77     GLY  45.072 999.000-999.000-999.000 175.071 999.000   8.329 999.000 107.531 999.000   4.130 999.000
      78     THR  63.621 999.000  69.470 999.000 174.174 999.000   7.711 999.000 117.843 999.000   4.224 999.000
      79     ALA  50.848 999.000  21.185 999.000 176.796 999.000   8.608 999.000 128.832 999.000   4.696 999.000
      80     TYR  61.187 999.000  38.055 999.000 177.292 999.000   8.876 999.000 120.798 999.000   3.107 999.000
      81     GLN  58.733 999.000  27.707 999.000 178.143 999.000   8.450 999.000 118.126 999.000   3.846 999.000
      82     SER  60.718 999.000  62.965 999.000 175.978 999.000   7.571 999.000 114.599 999.000   4.273 999.000
      83     PHE  60.912 999.000  39.386 999.000 176.610 999.000   7.164 999.000 123.594 999.000   4.168 999.000
      84     GLU  59.920 999.000  29.304 999.000 178.357 999.000   8.542 999.000 119.147 999.000   3.570 999.000
      85     GLN  58.438 999.000  28.343 999.000 178.230 999.000   7.520 999.000 117.188 999.000   3.972 999.000
      86     VAL  64.964 999.000  32.012 999.000 177.724 999.000   7.077 999.000 119.131 999.000   3.699 999.000
      87     VAL  65.245 999.000  31.072 999.000 177.752 999.000   7.617 999.000 117.849 999.000   3.333 999.000
      88     ASN  56.061 999.000  38.022 999.000 177.193 999.000   8.353 999.000 118.601 999.000   4.296 999.000
      89     GLU  58.441 999.000  29.514 999.000 177.951 999.000   7.403 999.000 119.271 999.000   4.085 999.000
      90     LEU  56.459 999.000  41.742 999.000 176.770 999.000   7.204 999.000 118.721 999.000   4.018 999.000
      91     PHE  58.920 999.000  39.656 999.000 176.392 999.000   7.593 999.000 115.937 999.000   4.397 999.000
      92     ARG  58.711 999.000  29.793 999.000 176.915 999.000   7.659 999.000 120.347 999.000   3.934 999.000
      93     ASP  53.773 999.000  40.650 999.000 176.274 999.000   8.082 999.000 117.043 999.000   4.614 999.000
      94     GLY  44.707 999.000-999.000-999.000 173.331 999.000   7.524 999.000 108.053 999.000   4.049 999.000
      95     VAL  61.854 999.000  32.735 999.000 175.125 999.000   7.945 999.000 119.536 999.000   3.896 999.000
      96     ASN  51.984 999.000  41.100 999.000 174.633 999.000   7.638 999.000 121.838 999.000   4.292 999.000
      97     TRP  60.110 999.000  30.373 999.000 178.155 999.000   8.904 999.000 120.362 999.000   4.540 999.000
      98     GLY  47.085 999.000-999.000-999.000 175.902 999.000   8.889 999.000 107.073 999.000   4.141 999.000
      99     ARG  58.889 999.000  29.992 999.000 178.268 999.000   8.014 999.000 121.371 999.000   4.170 999.000
     100     ILE  65.208 999.000  37.631 999.000 177.588 999.000   7.957 999.000 120.633 999.000   3.996 999.000
     101     VAL  66.939 999.000  31.278 999.000 176.760 999.000   8.315 999.000 119.473 999.000   3.430 999.000
     102     ALA  55.513 999.000  18.050 999.000 178.705 999.000   8.241 999.000 122.658 999.000   3.894 999.000
     103     PHE  60.706 999.000  38.518 999.000 176.922 999.000   8.283 999.000 119.640 999.000   4.264 999.000
     104     PHE  62.568 999.000  38.716 999.000 177.623 999.000   8.692 999.000 118.547 999.000   3.626 999.000
     105     SER  61.961 999.000  62.613 999.000 176.425 999.000   8.406 999.000 115.376 999.000   4.164 999.000
     106     PHE  60.220 999.000  38.436 999.000 176.827 999.000   8.810 999.000 123.592 999.000   4.279 999.000
     107     GLY  47.582 999.000-999.000-999.000 176.198 999.000   8.228 999.000 106.641 999.000   3.625 999.000
     108     GLY  47.312 999.000-999.000-999.000 175.506 999.000   8.457 999.000 109.686 999.000   3.936 999.000
     109     ALA  54.873 999.000  18.328 999.000 178.963 999.000   8.202 999.000 124.585 999.000   4.162 999.000
     110     LEU  58.024 999.000  41.620 999.000 177.588 999.000   8.557 999.000 119.723 999.000   4.104 999.000
     111     CYS 999.000 999.000 999.000 999.000 999.000 999.000 999.000 999.000 999.000 999.000   3.932 999.000
     112     VAL  66.399 999.000  31.292 999.000 177.536 999.000   8.018 999.000 120.077 999.000   3.494 999.000
     113     GLU  59.476 999.000  29.131 999.000 178.400 999.000   8.396 999.000 120.641 999.000   4.013 999.000
     114     SER  62.127 999.000  63.030 999.000 176.330 999.000   8.180 999.000 115.592 999.000   4.102 999.000
     115     VAL  65.265 999.000  31.231 999.000 177.641 999.000   7.585 999.000 120.651 999.000   3.589 999.000
     116     ASP  56.364 999.000  41.165 999.000 177.707 999.000   7.903 999.000 119.973 999.000   4.435 999.000
     117     LYS  56.503 999.000  32.168 999.000 176.033 999.000   7.836 999.000 116.542 999.000   4.217 999.000
     118     GLU  57.385 999.000  27.209 999.000 175.558 999.000   7.917 999.000 115.787 999.000   4.006 999.000
     119     MET  54.743 999.000  31.992 999.000 176.105 999.000   8.478 999.000 118.877 999.000   4.736 999.000
     120     GLN  58.758 999.000  27.914 999.000 177.581 999.000   7.977 999.000 119.705 999.000   3.874 999.000
     121     VAL  64.094 999.000  31.567 999.000 177.230 999.000   7.633 999.000 118.217 999.000   3.865 999.000
     122     LEU  56.823 999.000  41.308 999.000 178.130 999.000   7.823 999.000 119.631 999.000   3.935 999.000
     123     VAL  66.593 999.000  31.269 999.000 177.792 999.000   7.405 999.000 118.843 999.000   3.271 999.000
     124     SER  61.428 999.000  62.795 999.000 176.340 999.000   8.276 999.000 114.549 999.000   4.116 999.000
     125     ARG  58.447 999.000  30.011 999.000 178.126 999.000   6.823 999.000 122.407 999.000   3.771 999.000
     126     ILE  65.632 999.000  37.750 999.000 177.408 999.000   8.246 999.000 120.842 999.000   2.967 999.000
     127     ALA  55.461 999.000  18.121 999.000 179.152 999.000   7.751 999.000 120.554 999.000   3.925 999.000
     128     ALA  54.927 999.000  18.459 999.000 178.886 999.000   7.227 999.000 121.204 999.000   4.169 999.000
     129     TRP  58.645 999.000  28.549 999.000 178.834 999.000   8.760 999.000 119.870 999.000   4.368 999.000
     130     MET  59.806 999.000  32.762 999.000 177.781 999.000   8.719 999.000 117.350 999.000   4.532 999.000
     131     ALA  55.224 999.000  18.262 999.000 178.624 999.000   8.032 999.000 121.721 999.000   4.174 999.000
     132     THR  66.777 999.000  67.962 999.000 175.587 999.000   8.432 999.000 116.070 999.000   3.993 999.000
     133     TYR  62.167 999.000  38.759 999.000 176.901 999.000   8.706 999.000 122.971 999.000   4.213 999.000
     134     LEU  58.537 999.000  41.478 999.000 177.833 999.000   8.704 999.000 119.286 999.000   4.048 999.000
     135     ASN  56.161 999.000  38.852 999.000 177.235 999.000   8.112 999.000 116.699 999.000   4.377 999.000
     136     ASP  55.991 999.000  40.869 999.000 176.929 999.000   8.130 999.000 118.223 999.000   4.392 999.000
     137     HIS  57.283 999.000  31.898 999.000 175.879 999.000   7.790 999.000 114.033 999.000   4.405 999.000
     138     LEU  56.164 999.000  42.490 999.000 177.689 999.000   7.941 999.000 116.529 999.000   4.198 999.000
     139     GLU  61.692 999.000  28.129 999.000 176.171 999.000   8.829 999.000 119.693 999.000   4.024 999.000
     140     PRO  65.436 999.000  31.443 999.000 178.030 999.000-999.000-999.000 999.000 999.000   4.206 999.000
     141     TRP  60.527 999.000  29.504 999.000 177.773 999.000   7.123 999.000 118.533 999.000   4.181 999.000
     142     ILE  65.607 999.000  37.905 999.000 177.276 999.000   8.465 999.000 119.879 999.000   3.160 999.000
     143     GLN  59.011 999.000  28.038 999.000 178.572 999.000   8.335 999.000 118.081 999.000   3.977 999.000
     144     GLU  58.261 999.000  29.681 999.000 177.806 999.000   7.516 999.000 119.101 999.000   3.993 999.000
     145     ASN  54.382 999.000  39.540 999.000 175.561 999.000   7.689 999.000 115.271 999.000   4.315 999.000
     146     GLY  45.201 999.000-999.000-999.000 174.775 999.000   7.568 999.000 107.693 999.000   4.108 999.000
     147     GLY  44.336 999.000-999.000-999.000 173.662 999.000   8.281 999.000 107.490 999.000   4.117 999.000
     148     TRP  59.781 999.000  29.729 999.000 177.588 999.000   8.857 999.000 119.928 999.000   4.602 999.000
     149     ASP  56.799 999.000  39.722 999.000 178.128 999.000   8.447 999.000 119.611 999.000   4.425 999.000
     150     THR  64.538 999.000  68.719 999.000 175.985 999.000   7.600 999.000 113.707 999.000   4.106 999.000
     151     PHE  60.596 999.000  39.537 999.000 176.517 999.000   7.546 999.000 123.388 999.000   3.798 999.000
     152     VAL  64.761 999.000  31.159 999.000 177.393 999.000   7.763 999.000 115.706 999.000   3.781 999.000
     153     GLU  57.631 999.000  29.810 999.000 176.713 999.000   7.452 999.000 118.659 999.000   4.126 999.000
     154     LEU  55.940 999.000  43.706 999.000 176.764 999.000   7.159 999.000 117.844 999.000   4.098 999.000
     155     TYR  57.765 999.000  40.992 999.000 175.377 999.000   7.924 999.000 115.131 999.000   4.495 999.000
     156     GLY  44.548 999.000-999.000-999.000 174.260 999.000   8.244 999.000 107.567 999.000   4.088 999.000
     157     ASN  55.687 999.000  38.430 999.000 176.890 999.000   8.799 999.000 118.992 999.000   4.354 999.000
     158     ASN  55.212 999.000  38.179 999.000 176.673 999.000   8.415 999.000 117.145 999.000   4.539 999.000
     159     ALA  54.547 999.000  18.287 999.000 179.297 999.000   7.682 999.000 123.002 999.000   4.060 999.000
     160     ALA  54.421 999.000  18.014 999.000 179.629 999.000   7.865 999.000 120.224 999.000   4.128 999.000
     161     ALA  54.527 999.000  17.972 999.000 179.841 999.000   7.689 999.000 120.668 999.000   4.173 999.000
     162     GLU  59.037 999.000  29.026 999.000 179.286 999.000   7.950 999.000 118.001 999.000   4.118 999.000
     163     SER  61.025 999.000  63.015 999.000 176.768 999.000   7.969 999.000 115.352 999.000   4.285 999.000
     164     ARG  58.369 999.000  29.586 999.000 178.510 999.000   7.889 999.000 122.116 999.000   4.164 999.000
     165     LYS  58.418 999.000  31.775 999.000 178.975 999.000   8.013 999.000 119.079 999.000   4.153 999.000
     166     GLY  46.234 999.000-999.000-999.000 175.728 999.000   7.854 999.000 107.429 999.000   3.961 999.000
     167     GLN  57.372 999.000  28.722 999.000 177.455 999.000   7.812 999.000 120.469 999.000   4.221 999.000
     168     GLU  57.468 999.000  29.722 999.000 177.315 999.000   7.723 999.000 118.498 999.000   4.261 999.000
     169     ARG 999.000 999.000 999.000 999.000 999.000 999.000 999.000 999.000 999.000 999.000 999.000 999.000
