   index residue  pre_ca  exp_ca  pre_cb  exp_cb   pre_c   exp_c   pre_h   exp_h   pre_n   exp_n  pre_ha  exp_ha
       1     MET 999.000 999.000 999.000 999.000 999.000 999.000-999.000-999.000 999.000 999.000 999.000 999.000
       2     SER 999.000 999.000 999.000 999.000 999.000 999.000 999.000 999.000 999.000 999.000 999.000 999.000
       3     GLN  57.804 999.000  28.070 999.000 177.650 999.000   8.888 999.000 122.806 999.000   4.227 999.000
       4     SER  61.223 999.000  62.842 999.000 175.952 999.000   8.751 999.000 114.547 999.000   4.167 999.000
       5     ASN  55.294 999.000  38.615 999.000 176.578 999.000   8.004 999.000 119.865 999.000   4.695 999.000
       6     ARG  59.440 999.000  29.839 999.000 177.937 999.000   7.997 999.000 121.420 999.000   4.115 999.000
       7     GLU  59.138 999.000  29.085 999.000 178.887 999.000   8.201 999.000 118.704 999.000   3.983 999.000
       8     LEU  57.600 999.000  41.616 999.000 178.568 999.000   7.343 999.000 119.311 999.000   4.002 999.000
       9     VAL  66.471 999.000  31.402 999.000 177.581 999.000   7.656 999.000 119.350 999.000   3.656 999.000
      10     VAL  66.998 999.000  31.182 999.000 176.514 999.000   8.475 999.000 118.745 999.000   3.104 999.000
      11     ASP  57.568 999.000  41.104 999.000 177.590 999.000   7.540 999.000 120.096 999.000   4.217 999.000
      12     PHE  61.401 999.000  39.599 999.000 177.014 999.000   7.687 999.000 120.495 999.000   4.160 999.000
      13     LEU  58.202 999.000  41.059 999.000 178.530 999.000   8.534 999.000 118.224 999.000   3.931 999.000
      14     SER  62.078 999.000  62.600 999.000 176.478 999.000   8.072 999.000 114.997 999.000   4.125 999.000
      15     TYR  61.109 999.000  37.914 999.000 176.967 999.000   7.960 999.000 124.012 999.000   4.252 999.000
      16     LYS  58.577 999.000  31.372 999.000 178.974 999.000   7.911 999.000 118.259 999.000   3.701 999.000
      17     LEU  57.650 999.000  41.665 999.000 178.841 999.000   8.437 999.000 118.966 999.000   4.218 999.000
      18     SER  61.555 999.000  62.935 999.000 177.084 999.000   8.452 999.000 115.844 999.000   4.231 999.000
      19     GLN  57.912 999.000  28.508 999.000 177.173 999.000   7.967 999.000 119.917 999.000   4.056 999.000
      20     LYS  55.630 999.000  32.425 999.000 176.544 999.000   7.330 999.000 116.838 999.000   4.261 999.000
      21     GLY  45.418 999.000-999.000-999.000 174.037 999.000   7.580 999.000 107.643 999.000   3.829 999.000
      22     TYR  56.620 999.000  39.502 999.000 175.535 999.000   7.875 999.000 120.258 999.000   4.816 999.000
      23     SER  57.127 999.000  64.344 999.000 174.936 999.000   8.259 999.000 116.890 999.000   4.623 999.000
      24     TRP  59.574 999.000  29.905 999.000 177.550 999.000   9.112 999.000 126.677 999.000   4.583 999.000
      25     SER  61.204 999.000  62.452 999.000 176.141 999.000   8.427 999.000 114.664 999.000   4.067 999.000
      26     GLN  57.492 999.000  28.709 999.000 176.300 999.000   7.328 999.000 120.748 999.000   3.923 999.000
      27     PHE  57.556 999.000  40.257 999.000 176.075 999.000   7.240 999.000 115.977 999.000   4.376 999.000
      28     SER  57.581 999.000  64.803 999.000 174.104 999.000   7.068 999.000 114.567 999.000   4.252 999.000
      29     ASP  53.474 999.000  40.727 999.000 177.020 999.000   8.404 999.000 122.464 999.000   4.627 999.000
      30     VAL  64.334 999.000  31.707 999.000 177.415 999.000   8.259 999.000 121.189 999.000   3.851 999.000
      31     GLU  58.071 999.000  29.187 999.000 177.611 999.000   8.350 999.000 119.641 999.000   4.154 999.000
      32     GLU  57.258 999.000  30.162 999.000 177.330 999.000   7.838 999.000 117.978 999.000   4.217 999.000
      33     ASN  53.351 999.000  38.682 999.000 175.780 999.000   7.729 999.000 117.433 999.000   4.703 999.000
      34     ARG  56.352 999.000  30.540 999.000 176.658 999.000   8.071 999.000 119.729 999.000   4.376 999.000
      35     THR  62.006 999.000  69.869 999.000 174.799 999.000   7.926 999.000 113.430 999.000   4.352 999.000
      36     GLU  56.496 999.000  30.270 999.000 175.849 999.000   8.555 999.000 122.167 999.000   4.293 999.000
      37     ALA  50.861 999.000  18.286 999.000 175.617 999.000   8.167 999.000 123.427 999.000   4.497 999.000
      38     PRO  63.110 999.000  32.302 999.000 176.655 999.000-999.000-999.000 999.000 999.000   4.533 999.000
      39     GLU  56.269 999.000  30.411 999.000 176.813 999.000   8.487 999.000 119.902 999.000   4.268 999.000
      40     GLY  45.151 999.000-999.000-999.000 174.588 999.000   8.483 999.000 109.196 999.000   4.068 999.000
      41     THR  61.639 999.000  70.425 999.000 175.003 999.000   8.135 999.000 112.654 999.000   4.430 999.000
      42     GLU  57.688 999.000  29.451 999.000 177.075 999.000   8.853 999.000 121.790 999.000   4.244 999.000
      43     SER  59.607 999.000  63.464 999.000 175.513 999.000   8.319 999.000 114.515 999.000   4.305 999.000
      44     GLU  59.379 999.000  29.013 999.000 178.340 999.000   8.067 999.000 123.242 999.000   3.947 999.000
      45     ALA  54.847 999.000  18.323 999.000 179.634 999.000   7.992 999.000 120.398 999.000   4.176 999.000
      46     VAL  65.830 999.000  31.378 999.000 177.827 999.000   7.434 999.000 119.271 999.000   3.645 999.000
      47     LYS  60.153 999.000  32.020 999.000 178.902 999.000   8.160 999.000 119.672 999.000   3.731 999.000
      48     GLN  58.749 999.000  28.232 999.000 178.212 999.000   8.105 999.000 118.645 999.000   3.951 999.000
      49     ALA  55.092 999.000  18.164 999.000 179.539 999.000   7.810 999.000 122.372 999.000   3.990 999.000
      50     LEU  58.104 999.000  41.520 999.000 178.771 999.000   8.483 999.000 118.908 999.000   4.082 999.000
      51     ARG  59.740 999.000  29.729 999.000 178.429 999.000   8.009 999.000 118.936 999.000   3.913 999.000
      52     GLU  59.073 999.000  29.205 999.000 178.903 999.000   8.108 999.000 118.875 999.000   4.128 999.000
      53     ALA  54.845 999.000  18.200 999.000 179.440 999.000   8.452 999.000 121.646 999.000   4.215 999.000
      54     GLY  47.316 999.000-999.000-999.000 175.519 999.000   8.599 999.000 106.577 999.000   4.125 999.000
      55     ASP  56.807 999.000  40.372 999.000 178.015 999.000   8.341 999.000 121.952 999.000   4.613 999.000
      56     GLU  58.905 999.000  29.655 999.000 178.280 999.000   7.806 999.000 120.632 999.000   4.208 999.000
      57     PHE  61.858 999.000  39.043 999.000 177.922 999.000   8.717 999.000 119.546 999.000   4.263 999.000
      58     GLU  58.930 999.000  29.427 999.000 178.338 999.000   8.291 999.000 118.655 999.000   4.252 999.000
      59     LEU  56.958 999.000  42.493 999.000 177.894 999.000   7.529 999.000 120.023 999.000   4.249 999.000
      60     ARG  57.353 999.000  31.242 999.000 176.705 999.000   8.090 999.000 115.564 999.000   4.013 999.000
      61     TYR  56.373 999.000  38.047 999.000 175.626 999.000   7.971 999.000 117.582 999.000   4.776 999.000
      62     ARG  58.859 999.000  30.028 999.000 177.454 999.000   7.945 999.000 120.957 999.000   3.803 999.000
      63     ARG  57.430 999.000  29.615 999.000 177.601 999.000   8.272 999.000 117.578 999.000   4.194 999.000
      64     ALA  54.181 999.000  18.530 999.000 178.021 999.000   7.693 999.000 121.019 999.000   4.182 999.000
      65     PHE  57.765 999.000  39.767 999.000 176.411 999.000   7.514 999.000 113.041 999.000   4.789 999.000
      66     SER  61.290 999.000  62.546 999.000 176.275 999.000   8.160 999.000 116.874 999.000   4.197 999.000
      67     ASP  56.232 999.000  39.928 999.000 178.178 999.000   7.880 999.000 122.026 999.000   4.494 999.000
      68     LEU  57.459 999.000  41.595 999.000 178.735 999.000   7.525 999.000 119.974 999.000   4.008 999.000
      69     THR  65.322 999.000  68.627 999.000 176.775 999.000   8.226 999.000 112.667 999.000   4.241 999.000
      70     SER  60.462 999.000  63.412 999.000 175.718 999.000   7.836 999.000 116.768 999.000   4.344 999.000
      71     GLN  57.272 999.000  28.940 999.000 177.086 999.000   7.553 999.000 121.015 999.000   4.222 999.000
      72     LEU  54.745 999.000  42.133 999.000 176.268 999.000   7.255 999.000 120.796 999.000   4.276 999.000
      73     HIS  55.869 999.000  29.903 999.000 175.384 999.000   8.599 999.000 125.609 999.000   4.630 999.000
      74     ILE  60.884 999.000  38.861 999.000 175.165 999.000   8.058 999.000 123.736 999.000   4.446 999.000
      75     THR  58.467 999.000  69.990 999.000 173.762 999.000   8.000 999.000 116.748 999.000   4.790 999.000
      76     PRO  64.696 999.000  31.632 999.000 177.497 999.000-999.000-999.000 999.000 999.000   4.410 999.000
      77     GLY  45.072 999.000-999.000-999.000 175.046 999.000   8.321 999.000 107.569 999.000   4.136 999.000
      78     THR  63.653 999.000  69.474 999.000 174.195 999.000   7.705 999.000 117.767 999.000   4.230 999.000
      79     ALA  50.870 999.000  21.101 999.000 176.809 999.000   8.626 999.000 128.867 999.000   4.698 999.000
      80     TYR  61.043 999.000  38.032 999.000 177.296 999.000   8.885 999.000 120.757 999.000   3.091 999.000
      81     GLN  58.804 999.000  27.704 999.000 178.235 999.000   8.437 999.000 118.153 999.000   3.825 999.000
      82     SER  60.818 999.000  62.926 999.000 176.066 999.000   7.589 999.000 114.596 999.000   4.264 999.000
      83     PHE  60.893 999.000  39.357 999.000 176.620 999.000   7.160 999.000 123.638 999.000   4.182 999.000
      84     GLU  59.935 999.000  29.352 999.000 178.337 999.000   8.558 999.000 119.205 999.000   3.588 999.000
      85     GLN  58.568 999.000  28.264 999.000 178.397 999.000   7.589 999.000 117.358 999.000   3.968 999.000
      86     VAL  65.102 999.000  31.901 999.000 177.753 999.000   7.069 999.000 119.393 999.000   3.692 999.000
      87     VAL  65.775 999.000  31.158 999.000 177.748 999.000   7.730 999.000 119.162 999.000   3.304 999.000
      88     ASN  55.906 999.000  37.735 999.000 177.420 999.000   8.485 999.000 117.994 999.000   4.304 999.000
      89     GLU  58.383 999.000  29.619 999.000 178.064 999.000   7.305 999.000 119.684 999.000   4.063 999.000
      90     LEU  57.246 999.000  42.015 999.000 177.358 999.000   7.388 999.000 119.812 999.000   3.891 999.000
      91     PHE  58.422 999.000  38.602 999.000 176.095 999.000   7.688 999.000 114.271 999.000   4.498 999.000
      92     ARG  58.647 999.000  29.818 999.000 176.761 999.000   7.512 999.000 120.410 999.000   3.963 999.000
      93     ASP  53.827 999.000  40.728 999.000 176.285 999.000   8.117 999.000 116.853 999.000   4.634 999.000
      94     GLY  44.645 999.000-999.000-999.000 173.330 999.000   7.566 999.000 107.898 999.000   4.089 999.000
      95     VAL  62.221 999.000  32.418 999.000 175.293 999.000   8.011 999.000 119.754 999.000   3.893 999.000
      96     ASN  51.982 999.000  41.140 999.000 174.581 999.000   7.705 999.000 122.252 999.000   4.297 999.000
      97     TRP  60.089 999.000  30.397 999.000 178.159 999.000   8.900 999.000 120.658 999.000   4.539 999.000
      98     GLY  47.124 999.000-999.000-999.000 175.971 999.000   8.886 999.000 107.009 999.000   4.141 999.000
      99     ARG  58.818 999.000  29.859 999.000 178.285 999.000   8.084 999.000 121.445 999.000   4.141 999.000
     100     ILE  65.372 999.000  37.721 999.000 177.573 999.000   7.996 999.000 120.735 999.000   4.053 999.000
     101     VAL  66.939 999.000  31.291 999.000 176.746 999.000   8.360 999.000 119.456 999.000   3.453 999.000
     102     ALA  55.517 999.000  18.047 999.000 178.709 999.000   8.222 999.000 122.690 999.000   3.884 999.000
     103     PHE  60.754 999.000  38.489 999.000 176.909 999.000   8.299 999.000 119.642 999.000   4.243 999.000
     104     PHE  62.715 999.000  38.785 999.000 177.655 999.000   8.694 999.000 118.502 999.000   3.603 999.000
     105     SER  61.931 999.000  62.624 999.000 176.425 999.000   8.346 999.000 115.359 999.000   4.141 999.000
     106     PHE  60.039 999.000  38.431 999.000 176.796 999.000   8.779 999.000 123.566 999.000   4.304 999.000
     107     GLY  47.549 999.000-999.000-999.000 176.213 999.000   8.205 999.000 106.563 999.000   3.607 999.000
     108     GLY  47.319 999.000-999.000-999.000 175.488 999.000   8.451 999.000 109.681 999.000   3.940 999.000
     109     ALA  54.852 999.000  18.345 999.000 178.950 999.000   8.203 999.000 124.571 999.000   4.172 999.000
     110     LEU  57.988 999.000  41.651 999.000 177.599 999.000   8.571 999.000 119.765 999.000   4.128 999.000
     111     CYS 999.000 999.000 999.000 999.000 999.000 999.000 999.000 999.000 999.000 999.000   3.938 999.000
     112     VAL  66.454 999.000  31.294 999.000 177.528 999.000   8.011 999.000 120.261 999.000   3.493 999.000
     113     GLU  59.506 999.000  29.082 999.000 178.444 999.000   8.388 999.000 120.465 999.000   4.011 999.000
     114     SER  62.083 999.000  63.024 999.000 176.297 999.000   8.170 999.000 115.617 999.000   4.102 999.000
     115     VAL  65.274 999.000  31.255 999.000 177.640 999.000   7.585 999.000 120.898 999.000   3.596 999.000
     116     ASP  56.400 999.000  41.145 999.000 177.707 999.000   7.912 999.000 119.942 999.000   4.429 999.000
     117     LYS  56.492 999.000  32.135 999.000 176.022 999.000   7.857 999.000 116.586 999.000   4.213 999.000
     118     GLU  57.420 999.000  27.206 999.000 175.544 999.000   7.925 999.000 115.626 999.000   4.017 999.000
     119     MET  54.740 999.000  32.059 999.000 176.123 999.000   8.452 999.000 118.912 999.000   4.737 999.000
     120     GLN  58.830 999.000  27.869 999.000 177.640 999.000   7.972 999.000 119.794 999.000   3.873 999.000
     121     VAL  64.154 999.000  31.533 999.000 177.283 999.000   7.643 999.000 118.297 999.000   3.856 999.000
     122     LEU  56.886 999.000  41.315 999.000 178.146 999.000   7.832 999.000 119.776 999.000   3.941 999.000
     123     VAL  66.642 999.000  31.270 999.000 177.768 999.000   7.452 999.000 118.807 999.000   3.280 999.000
     124     SER  61.401 999.000  62.788 999.000 176.328 999.000   8.304 999.000 114.447 999.000   4.132 999.000
     125     ARG  58.516 999.000  30.006 999.000 178.109 999.000   6.848 999.000 122.592 999.000   3.776 999.000
     126     ILE  65.677 999.000  37.784 999.000 177.409 999.000   8.232 999.000 120.869 999.000   2.923 999.000
     127     ALA  55.495 999.000  18.119 999.000 179.188 999.000   7.828 999.000 120.575 999.000   3.907 999.000
     128     ALA  54.983 999.000  18.435 999.000 178.781 999.000   7.231 999.000 121.279 999.000   4.162 999.000
     129     TRP  58.626 999.000  28.545 999.000 178.821 999.000   8.733 999.000 119.985 999.000   4.341 999.000
     130     MET  59.801 999.000  32.797 999.000 177.770 999.000   8.730 999.000 117.274 999.000   4.518 999.000
     131     ALA  55.141 999.000  18.268 999.000 178.655 999.000   8.026 999.000 121.528 999.000   4.197 999.000
     132     THR  66.778 999.000  67.965 999.000 175.565 999.000   8.449 999.000 116.206 999.000   4.017 999.000
     133     TYR  62.210 999.000  38.803 999.000 176.889 999.000   8.722 999.000 122.991 999.000   4.193 999.000
     134     LEU  58.550 999.000  41.457 999.000 177.800 999.000   8.709 999.000 119.179 999.000   4.063 999.000
     135     ASN  56.177 999.000  38.917 999.000 177.161 999.000   8.056 999.000 116.573 999.000   4.387 999.000
     136     ASP  55.984 999.000  40.930 999.000 176.933 999.000   8.118 999.000 118.113 999.000   4.404 999.000
     137     HIS  57.320 999.000  31.886 999.000 175.865 999.000   7.766 999.000 114.141 999.000   4.406 999.000
     138     LEU  56.168 999.000  42.480 999.000 177.625 999.000   7.924 999.000 116.582 999.000   4.132 999.000
     139     GLU  61.679 999.000  28.144 999.000 176.131 999.000   8.771 999.000 119.709 999.000   4.018 999.000
     140     PRO  65.405 999.000  31.448 999.000 178.034 999.000-999.000-999.000 999.000 999.000   4.205 999.000
     141     TRP  60.529 999.000  29.499 999.000 177.760 999.000   7.102 999.000 118.561 999.000   4.182 999.000
     142     ILE  65.634 999.000  37.905 999.000 177.232 999.000   8.486 999.000 119.987 999.000   3.138 999.000
     143     GLN  58.997 999.000  28.066 999.000 178.569 999.000   8.349 999.000 118.056 999.000   3.972 999.000
     144     GLU  58.241 999.000  29.681 999.000 177.809 999.000   7.483 999.000 119.165 999.000   3.994 999.000
     145     ASN  54.463 999.000  39.642 999.000 175.602 999.000   7.683 999.000 115.263 999.000   4.281 999.000
     146     GLY  45.144 999.000-999.000-999.000 174.680 999.000   7.558 999.000 107.469 999.000   4.106 999.000
     147     GLY  44.255 999.000-999.000-999.000 173.651 999.000   8.296 999.000 107.596 999.000   4.139 999.000
     148     TRP  59.999 999.000  29.747 999.000 177.641 999.000   8.897 999.000 120.057 999.000   4.601 999.000
     149     ASP  56.948 999.000  39.749 999.000 178.228 999.000   8.433 999.000 119.631 999.000   4.426 999.000
     150     THR  64.737 999.000  68.575 999.000 176.150 999.000   7.644 999.000 113.670 999.000   4.108 999.000
     151     PHE  60.661 999.000  39.482 999.000 176.610 999.000   7.590 999.000 123.516 999.000   3.791 999.000
     152     VAL  65.425 999.000  31.227 999.000 177.848 999.000   7.904 999.000 117.191 999.000   3.673 999.000
     153     GLU  58.109 999.000  29.556 999.000 177.357 999.000   7.575 999.000 118.903 999.000   4.083 999.000
     154     LEU  56.359 999.000  43.287 999.000 177.062 999.000   7.127 999.000 118.439 999.000   4.058 999.000
     155     TYR  58.166 999.000  40.251 999.000 176.270 999.000   8.086 999.000 115.077 999.000   4.450 999.000
     156     GLY  44.919 999.000-999.000-999.000 174.324 999.000   7.918 999.000 106.055 999.000   4.031 999.000
     157     ASN  55.082 999.000  38.543 999.000 176.679 999.000   8.515 999.000 118.309 999.000   4.414 999.000
     158     ASN  54.830 999.000  38.269 999.000 176.363 999.000   8.260 999.000 117.016 999.000   4.526 999.000
     159     ALA  53.847 999.000  18.589 999.000 178.846 999.000   7.667 999.000 122.574 999.000   4.154 999.000
     160     ALA  53.606 999.000  18.386 999.000 179.075 999.000   7.723 999.000 120.031 999.000   4.188 999.000
     161     ALA  54.118 999.000  18.243 999.000 179.670 999.000   7.651 999.000 120.083 999.000   4.192 999.000
     162     GLU  58.417 999.000  29.251 999.000 178.654 999.000   7.790 999.000 117.491 999.000   4.151 999.000
     163     SER  60.638 999.000  63.248 999.000 176.163 999.000   7.769 999.000 114.822 999.000   4.294 999.000
     164     ARG  57.301 999.000  29.903 999.000 177.545 999.000   7.704 999.000 121.927 999.000   4.262 999.000
     165     LYS  57.199 999.000  32.316 999.000 178.036 999.000   7.744 999.000 119.081 999.000   4.233 999.000
     166     GLY  45.492 999.000-999.000-999.000 174.583 999.000   7.903 999.000 107.107 999.000   3.962 999.000
     167     GLN  56.429 999.000  29.252 999.000 176.491 999.000   7.898 999.000 119.559 999.000   4.305 999.000
     168     GLU  57.025 999.000  30.046 999.000 176.658 999.000   7.849 999.000 118.842 999.000   4.279 999.000
     169     ARG 999.000 999.000 999.000 999.000 999.000 999.000 999.000 999.000 999.000 999.000 999.000 999.000
