   index residue  pre_ca  exp_ca  pre_cb  exp_cb   pre_c   exp_c   pre_h   exp_h   pre_n   exp_n  pre_ha  exp_ha
       1     MET 999.000 999.000 999.000 999.000 999.000 999.000-999.000-999.000 999.000 999.000 999.000 999.000
       2     SER 999.000 999.000 999.000 999.000 999.000 999.000 999.000 999.000 999.000 999.000 999.000 999.000
       3     GLN  57.834 999.000  28.294 999.000 177.732 999.000   8.282 999.000 120.553 999.000   4.191 999.000
       4     SER  60.636 999.000  63.003 999.000 176.202 999.000   7.925 999.000 115.923 999.000   4.210 999.000
       5     ASN  55.312 999.000  37.766 999.000 176.544 999.000   8.396 999.000 121.230 999.000   4.651 999.000
       6     ARG  59.388 999.000  29.830 999.000 177.650 999.000   8.107 999.000 120.967 999.000   4.079 999.000
       7     GLU  59.118 999.000  29.200 999.000 178.928 999.000   7.768 999.000 118.477 999.000   4.036 999.000
       8     LEU  57.406 999.000  41.516 999.000 178.721 999.000   7.536 999.000 119.038 999.000   4.165 999.000
       9     VAL  66.523 999.000  31.297 999.000 177.637 999.000   7.775 999.000 119.569 999.000   3.197 999.000
      10     VAL  66.666 999.000  31.052 999.000 176.696 999.000   8.227 999.000 117.291 999.000   3.658 999.000
      11     ASP  57.412 999.000  41.245 999.000 177.402 999.000   7.564 999.000 120.122 999.000   4.385 999.000
      12     PHE  61.602 999.000  39.702 999.000 177.218 999.000   8.045 999.000 120.762 999.000   4.223 999.000
      13     LEU  58.202 999.000  41.148 999.000 178.483 999.000   8.724 999.000 118.272 999.000   4.076 999.000
      14     SER  62.043 999.000  62.613 999.000 176.523 999.000   8.482 999.000 114.960 999.000   4.293 999.000
      15     TYR  61.074 999.000  38.012 999.000 176.924 999.000   8.404 999.000 124.330 999.000   4.297 999.000
      16     LYS  58.541 999.000  31.412 999.000 179.050 999.000   8.161 999.000 118.523 999.000   3.806 999.000
      17     LEU  57.949 999.000  41.562 999.000 178.809 999.000   8.426 999.000 119.722 999.000   4.063 999.000
      18     SER  61.755 999.000  62.868 999.000 177.150 999.000   8.389 999.000 115.930 999.000   4.225 999.000
      19     GLN  57.845 999.000  28.500 999.000 177.506 999.000   8.102 999.000 120.499 999.000   4.029 999.000
      20     LYS  56.293 999.000  32.609 999.000 177.029 999.000   7.256 999.000 117.431 999.000   4.079 999.000
      21     GLY  45.535 999.000-999.000-999.000 174.003 999.000   7.422 999.000 107.789 999.000   3.914 999.000
      22     TYR  54.890 999.000  40.271 999.000 175.289 999.000   8.100 999.000 119.247 999.000   4.765 999.000
      23     SER  56.730 999.000  65.707 999.000 174.810 999.000   8.505 999.000 114.493 999.000   4.745 999.000
      24     TRP  59.097 999.000  29.203 999.000 176.327 999.000   8.224 999.000 119.871 999.000   4.411 999.000
      25     SER  58.813 999.000  64.344 999.000 173.874 999.000   7.516 999.000 110.773 999.000   4.303 999.000
      26     GLN  54.517 999.000  31.884 999.000 175.151 999.000   7.531 999.000 120.100 999.000   4.463 999.000
      27     PHE  59.335 999.000  38.618 999.000 175.971 999.000   8.660 999.000 120.879 999.000   4.159 999.000
      28     SER  57.226 999.000  64.903 999.000 173.869 999.000   7.509 999.000 113.684 999.000   4.632 999.000
      29     ASP  53.848 999.000  39.610 999.000 176.411 999.000   8.456 999.000 122.785 999.000   4.552 999.000
      30     VAL  63.487 999.000  31.831 999.000 176.284 999.000   7.917 999.000 116.966 999.000   3.928 999.000
      31     GLU  55.532 999.000  31.474 999.000 175.767 999.000   8.123 999.000 120.659 999.000   4.422 999.000
      32     GLU  57.448 999.000  30.407 999.000 176.560 999.000   8.830 999.000 121.973 999.000   4.120 999.000
      33     ASN  53.719 999.000  37.183 999.000 174.790 999.000   8.572 999.000 115.591 999.000   4.452 999.000
      34     ARG  55.841 999.000  30.759 999.000 176.381 999.000   7.957 999.000 118.928 999.000   4.318 999.000
      35     THR  61.759 999.000  70.007 999.000 175.056 999.000   8.201 999.000 115.438 999.000   4.350 999.000
      36     GLU  56.728 999.000  29.784 999.000 175.814 999.000   8.641 999.000 122.025 999.000   4.198 999.000
      37     ALA  50.767 999.000  18.482 999.000 175.446 999.000   8.078 999.000 123.847 999.000   4.478 999.000
      38     PRO  62.850 999.000  32.445 999.000 176.906 999.000-999.000-999.000 999.000 999.000   4.535 999.000
      39     GLU  56.992 999.000  29.834 999.000 177.043 999.000   8.622 999.000 121.527 999.000   4.187 999.000
      40     GLY  45.605 999.000-999.000-999.000 174.907 999.000   8.662 999.000 110.833 999.000   4.091 999.000
      41     THR  61.952 999.000  70.075 999.000 175.067 999.000   7.495 999.000 115.144 999.000   4.358 999.000
      42     GLU  59.164 999.000  29.260 999.000 177.803 999.000   9.106 999.000 125.518 999.000   4.025 999.000
      43     SER  61.242 999.000  62.928 999.000 176.062 999.000   8.530 999.000 114.852 999.000   4.328 999.000
      44     GLU  59.135 999.000  29.134 999.000 178.267 999.000   7.971 999.000 123.002 999.000   4.007 999.000
      45     ALA  54.888 999.000  18.348 999.000 179.350 999.000   7.423 999.000 120.934 999.000   3.777 999.000
      46     VAL  66.167 999.000  31.241 999.000 177.869 999.000   7.361 999.000 118.781 999.000   3.396 999.000
      47     LYS  60.249 999.000  31.960 999.000 178.786 999.000   8.268 999.000 119.799 999.000   3.832 999.000
      48     GLN  58.614 999.000  28.326 999.000 178.159 999.000   7.999 999.000 118.635 999.000   3.980 999.000
      49     ALA  55.009 999.000  18.159 999.000 179.531 999.000   7.908 999.000 122.250 999.000   4.094 999.000
      50     LEU  57.662 999.000  41.445 999.000 178.880 999.000   8.174 999.000 118.396 999.000   4.035 999.000
      51     ARG  59.228 999.000  29.440 999.000 178.614 999.000   7.679 999.000 119.358 999.000   3.906 999.000
      52     GLU  59.000 999.000  29.389 999.000 178.849 999.000   8.101 999.000 118.863 999.000   4.086 999.000
      53     ALA  54.731 999.000  18.164 999.000 179.527 999.000   8.321 999.000 121.582 999.000   4.106 999.000
      54     GLY  47.108 999.000-999.000-999.000 175.470 999.000   8.311 999.000 106.455 999.000   4.188 999.000
      55     ASP  56.391 999.000  40.677 999.000 177.642 999.000   8.013 999.000 121.475 999.000   4.593 999.000
      56     GLU  58.393 999.000  29.847 999.000 178.012 999.000   7.699 999.000 120.483 999.000   4.204 999.000
      57     PHE  60.501 999.000  39.594 999.000 176.534 999.000   8.696 999.000 120.025 999.000   4.350 999.000
      58     GLU  56.218 999.000  30.147 999.000 177.111 999.000   7.753 999.000 115.493 999.000   4.156 999.000
      59     LEU  55.999 999.000  40.895 999.000 176.502 999.000   7.765 999.000 122.147 999.000   4.113 999.000
      60     ARG  57.329 999.000  27.685 999.000 175.488 999.000   8.755 999.000 121.997 999.000   3.801 999.000
      61     TYR  58.621 999.000  35.550 999.000 175.432 999.000   7.604 999.000 115.347 999.000   4.106 999.000
      62     ARG  57.705 999.000  30.411 999.000 177.139 999.000   7.823 999.000 118.935 999.000   4.114 999.000
      63     ARG  56.860 999.000  30.452 999.000 176.473 999.000   7.821 999.000 116.351 999.000   4.106 999.000
      64     ALA  51.973 999.000  19.441 999.000 176.757 999.000   7.410 999.000 121.666 999.000   4.156 999.000
      65     PHE  57.183 999.000  41.148 999.000 176.427 999.000   8.421 999.000 118.660 999.000   4.689 999.000
      66     SER  61.323 999.000  62.545 999.000 175.753 999.000   9.130 999.000 117.543 999.000   4.078 999.000
      67     ASP  55.902 999.000  40.115 999.000 177.206 999.000   8.128 999.000 121.053 999.000   4.520 999.000
      68     LEU  56.086 999.000  42.456 999.000 178.140 999.000   7.668 999.000 118.707 999.000   4.327 999.000
      69     THR  63.159 999.000  69.404 999.000 176.010 999.000   7.765 999.000 109.328 999.000   4.159 999.000
      70     SER  58.367 999.000  64.402 999.000 174.702 999.000   7.769 999.000 117.889 999.000   4.442 999.000
      71     GLN  56.189 999.000  28.914 999.000 176.094 999.000   8.450 999.000 120.449 999.000   4.198 999.000
      72     LEU  55.248 999.000  41.646 999.000 176.047 999.000   8.253 999.000 124.818 999.000   4.120 999.000
      73     HIS  55.464 999.000  30.987 999.000 174.522 999.000   8.458 999.000 125.292 999.000   4.664 999.000
      74     ILE  59.627 999.000  40.450 999.000 175.561 999.000   8.012 999.000 120.886 999.000   4.591 999.000
      75     THR  61.212 999.000  68.762 999.000 174.401 999.000   8.285 999.000 119.955 999.000   4.353 999.000
      76     PRO  63.607 999.000  32.224 999.000 176.886 999.000-999.000-999.000 999.000 999.000   4.364 999.000
      77     GLY  44.840 999.000-999.000-999.000 174.647 999.000   8.351 999.000 109.792 999.000   4.108 999.000
      78     THR  61.891 999.000  70.045 999.000 175.401 999.000   7.768 999.000 112.378 999.000   4.245 999.000
      79     ALA  54.728 999.000  18.282 999.000 178.695 999.000   8.377 999.000 124.988 999.000   3.937 999.000
      80     TYR  59.339 999.000  37.496 999.000 178.417 999.000   7.443 999.000 115.968 999.000   4.346 999.000
      81     GLN  57.988 999.000  28.005 999.000 177.679 999.000   7.957 999.000 119.107 999.000   4.075 999.000
      82     SER  61.312 999.000  62.967 999.000 176.219 999.000   7.633 999.000 116.278 999.000   4.122 999.000
      83     PHE  61.755 999.000  38.385 999.000 177.743 999.000   7.872 999.000 121.506 999.000   4.218 999.000
      84     GLU  59.744 999.000  29.301 999.000 178.621 999.000   7.717 999.000 119.102 999.000   3.620 999.000
      85     GLN  58.197 999.000  28.744 999.000 177.877 999.000   7.221 999.000 117.196 999.000   4.017 999.000
      86     VAL  65.720 999.000  31.708 999.000 177.637 999.000   7.579 999.000 119.353 999.000   3.648 999.000
      87     VAL  65.720 999.000  31.116 999.000 177.099 999.000   8.554 999.000 118.712 999.000   3.453 999.000
      88     ASN  56.136 999.000  38.756 999.000 176.964 999.000   7.763 999.000 117.945 999.000   4.210 999.000
      89     GLU  57.659 999.000  29.800 999.000 177.614 999.000   7.481 999.000 117.345 999.000   4.214 999.000
      90     LEU  56.067 999.000  41.689 999.000 177.422 999.000   7.474 999.000 117.197 999.000   4.140 999.000
      91     PHE  58.699 999.000  38.498 999.000 176.512 999.000   7.864 999.000 116.205 999.000   4.239 999.000
      92     ARG  58.284 999.000  29.705 999.000 176.721 999.000   7.368 999.000 119.967 999.000   3.579 999.000
      93     ASP  54.009 999.000  41.496 999.000 176.007 999.000   7.628 999.000 116.254 999.000   4.606 999.000
      94     GLY  44.591 999.000-999.000-999.000 173.305 999.000   7.229 999.000 107.809 999.000   3.800 999.000
      95     VAL  61.092 999.000  30.696 999.000 175.427 999.000   6.408 999.000 119.091 999.000   3.988 999.000
      96     ASN  53.268 999.000  40.165 999.000 175.773 999.000   7.703 999.000 120.966 999.000   4.739 999.000
      97     TRP  60.008 999.000  28.960 999.000 176.993 999.000   8.745 999.000 120.359 999.000   4.207 999.000
      98     GLY  47.463 999.000-999.000-999.000 175.202 999.000   7.289 999.000 107.735 999.000   3.404 999.000
      99     ARG  58.859 999.000  29.921 999.000 177.932 999.000   7.776 999.000 120.404 999.000   4.054 999.000
     100     ILE  64.436 999.000  37.172 999.000 177.448 999.000   7.437 999.000 119.920 999.000   3.647 999.000
     101     VAL  66.974 999.000  31.264 999.000 176.799 999.000   8.212 999.000 119.245 999.000   3.216 999.000
     102     ALA  55.461 999.000  18.002 999.000 178.288 999.000   8.063 999.000 122.458 999.000   3.969 999.000
     103     PHE  60.847 999.000  39.116 999.000 176.930 999.000   7.828 999.000 119.498 999.000   4.351 999.000
     104     PHE  59.581 999.000  38.228 999.000 177.489 999.000   8.787 999.000 118.002 999.000   4.077 999.000
     105     SER  61.830 999.000  62.672 999.000 176.332 999.000   8.680 999.000 115.841 999.000   4.443 999.000
     106     PHE  60.887 999.000  38.916 999.000 176.920 999.000   8.595 999.000 122.805 999.000   4.213 999.000
     107     GLY  47.623 999.000-999.000-999.000 176.227 999.000   8.235 999.000 106.402 999.000   3.838 999.000
     108     GLY  47.341 999.000-999.000-999.000 175.415 999.000   8.657 999.000 109.909 999.000   4.011 999.000
     109     ALA  54.851 999.000  18.264 999.000 179.123 999.000   8.179 999.000 124.462 999.000   4.089 999.000
     110     LEU  58.087 999.000  41.565 999.000 177.568 999.000   8.327 999.000 119.527 999.000   3.919 999.000
     111     CYS 999.000 999.000 999.000 999.000 999.000 999.000 999.000 999.000 999.000 999.000   4.017 999.000
     112     VAL  65.492 999.000  31.490 999.000 177.486 999.000   8.137 999.000 118.582 999.000   3.725 999.000
     113     GLU  58.144 999.000  29.385 999.000 177.536 999.000   7.979 999.000 118.871 999.000   4.149 999.000
     114     SER  59.162 999.000  63.850 999.000 175.465 999.000   7.893 999.000 113.467 999.000   4.512 999.000
     115     VAL  64.571 999.000  31.117 999.000 176.178 999.000   7.298 999.000 121.500 999.000   3.672 999.000
     116     ASP  54.456 999.000  40.289 999.000 176.755 999.000   7.955 999.000 119.424 999.000   4.575 999.000
     117     LYS  56.871 999.000  32.772 999.000 176.652 999.000   7.888 999.000 119.993 999.000   4.242 999.000
     118     GLU  55.372 999.000  29.573 999.000 176.329 999.000   8.356 999.000 120.085 999.000   4.477 999.000
     119     MET  57.673 999.000  31.362 999.000 177.497 999.000   8.317 999.000 119.295 999.000   4.088 999.000
     120     GLN  57.769 999.000  28.900 999.000 176.946 999.000   8.157 999.000 117.688 999.000   4.293 999.000
     121     VAL  62.314 999.000  33.751 999.000 176.853 999.000   8.058 999.000 113.771 999.000   4.386 999.000
     122     LEU  58.377 999.000  41.384 999.000 178.148 999.000   8.198 999.000 122.226 999.000   4.060 999.000
     123     VAL  66.162 999.000  31.244 999.000 178.181 999.000   8.153 999.000 117.369 999.000   3.640 999.000
     124     SER  61.527 999.000  62.996 999.000 176.321 999.000   7.867 999.000 115.867 999.000   4.312 999.000
     125     ARG  58.556 999.000  30.154 999.000 178.400 999.000   7.840 999.000 122.281 999.000   4.158 999.000
     126     ILE  65.016 999.000  37.665 999.000 177.274 999.000   8.838 999.000 120.688 999.000   3.986 999.000
     127     ALA  55.450 999.000  18.098 999.000 179.246 999.000   8.243 999.000 120.883 999.000   3.957 999.000
     128     ALA  55.278 999.000  18.129 999.000 179.088 999.000   7.783 999.000 121.036 999.000   3.997 999.000
     129     TRP  60.786 999.000  29.802 999.000 178.546 999.000   8.191 999.000 119.316 999.000   4.127 999.000
     130     MET  59.704 999.000  32.737 999.000 177.693 999.000   8.871 999.000 118.275 999.000   4.014 999.000
     131     ALA  55.268 999.000  18.311 999.000 178.404 999.000   8.492 999.000 121.554 999.000   4.169 999.000
     132     THR  66.812 999.000  67.939 999.000 175.879 999.000   8.061 999.000 116.228 999.000   3.911 999.000
     133     TYR  60.223 999.000  37.870 999.000 177.902 999.000   8.497 999.000 120.829 999.000   4.488 999.000
     134     LEU  58.636 999.000  41.656 999.000 177.482 999.000   8.759 999.000 120.518 999.000   3.978 999.000
     135     ASN  56.430 999.000  39.167 999.000 177.309 999.000   8.203 999.000 116.933 999.000   4.374 999.000
     136     ASP  56.112 999.000  40.773 999.000 176.936 999.000   8.281 999.000 118.304 999.000   4.466 999.000
     137     HIS  57.063 999.000  31.822 999.000 175.708 999.000   7.844 999.000 114.177 999.000   4.545 999.000
     138     LEU  56.189 999.000  43.011 999.000 177.614 999.000   8.287 999.000 117.125 999.000   4.499 999.000
     139     GLU  61.640 999.000  27.983 999.000 176.205 999.000   8.760 999.000 119.671 999.000   4.108 999.000
     140     PRO  65.505 999.000  31.388 999.000 178.236 999.000-999.000-999.000 999.000 999.000   4.198 999.000
     141     TRP  59.664 999.000  29.808 999.000 178.273 999.000   7.271 999.000 117.438 999.000   4.460 999.000
     142     ILE  65.286 999.000  37.773 999.000 177.448 999.000   8.224 999.000 119.915 999.000   3.795 999.000
     143     GLN  59.035 999.000  27.787 999.000 178.573 999.000   8.616 999.000 118.667 999.000   4.113 999.000
     144     GLU  58.283 999.000  29.616 999.000 177.751 999.000   7.688 999.000 118.736 999.000   4.066 999.000
     145     ASN  54.354 999.000  39.776 999.000 175.561 999.000   7.843 999.000 114.854 999.000   4.484 999.000
     146     GLY  45.638 999.000-999.000-999.000 174.536 999.000   7.709 999.000 107.067 999.000   4.110 999.000
     147     GLY  45.729 999.000-999.000-999.000 173.773 999.000   8.511 999.000 107.746 999.000   4.029 999.000
     148     TRP  60.934 999.000  29.474 999.000 177.865 999.000   8.803 999.000 123.652 999.000   4.519 999.000
     149     ASP  57.224 999.000  39.653 999.000 177.979 999.000   8.298 999.000 119.091 999.000   4.419 999.000
     150     THR  65.486 999.000  68.124 999.000 176.509 999.000   7.649 999.000 114.037 999.000   3.966 999.000
     151     PHE  60.270 999.000  38.636 999.000 177.803 999.000   7.731 999.000 120.168 999.000   4.313 999.000
     152     VAL  66.022 999.000  31.281 999.000 178.081 999.000   7.420 999.000 119.514 999.000   3.711 999.000
     153     GLU  59.370 999.000  29.334 999.000 178.559 999.000   8.075 999.000 119.857 999.000   3.941 999.000
     154     LEU  57.541 999.000  41.565 999.000 178.952 999.000   7.449 999.000 119.825 999.000   4.043 999.000
     155     TYR  60.464 999.000  38.159 999.000 178.032 999.000   7.996 999.000 118.802 999.000   4.293 999.000
     156     GLY  45.270 999.000-999.000-999.000 174.437 999.000   7.989 999.000 105.788 999.000   3.859 999.000
     157     ASN  54.074 999.000  37.674 999.000 175.543 999.000   7.852 999.000 116.988 999.000   4.325 999.000
     158     ASN  55.513 999.000  38.668 999.000 176.542 999.000   7.924 999.000 118.528 999.000   4.403 999.000
     159     ALA  54.775 999.000  18.376 999.000 179.113 999.000   8.283 999.000 121.764 999.000   4.135 999.000
     160     ALA  54.249 999.000  18.154 999.000 179.681 999.000   7.798 999.000 120.549 999.000   4.221 999.000
     161     ALA  54.547 999.000  18.202 999.000 179.934 999.000   7.616 999.000 120.421 999.000   4.225 999.000
     162     GLU  58.912 999.000  29.131 999.000 179.210 999.000   8.080 999.000 118.194 999.000   4.141 999.000
     163     SER  61.210 999.000  63.079 999.000 176.731 999.000   8.103 999.000 115.309 999.000   4.274 999.000
     164     ARG  58.261 999.000  29.626 999.000 178.553 999.000   7.764 999.000 121.963 999.000   4.151 999.000
     165     LYS  57.944 999.000  31.913 999.000 178.691 999.000   7.908 999.000 118.858 999.000   4.202 999.000
     166     GLY  45.878 999.000-999.000-999.000 175.193 999.000   7.865 999.000 107.450 999.000   3.919 999.000
     167     GLN  56.576 999.000  29.098 999.000 176.512 999.000   7.716 999.000 120.484 999.000   4.287 999.000
     168     GLU  57.002 999.000  30.094 999.000 176.617 999.000   7.883 999.000 119.155 999.000   4.316 999.000
     169     ARG 999.000 999.000 999.000 999.000 999.000 999.000 999.000 999.000 999.000 999.000 999.000 999.000
     630     GLU 999.000 999.000 999.000 999.000 999.000 999.000-999.000-999.000 999.000 999.000 999.000 999.000
     631     GLU 999.000 999.000 999.000 999.000 999.000 999.000 999.000 999.000 999.000 999.000 999.000 999.000
     632     GLN  54.777 999.000  28.392 999.000 176.373 999.000   7.823 999.000 119.702 999.000   4.265 999.000
     633     TRP  58.759 999.000  29.851 999.000 177.665 999.000   7.829 999.000 121.399 999.000   4.369 999.000
     634     ALA  54.724 999.000  18.116 999.000 178.954 999.000   8.427 999.000 121.462 999.000   4.167 999.000
     635     ARG  59.217 999.000  29.707 999.000 178.398 999.000   7.929 999.000 118.055 999.000   3.976 999.000
     636     GLU  58.950 999.000  29.294 999.000 178.987 999.000   7.627 999.000 119.268 999.000   4.156 999.000
     637     ILE  63.449 999.000  36.501 999.000 178.098 999.000   8.036 999.000 119.513 999.000   3.819 999.000
     638     GLY  47.661 999.000-999.000-999.000 176.026 999.000   8.406 999.000 107.755 999.000   3.789 999.000
     639     ALA  54.987 999.000  18.116 999.000 179.055 999.000   8.115 999.000 124.410 999.000   4.082 999.000
     640     GLN  58.928 999.000  28.257 999.000 178.632 999.000   7.955 999.000 118.302 999.000   3.856 999.000
     641     LEU  58.046 999.000  41.392 999.000 178.504 999.000   8.709 999.000 120.450 999.000   4.119 999.000
     642     ARG  59.414 999.000  29.860 999.000 178.685 999.000   8.437 999.000 119.491 999.000   3.930 999.000
     643     ARG  58.354 999.000  30.019 999.000 178.077 999.000   7.963 999.000 118.279 999.000   4.126 999.000
     644     MET  58.277 999.000  32.843 999.000 177.133 999.000   8.380 999.000 119.816 999.000   4.238 999.000
     645     ALA  52.739 999.000  18.641 999.000 176.654 999.000   8.019 999.000 119.295 999.000   4.256 999.000
     646     ASP  54.142 999.000  41.201 999.000 175.211 999.000   7.415 999.000 117.658 999.000   4.501 999.000
     647     ASP  53.465 999.000  41.645 999.000 176.704 999.000   8.272 999.000 122.973 999.000   4.662 999.000
     648     LEU  57.435 999.000  41.834 999.000 177.897 999.000   7.458 999.000 120.851 999.000   3.924 999.000
     649     ASN  54.307 999.000  37.917 999.000 175.731 999.000   8.158 999.000 115.213 999.000   4.463 999.000
     650     ALA  52.157 999.000  18.786 999.000 177.296 999.000   7.577 999.000 122.879 999.000   4.397 999.000
     651     GLN  56.951 999.000  28.977 999.000 175.804 999.000   7.629 999.000 119.227 999.000   4.040 999.000
     652     TYR  59.311 999.000  36.826 999.000 175.158 999.000   8.443 999.000 117.447 999.000   4.221 999.000
     653     GLU  57.883 999.000  30.347 999.000 176.897 999.000   7.832 999.000 119.124 999.000   4.276 999.000
     654     ARG 999.000 999.000 999.000 999.000 999.000 999.000 999.000 999.000 999.000 999.000 999.000 999.000
