   index residue  pre_ca  exp_ca  pre_cb  exp_cb   pre_c   exp_c   pre_h   exp_h   pre_n   exp_n  pre_ha  exp_ha
       1     MET 999.000 999.000 999.000 999.000 999.000 999.000-999.000-999.000 999.000 999.000 999.000 999.000
       2     SER 999.000 999.000 999.000 999.000 999.000 999.000 999.000 999.000 999.000 999.000 999.000 999.000
       3     GLN  57.889 999.000  28.054 999.000 177.678 999.000   8.902 999.000 122.945 999.000   4.217 999.000
       4     SER  61.241 999.000  62.828 999.000 175.978 999.000   8.754 999.000 114.498 999.000   4.166 999.000
       5     ASN  55.332 999.000  38.609 999.000 176.608 999.000   8.005 999.000 119.888 999.000   4.692 999.000
       6     ARG  59.445 999.000  29.851 999.000 177.935 999.000   8.001 999.000 121.431 999.000   4.118 999.000
       7     GLU  59.145 999.000  29.094 999.000 178.905 999.000   8.233 999.000 118.744 999.000   3.980 999.000
       8     LEU  57.688 999.000  41.613 999.000 178.567 999.000   7.357 999.000 119.458 999.000   3.997 999.000
       9     VAL  66.468 999.000  31.411 999.000 177.570 999.000   7.647 999.000 119.356 999.000   3.667 999.000
      10     VAL  67.037 999.000  31.182 999.000 176.535 999.000   8.483 999.000 118.920 999.000   3.108 999.000
      11     ASP  57.548 999.000  40.984 999.000 177.656 999.000   7.587 999.000 120.019 999.000   4.218 999.000
      12     PHE  61.354 999.000  39.597 999.000 176.982 999.000   7.646 999.000 120.554 999.000   4.170 999.000
      13     LEU  58.188 999.000  41.075 999.000 178.526 999.000   8.553 999.000 118.233 999.000   3.925 999.000
      14     SER  62.057 999.000  62.591 999.000 176.465 999.000   8.093 999.000 114.970 999.000   4.119 999.000
      15     TYR  61.126 999.000  37.922 999.000 176.965 999.000   7.895 999.000 124.029 999.000   4.249 999.000
      16     LYS  58.571 999.000  31.368 999.000 178.978 999.000   7.906 999.000 118.253 999.000   3.700 999.000
      17     LEU  57.659 999.000  41.659 999.000 178.843 999.000   8.447 999.000 118.979 999.000   4.219 999.000
      18     SER  61.560 999.000  62.931 999.000 177.088 999.000   8.445 999.000 115.870 999.000   4.231 999.000
      19     GLN  57.927 999.000  28.508 999.000 177.194 999.000   7.974 999.000 119.964 999.000   4.051 999.000
      20     LYS  55.646 999.000  32.424 999.000 176.551 999.000   7.328 999.000 116.817 999.000   4.258 999.000
      21     GLY  45.410 999.000-999.000-999.000 174.030 999.000   7.574 999.000 107.605 999.000   3.829 999.000
      22     TYR  56.613 999.000  39.483 999.000 175.536 999.000   7.876 999.000 120.240 999.000   4.814 999.000
      23     SER  57.142 999.000  64.322 999.000 174.941 999.000   8.265 999.000 116.946 999.000   4.622 999.000
      24     TRP  59.569 999.000  29.897 999.000 177.555 999.000   9.116 999.000 126.693 999.000   4.580 999.000
      25     SER  61.211 999.000  62.453 999.000 176.143 999.000   8.422 999.000 114.727 999.000   4.065 999.000
      26     GLN  57.498 999.000  28.704 999.000 176.307 999.000   7.329 999.000 120.740 999.000   3.923 999.000
      27     PHE  57.537 999.000  40.233 999.000 176.067 999.000   7.237 999.000 115.962 999.000   4.374 999.000
      28     SER  57.604 999.000  64.789 999.000 174.090 999.000   7.051 999.000 114.614 999.000   4.256 999.000
      29     ASP  53.468 999.000  40.788 999.000 176.970 999.000   8.393 999.000 122.429 999.000   4.636 999.000
      30     VAL  64.242 999.000  31.745 999.000 177.370 999.000   8.276 999.000 121.132 999.000   3.867 999.000
      31     GLU  58.048 999.000  29.195 999.000 177.575 999.000   8.357 999.000 119.664 999.000   4.155 999.000
      32     GLU  57.206 999.000  30.163 999.000 177.297 999.000   7.847 999.000 117.942 999.000   4.220 999.000
      33     ASN  53.320 999.000  38.649 999.000 175.739 999.000   7.706 999.000 117.554 999.000   4.701 999.000
      34     ARG  56.291 999.000  30.580 999.000 176.617 999.000   8.115 999.000 120.042 999.000   4.381 999.000
      35     THR  62.072 999.000  69.813 999.000 174.855 999.000   7.990 999.000 113.492 999.000   4.342 999.000
      36     GLU  56.440 999.000  30.307 999.000 175.823 999.000   8.524 999.000 121.883 999.000   4.298 999.000
      37     ALA  50.878 999.000  18.267 999.000 175.634 999.000   8.189 999.000 123.603 999.000   4.492 999.000
      38     PRO  63.112 999.000  32.294 999.000 176.672 999.000-999.000-999.000 999.000 999.000   4.532 999.000
      39     GLU  56.313 999.000  30.372 999.000 176.856 999.000   8.501 999.000 119.916 999.000   4.264 999.000
      40     GLY  45.169 999.000-999.000-999.000 174.612 999.000   8.477 999.000 109.037 999.000   4.069 999.000
      41     THR  61.708 999.000  70.372 999.000 175.016 999.000   8.118 999.000 112.679 999.000   4.418 999.000
      42     GLU  57.602 999.000  29.511 999.000 177.033 999.000   8.828 999.000 121.784 999.000   4.254 999.000
      43     SER  59.527 999.000  63.541 999.000 175.452 999.000   8.336 999.000 114.492 999.000   4.310 999.000
      44     GLU  59.183 999.000  29.061 999.000 178.229 999.000   8.120 999.000 123.016 999.000   3.967 999.000
      45     ALA  54.865 999.000  18.325 999.000 179.629 999.000   7.995 999.000 120.501 999.000   4.170 999.000
      46     VAL  65.822 999.000  31.369 999.000 177.824 999.000   7.464 999.000 119.164 999.000   3.647 999.000
      47     LYS  60.138 999.000  32.009 999.000 178.879 999.000   8.055 999.000 119.830 999.000   3.725 999.000
      48     GLN  58.724 999.000  28.160 999.000 178.216 999.000   8.105 999.000 118.563 999.000   3.949 999.000
      49     ALA  55.092 999.000  18.165 999.000 179.535 999.000   7.808 999.000 122.362 999.000   3.998 999.000
      50     LEU  58.091 999.000  41.519 999.000 178.773 999.000   8.465 999.000 118.894 999.000   4.083 999.000
      51     ARG  59.757 999.000  29.734 999.000 178.421 999.000   8.018 999.000 118.916 999.000   3.915 999.000
      52     GLU  59.070 999.000  29.210 999.000 178.900 999.000   8.106 999.000 118.863 999.000   4.126 999.000
      53     ALA  54.847 999.000  18.201 999.000 179.441 999.000   8.439 999.000 121.605 999.000   4.212 999.000
      54     GLY  47.308 999.000-999.000-999.000 175.514 999.000   8.593 999.000 106.552 999.000   4.126 999.000
      55     ASP  56.814 999.000  40.378 999.000 178.020 999.000   8.346 999.000 121.962 999.000   4.616 999.000
      56     GLU  58.907 999.000  29.663 999.000 178.260 999.000   7.812 999.000 120.694 999.000   4.210 999.000
      57     PHE  61.868 999.000  39.052 999.000 177.940 999.000   8.715 999.000 119.487 999.000   4.264 999.000
      58     GLU  58.941 999.000  29.440 999.000 178.333 999.000   8.302 999.000 118.676 999.000   4.255 999.000
      59     LEU  56.947 999.000  42.509 999.000 177.875 999.000   7.522 999.000 120.023 999.000   4.251 999.000
      60     ARG  57.320 999.000  31.286 999.000 176.677 999.000   8.112 999.000 115.471 999.000   4.018 999.000
      61     TYR  56.358 999.000  38.061 999.000 175.625 999.000   7.963 999.000 117.492 999.000   4.781 999.000
      62     ARG  58.915 999.000  30.006 999.000 177.507 999.000   7.934 999.000 120.983 999.000   3.780 999.000
      63     ARG  57.542 999.000  29.540 999.000 177.676 999.000   8.277 999.000 117.662 999.000   4.178 999.000
      64     ALA  54.145 999.000  18.531 999.000 177.989 999.000   7.666 999.000 121.033 999.000   4.196 999.000
      65     PHE  57.723 999.000  39.796 999.000 176.376 999.000   7.522 999.000 112.991 999.000   4.800 999.000
      66     SER  61.282 999.000  62.549 999.000 176.271 999.000   8.196 999.000 116.930 999.000   4.197 999.000
      67     ASP  56.227 999.000  39.929 999.000 178.171 999.000   7.881 999.000 121.998 999.000   4.493 999.000
      68     LEU  57.437 999.000  41.589 999.000 178.730 999.000   7.532 999.000 119.952 999.000   4.006 999.000
      69     THR  65.362 999.000  68.627 999.000 176.772 999.000   8.211 999.000 112.830 999.000   4.243 999.000
      70     SER  60.451 999.000  63.419 999.000 175.708 999.000   7.832 999.000 116.724 999.000   4.345 999.000
      71     GLN  57.288 999.000  28.947 999.000 177.099 999.000   7.549 999.000 121.040 999.000   4.221 999.000
      72     LEU  54.749 999.000  42.116 999.000 176.261 999.000   7.263 999.000 120.792 999.000   4.276 999.000
      73     HIS  55.870 999.000  29.905 999.000 175.396 999.000   8.597 999.000 125.672 999.000   4.629 999.000
      74     ILE  60.886 999.000  38.867 999.000 175.161 999.000   8.058 999.000 123.653 999.000   4.448 999.000
      75     THR  58.467 999.000  69.996 999.000 173.768 999.000   8.002 999.000 116.738 999.000   4.790 999.000
      76     PRO  64.699 999.000  31.630 999.000 177.492 999.000-999.000-999.000 999.000 999.000   4.410 999.000
      77     GLY  45.069 999.000-999.000-999.000 175.047 999.000   8.318 999.000 107.564 999.000   4.136 999.000
      78     THR  63.658 999.000  69.470 999.000 174.200 999.000   7.709 999.000 117.777 999.000   4.228 999.000
      79     ALA  50.875 999.000  21.092 999.000 176.814 999.000   8.630 999.000 128.874 999.000   4.701 999.000
      80     TYR  61.015 999.000  38.026 999.000 177.298 999.000   8.892 999.000 120.762 999.000   3.087 999.000
      81     GLN  58.809 999.000  27.695 999.000 178.242 999.000   8.439 999.000 118.158 999.000   3.821 999.000
      82     SER  60.836 999.000  62.919 999.000 176.077 999.000   7.588 999.000 114.616 999.000   4.262 999.000
      83     PHE  60.889 999.000  39.354 999.000 176.623 999.000   7.160 999.000 123.621 999.000   4.184 999.000
      84     GLU  59.935 999.000  29.356 999.000 178.334 999.000   8.560 999.000 119.216 999.000   3.591 999.000
      85     GLN  58.578 999.000  28.264 999.000 178.408 999.000   7.600 999.000 117.361 999.000   3.968 999.000
      86     VAL  65.115 999.000  31.898 999.000 177.749 999.000   7.074 999.000 119.418 999.000   3.693 999.000
      87     VAL  65.804 999.000  31.168 999.000 177.744 999.000   7.742 999.000 119.260 999.000   3.302 999.000
      88     ASN  55.895 999.000  37.724 999.000 177.422 999.000   8.493 999.000 117.963 999.000   4.305 999.000
      89     GLU  58.370 999.000  29.630 999.000 178.065 999.000   7.298 999.000 119.719 999.000   4.064 999.000
      90     LEU  57.290 999.000  42.040 999.000 177.378 999.000   7.410 999.000 119.890 999.000   3.886 999.000
      91     PHE  58.352 999.000  38.535 999.000 176.074 999.000   7.690 999.000 114.211 999.000   4.511 999.000
      92     ARG  58.640 999.000  29.832 999.000 176.757 999.000   7.505 999.000 120.461 999.000   3.966 999.000
      93     ASP  53.837 999.000  40.719 999.000 176.289 999.000   8.116 999.000 116.899 999.000   4.636 999.000
      94     GLY  44.631 999.000-999.000-999.000 173.349 999.000   7.572 999.000 107.882 999.000   4.093 999.000
      95     VAL  62.253 999.000  32.392 999.000 175.304 999.000   8.013 999.000 119.765 999.000   3.883 999.000
      96     ASN  51.978 999.000  41.138 999.000 174.579 999.000   7.706 999.000 122.269 999.000   4.299 999.000
      97     TRP  60.087 999.000  30.384 999.000 178.161 999.000   8.898 999.000 120.631 999.000   4.540 999.000
      98     GLY  47.123 999.000-999.000-999.000 175.966 999.000   8.889 999.000 107.008 999.000   4.141 999.000
      99     ARG  58.806 999.000  29.849 999.000 178.282 999.000   8.076 999.000 121.431 999.000   4.142 999.000
     100     ILE  65.371 999.000  37.714 999.000 177.575 999.000   7.999 999.000 120.748 999.000   4.054 999.000
     101     VAL  66.933 999.000  31.292 999.000 176.751 999.000   8.345 999.000 119.451 999.000   3.455 999.000
     102     ALA  55.518 999.000  18.047 999.000 178.705 999.000   8.214 999.000 122.686 999.000   3.887 999.000
     103     PHE  60.752 999.000  38.494 999.000 176.911 999.000   8.302 999.000 119.634 999.000   4.244 999.000
     104     PHE  62.707 999.000  38.793 999.000 177.651 999.000   8.688 999.000 118.484 999.000   3.610 999.000
     105     SER  61.926 999.000  62.620 999.000 176.430 999.000   8.348 999.000 115.352 999.000   4.135 999.000
     106     PHE  60.016 999.000  38.413 999.000 176.793 999.000   8.779 999.000 123.570 999.000   4.317 999.000
     107     GLY  47.552 999.000-999.000-999.000 176.213 999.000   8.199 999.000 106.562 999.000   3.608 999.000
     108     GLY  47.315 999.000-999.000-999.000 175.483 999.000   8.453 999.000 109.671 999.000   3.938 999.000
     109     ALA  54.838 999.000  18.349 999.000 178.947 999.000   8.205 999.000 124.580 999.000   4.177 999.000
     110     LEU  57.981 999.000  41.657 999.000 177.602 999.000   8.582 999.000 119.767 999.000   4.133 999.000
     111     CYS 999.000 999.000 999.000 999.000 999.000 999.000 999.000 999.000 999.000 999.000   3.937 999.000
     112     VAL  66.424 999.000  31.281 999.000 177.540 999.000   8.008 999.000 120.153 999.000   3.495 999.000
     113     GLU  59.502 999.000  29.086 999.000 178.438 999.000   8.379 999.000 120.517 999.000   4.013 999.000
     114     SER  62.082 999.000  63.023 999.000 176.299 999.000   8.169 999.000 115.614 999.000   4.102 999.000
     115     VAL  65.265 999.000  31.258 999.000 177.630 999.000   7.581 999.000 120.902 999.000   3.599 999.000
     116     ASP  56.399 999.000  41.144 999.000 177.703 999.000   7.913 999.000 119.944 999.000   4.430 999.000
     117     LYS  56.486 999.000  32.126 999.000 176.019 999.000   7.855 999.000 116.584 999.000   4.214 999.000
     118     GLU  57.424 999.000  27.205 999.000 175.545 999.000   7.925 999.000 115.597 999.000   4.016 999.000
     119     MET  54.753 999.000  32.070 999.000 176.109 999.000   8.456 999.000 118.928 999.000   4.734 999.000
     120     GLN  58.820 999.000  27.868 999.000 177.633 999.000   7.976 999.000 119.764 999.000   3.875 999.000
     121     VAL  64.143 999.000  31.509 999.000 177.299 999.000   7.639 999.000 118.151 999.000   3.855 999.000
     122     LEU  56.895 999.000  41.311 999.000 178.151 999.000   7.842 999.000 119.735 999.000   3.943 999.000
     123     VAL  66.643 999.000  31.267 999.000 177.769 999.000   7.458 999.000 118.801 999.000   3.277 999.000
     124     SER  61.399 999.000  62.783 999.000 176.320 999.000   8.307 999.000 114.439 999.000   4.134 999.000
     125     ARG  58.543 999.000  30.030 999.000 178.095 999.000   6.843 999.000 122.628 999.000   3.775 999.000
     126     ILE  65.675 999.000  37.780 999.000 177.411 999.000   8.241 999.000 120.865 999.000   2.923 999.000
     127     ALA  55.507 999.000  18.118 999.000 179.189 999.000   7.829 999.000 120.590 999.000   3.906 999.000
     128     ALA  55.003 999.000  18.425 999.000 178.779 999.000   7.235 999.000 121.284 999.000   4.159 999.000
     129     TRP  58.630 999.000  28.544 999.000 178.822 999.000   8.736 999.000 119.987 999.000   4.334 999.000
     130     MET  59.809 999.000  32.809 999.000 177.769 999.000   8.730 999.000 117.279 999.000   4.515 999.000
     131     ALA  55.143 999.000  18.267 999.000 178.645 999.000   8.036 999.000 121.524 999.000   4.194 999.000
     132     THR  66.776 999.000  67.964 999.000 175.573 999.000   8.444 999.000 116.201 999.000   4.018 999.000
     133     TYR  62.212 999.000  38.813 999.000 176.886 999.000   8.719 999.000 122.989 999.000   4.196 999.000
     134     LEU  58.552 999.000  41.464 999.000 177.810 999.000   8.705 999.000 119.213 999.000   4.067 999.000
     135     ASN  56.171 999.000  38.904 999.000 177.153 999.000   8.063 999.000 116.551 999.000   4.385 999.000
     136     ASP  55.975 999.000  40.938 999.000 176.933 999.000   8.106 999.000 118.102 999.000   4.407 999.000
     137     HIS  57.324 999.000  31.877 999.000 175.875 999.000   7.770 999.000 114.136 999.000   4.406 999.000
     138     LEU  56.167 999.000  42.456 999.000 177.613 999.000   7.931 999.000 116.589 999.000   4.128 999.000
     139     GLU  61.673 999.000  28.149 999.000 176.122 999.000   8.758 999.000 119.745 999.000   4.018 999.000
     140     PRO  65.397 999.000  31.449 999.000 178.032 999.000-999.000-999.000 999.000 999.000   4.206 999.000
     141     TRP  60.523 999.000  29.506 999.000 177.761 999.000   7.107 999.000 118.566 999.000   4.181 999.000
     142     ILE  65.630 999.000  37.909 999.000 177.260 999.000   8.498 999.000 119.992 999.000   3.142 999.000
     143     GLN  58.994 999.000  28.062 999.000 178.561 999.000   8.347 999.000 118.045 999.000   3.972 999.000
     144     GLU  58.253 999.000  29.677 999.000 177.803 999.000   7.488 999.000 119.183 999.000   3.994 999.000
     145     ASN  54.412 999.000  39.608 999.000 175.547 999.000   7.679 999.000 115.217 999.000   4.299 999.000
     146     GLY  45.132 999.000-999.000-999.000 174.698 999.000   7.567 999.000 107.559 999.000   4.112 999.000
     147     GLY  44.255 999.000-999.000-999.000 173.664 999.000   8.289 999.000 107.649 999.000   4.134 999.000
     148     TRP  59.973 999.000  29.756 999.000 177.633 999.000   8.881 999.000 120.021 999.000   4.597 999.000
     149     ASP  56.952 999.000  39.745 999.000 178.234 999.000   8.437 999.000 119.610 999.000   4.426 999.000
     150     THR  64.840 999.000  68.547 999.000 176.149 999.000   7.643 999.000 114.020 999.000   4.100 999.000
     151     PHE  60.691 999.000  39.472 999.000 176.638 999.000   7.569 999.000 123.452 999.000   3.792 999.000
     152     VAL  65.504 999.000  31.239 999.000 177.884 999.000   7.933 999.000 117.351 999.000   3.664 999.000
     153     GLU  58.149 999.000  29.538 999.000 177.427 999.000   7.585 999.000 118.930 999.000   4.077 999.000
     154     LEU  56.388 999.000  43.245 999.000 177.074 999.000   7.125 999.000 118.423 999.000   4.046 999.000
     155     TYR  58.182 999.000  40.290 999.000 176.286 999.000   8.096 999.000 114.991 999.000   4.455 999.000
     156     GLY  44.849 999.000-999.000-999.000 174.409 999.000   7.903 999.000 106.039 999.000   4.036 999.000
     157     ASN  54.723 999.000  38.479 999.000 176.460 999.000   8.513 999.000 117.988 999.000   4.433 999.000
     158     ASN  54.537 999.000  38.390 999.000 176.143 999.000   8.242 999.000 117.277 999.000   4.538 999.000
     159     ALA  53.600 999.000  18.728 999.000 178.640 999.000   7.768 999.000 122.266 999.000   4.178 999.000
     160     ALA  53.449 999.000  18.482 999.000 178.886 999.000   7.669 999.000 119.893 999.000   4.198 999.000
     161     ALA  53.814 999.000  18.389 999.000 179.451 999.000   7.644 999.000 120.062 999.000   4.221 999.000
     162     GLU  58.182 999.000  29.269 999.000 178.386 999.000   7.812 999.000 117.252 999.000   4.164 999.000
     163     SER  60.466 999.000  63.317 999.000 175.980 999.000   7.746 999.000 114.674 999.000   4.307 999.000
     164     ARG  57.156 999.000  29.997 999.000 177.392 999.000   7.655 999.000 121.746 999.000   4.278 999.000
     165     LYS  57.052 999.000  32.334 999.000 177.848 999.000   7.737 999.000 119.019 999.000   4.242 999.000
     166     GLY  45.439 999.000-999.000-999.000 174.484 999.000   7.950 999.000 107.184 999.000   3.957 999.000
     167     GLN  56.332 999.000  29.284 999.000 176.399 999.000   7.950 999.000 119.506 999.000   4.310 999.000
     168     GLU  57.003 999.000  30.067 999.000 176.592 999.000   7.917 999.000 118.934 999.000   4.278 999.000
     169     ARG 999.000 999.000 999.000 999.000 999.000 999.000 999.000 999.000 999.000 999.000 999.000 999.000
