   index residue  pre_ca  exp_ca  pre_cb  exp_cb   pre_c   exp_c   pre_h   exp_h   pre_n   exp_n  pre_ha  exp_ha
       1     MET 999.000 999.000 999.000 999.000 999.000 999.000-999.000-999.000 999.000 999.000 999.000 999.000
       2     SER 999.000 999.000 999.000 999.000 999.000 999.000 999.000 999.000 999.000 999.000 999.000 999.000
       3     GLN  57.476 999.000  28.779 999.000 177.349 999.000   8.199 999.000 119.822 999.000   4.211 999.000
       4     SER  60.569 999.000  63.110 999.000 176.049 999.000   7.803 999.000 115.407 999.000   4.099 999.000
       5     ASN  55.707 999.000  38.172 999.000 176.665 999.000   8.161 999.000 120.689 999.000   4.500 999.000
       6     ARG  59.031 999.000  30.004 999.000 177.761 999.000   7.760 999.000 120.107 999.000   4.091 999.000
       7     GLU  58.976 999.000  29.228 999.000 178.833 999.000   7.692 999.000 118.862 999.000   4.009 999.000
       8     LEU  57.648 999.000  41.418 999.000 178.627 999.000   7.580 999.000 118.925 999.000   4.109 999.000
       9     VAL  66.139 999.000  31.292 999.000 177.600 999.000   7.283 999.000 119.112 999.000   2.961 999.000
      10     VAL  67.001 999.000  31.203 999.000 176.303 999.000   7.903 999.000 119.382 999.000   3.699 999.000
      11     ASP  57.565 999.000  41.280 999.000 177.444 999.000   7.855 999.000 120.035 999.000   4.391 999.000
      12     PHE  61.525 999.000  39.670 999.000 177.311 999.000   8.073 999.000 120.485 999.000   4.216 999.000
      13     LEU  58.303 999.000  41.154 999.000 178.607 999.000   8.705 999.000 118.551 999.000   4.099 999.000
      14     SER  62.330 999.000  62.563 999.000 176.495 999.000   8.525 999.000 115.122 999.000   4.355 999.000
      15     TYR  60.921 999.000  37.870 999.000 177.032 999.000   8.588 999.000 124.371 999.000   4.341 999.000
      16     LYS  58.547 999.000  31.391 999.000 179.141 999.000   8.134 999.000 118.404 999.000   3.792 999.000
      17     LEU  58.091 999.000  41.542 999.000 178.685 999.000   8.536 999.000 119.884 999.000   4.037 999.000
      18     SER  61.810 999.000  62.794 999.000 177.159 999.000   8.452 999.000 115.930 999.000   4.266 999.000
      19     GLN  57.834 999.000  28.531 999.000 177.527 999.000   8.029 999.000 120.487 999.000   4.041 999.000
      20     LYS  56.434 999.000  32.669 999.000 177.182 999.000   7.310 999.000 117.851 999.000   4.065 999.000
      21     GLY  45.547 999.000-999.000-999.000 174.033 999.000   7.510 999.000 107.688 999.000   3.980 999.000
      22     TYR  54.488 999.000  40.121 999.000 175.227 999.000   8.322 999.000 119.513 999.000   4.794 999.000
      23     SER  56.346 999.000  66.080 999.000 174.537 999.000   8.654 999.000 113.239 999.000   4.767 999.000
      24     TRP  59.781 999.000  29.715 999.000 176.474 999.000   8.450 999.000 120.939 999.000   4.226 999.000
      25     SER  58.680 999.000  64.459 999.000 173.771 999.000   7.954 999.000 111.100 999.000   4.398 999.000
      26     GLN  54.532 999.000  32.003 999.000 175.008 999.000   7.540 999.000 119.723 999.000   4.342 999.000
      27     PHE  58.187 999.000  37.891 999.000 175.641 999.000   8.349 999.000 120.700 999.000   4.071 999.000
      28     SER  57.081 999.000  65.013 999.000 174.216 999.000   7.411 999.000 113.666 999.000   4.759 999.000
      29     ASP  55.186 999.000  39.635 999.000 177.218 999.000   8.666 999.000 125.120 999.000   4.397 999.000
      30     VAL  63.534 999.000  31.783 999.000 176.704 999.000   7.864 999.000 117.384 999.000   3.979 999.000
      31     GLU  56.383 999.000  29.814 999.000 176.481 999.000   8.020 999.000 120.123 999.000   4.279 999.000
      32     GLU  56.964 999.000  30.109 999.000 176.710 999.000   7.944 999.000 119.742 999.000   4.218 999.000
      33     ASN  53.490 999.000  38.365 999.000 175.460 999.000   8.622 999.000 117.998 999.000   4.624 999.000
      34     ARG  55.939 999.000  30.615 999.000 176.405 999.000   8.014 999.000 119.951 999.000   4.321 999.000
      35     THR  61.644 999.000  70.061 999.000 174.979 999.000   8.211 999.000 115.318 999.000   4.348 999.000
      36     GLU  56.581 999.000  30.032 999.000 175.949 999.000   8.602 999.000 122.982 999.000   4.200 999.000
      37     ALA  50.944 999.000  18.160 999.000 175.664 999.000   8.280 999.000 124.937 999.000   4.407 999.000
      38     PRO  62.881 999.000  32.384 999.000 176.856 999.000-999.000-999.000 999.000 999.000   4.520 999.000
      39     GLU  56.808 999.000  30.012 999.000 176.924 999.000   8.572 999.000 121.646 999.000   4.195 999.000
      40     GLY  45.549 999.000-999.000-999.000 174.946 999.000   8.639 999.000 110.779 999.000   4.074 999.000
      41     THR  61.845 999.000  70.182 999.000 175.100 999.000   7.531 999.000 114.464 999.000   4.359 999.000
      42     GLU  58.942 999.000  29.326 999.000 177.584 999.000   9.075 999.000 124.321 999.000   4.055 999.000
      43     SER  60.764 999.000  63.184 999.000 175.831 999.000   8.426 999.000 114.184 999.000   4.396 999.000
      44     GLU  59.035 999.000  29.162 999.000 178.172 999.000   8.010 999.000 122.843 999.000   4.010 999.000
      45     ALA  55.006 999.000  18.331 999.000 179.438 999.000   7.610 999.000 120.743 999.000   3.867 999.000
      46     VAL  66.083 999.000  31.254 999.000 177.818 999.000   7.330 999.000 118.949 999.000   3.551 999.000
      47     LYS  60.238 999.000  31.989 999.000 178.819 999.000   8.057 999.000 119.596 999.000   3.893 999.000
      48     GLN  58.737 999.000  28.118 999.000 178.228 999.000   8.193 999.000 118.754 999.000   3.949 999.000
      49     ALA  54.982 999.000  18.137 999.000 179.621 999.000   7.832 999.000 122.156 999.000   4.096 999.000
      50     LEU  57.637 999.000  41.527 999.000 178.854 999.000   8.203 999.000 118.625 999.000   4.159 999.000
      51     ARG  59.565 999.000  29.677 999.000 178.625 999.000   7.998 999.000 119.497 999.000   3.912 999.000
      52     GLU  59.022 999.000  29.322 999.000 178.825 999.000   8.150 999.000 119.073 999.000   4.081 999.000
      53     ALA  54.656 999.000  18.208 999.000 179.634 999.000   8.118 999.000 121.701 999.000   4.171 999.000
      54     GLY  47.111 999.000-999.000-999.000 175.536 999.000   8.471 999.000 106.773 999.000   4.194 999.000
      55     ASP  56.409 999.000  40.490 999.000 177.745 999.000   8.191 999.000 121.740 999.000   4.569 999.000
      56     GLU  58.443 999.000  29.735 999.000 178.077 999.000   7.792 999.000 119.876 999.000   4.173 999.000
      57     PHE  60.894 999.000  39.368 999.000 176.830 999.000   8.339 999.000 119.232 999.000   4.241 999.000
      58     GLU  56.964 999.000  29.767 999.000 177.709 999.000   7.768 999.000 116.492 999.000   4.147 999.000
      59     LEU  55.995 999.000  41.550 999.000 176.695 999.000   7.537 999.000 122.049 999.000   4.081 999.000
      60     ARG  57.251 999.000  28.245 999.000 175.547 999.000   8.875 999.000 123.427 999.000   3.849 999.000
      61     TYR  58.546 999.000  35.571 999.000 175.475 999.000   7.585 999.000 115.277 999.000   4.145 999.000
      62     ARG  57.809 999.000  30.303 999.000 176.840 999.000   7.529 999.000 119.434 999.000   4.109 999.000
      63     ARG  56.431 999.000  30.975 999.000 176.081 999.000   7.797 999.000 115.984 999.000   4.183 999.000
      64     ALA  51.922 999.000  18.563 999.000 176.766 999.000   7.574 999.000 122.324 999.000   4.230 999.000
      65     PHE  56.781 999.000  40.005 999.000 176.724 999.000   8.322 999.000 120.157 999.000   4.686 999.000
      66     SER  61.374 999.000  62.669 999.000 175.844 999.000   9.164 999.000 119.446 999.000   4.170 999.000
      67     ASP  56.120 999.000  39.946 999.000 176.948 999.000   8.413 999.000 121.026 999.000   4.434 999.000
      68     LEU  55.250 999.000  42.962 999.000 177.172 999.000   7.549 999.000 117.306 999.000   4.538 999.000
      69     THR  62.586 999.000  70.310 999.000 175.196 999.000   7.659 999.000 109.135 999.000   4.385 999.000
      70     SER  59.557 999.000  64.077 999.000 174.674 999.000   8.435 999.000 115.489 999.000   4.524 999.000
      71     GLN  55.094 999.000  28.030 999.000 175.770 999.000   8.099 999.000 121.596 999.000   4.417 999.000
      72     LEU  55.052 999.000  41.672 999.000 176.678 999.000   7.819 999.000 121.899 999.000   4.251 999.000
      73     HIS  55.716 999.000  30.346 999.000 175.296 999.000   8.520 999.000 122.614 999.000   4.645 999.000
      74     ILE  60.655 999.000  38.203 999.000 176.175 999.000   8.268 999.000 123.473 999.000   4.262 999.000
      75     THR  60.423 999.000  68.929 999.000 174.025 999.000   8.254 999.000 121.424 999.000   4.115 999.000
      76     PRO  63.432 999.000  32.318 999.000 177.002 999.000-999.000-999.000 999.000 999.000   4.336 999.000
      77     GLY  44.825 999.000-999.000-999.000 174.313 999.000   8.227 999.000 108.292 999.000   4.070 999.000
      78     THR  62.387 999.000  69.833 999.000 175.034 999.000   8.061 999.000 112.420 999.000   4.131 999.000
      79     ALA  52.832 999.000  19.364 999.000 177.423 999.000   8.102 999.000 123.665 999.000   4.120 999.000
      80     TYR  58.478 999.000  38.237 999.000 176.939 999.000   8.019 999.000 115.106 999.000   4.317 999.000
      81     GLN  57.974 999.000  28.182 999.000 177.352 999.000   7.897 999.000 119.844 999.000   3.965 999.000
      82     SER  60.593 999.000  63.142 999.000 175.813 999.000   7.742 999.000 115.234 999.000   4.239 999.000
      83     PHE  60.360 999.000  38.289 999.000 177.426 999.000   7.821 999.000 123.182 999.000   4.319 999.000
      84     GLU  59.849 999.000  29.371 999.000 178.255 999.000   7.497 999.000 120.227 999.000   3.491 999.000
      85     GLN  57.628 999.000  28.094 999.000 177.522 999.000   7.541 999.000 116.255 999.000   3.976 999.000
      86     VAL  65.471 999.000  32.023 999.000 177.071 999.000   7.212 999.000 119.638 999.000   3.691 999.000
      87     VAL  62.843 999.000  31.936 999.000 176.887 999.000   7.518 999.000 113.810 999.000   3.767 999.000
      88     ASN  55.691 999.000  38.241 999.000 175.878 999.000   7.878 999.000 118.798 999.000   3.860 999.000
      89     GLU  56.607 999.000  30.956 999.000 176.853 999.000   7.652 999.000 115.993 999.000   4.296 999.000
      90     LEU  57.322 999.000  41.827 999.000 177.043 999.000   7.423 999.000 119.773 999.000   3.716 999.000
      91     PHE  57.789 999.000  39.161 999.000 176.246 999.000   7.483 999.000 113.145 999.000   4.501 999.000
      92     ARG  58.297 999.000  29.969 999.000 176.907 999.000   7.549 999.000 119.807 999.000   3.346 999.000
      93     ASP  54.105 999.000  40.995 999.000 176.129 999.000   7.644 999.000 116.129 999.000   4.503 999.000
      94     GLY  45.312 999.000-999.000-999.000 173.185 999.000   7.257 999.000 108.224 999.000   3.987 999.000
      95     VAL  60.840 999.000  30.168 999.000 175.698 999.000   7.914 999.000 116.447 999.000   4.386 999.000
      96     ASN  53.541 999.000  39.502 999.000 175.845 999.000   7.652 999.000 120.131 999.000   4.466 999.000
      97     TRP  59.599 999.000  28.893 999.000 177.116 999.000   8.531 999.000 123.512 999.000   4.257 999.000
      98     GLY  47.678 999.000-999.000-999.000 175.352 999.000   7.471 999.000 108.092 999.000   3.610 999.000
      99     ARG  59.142 999.000  30.046 999.000 178.051 999.000   7.832 999.000 120.601 999.000   4.055 999.000
     100     ILE  64.906 999.000  37.444 999.000 177.429 999.000   7.437 999.000 119.810 999.000   3.684 999.000
     101     VAL  66.939 999.000  31.192 999.000 176.771 999.000   8.467 999.000 119.121 999.000   3.104 999.000
     102     ALA  55.433 999.000  18.033 999.000 178.217 999.000   8.140 999.000 122.372 999.000   3.906 999.000
     103     PHE  60.572 999.000  39.092 999.000 176.887 999.000   7.895 999.000 119.260 999.000   4.421 999.000
     104     PHE  58.494 999.000  37.692 999.000 177.802 999.000   8.884 999.000 118.255 999.000   4.263 999.000
     105     SER  61.774 999.000  62.697 999.000 176.287 999.000   8.576 999.000 115.940 999.000   4.487 999.000
     106     PHE  60.477 999.000  38.853 999.000 176.831 999.000   8.590 999.000 122.978 999.000   4.367 999.000
     107     GLY  47.610 999.000-999.000-999.000 176.215 999.000   8.414 999.000 106.520 999.000   3.685 999.000
     108     GLY  47.290 999.000-999.000-999.000 175.462 999.000   8.644 999.000 109.841 999.000   3.975 999.000
     109     ALA  54.824 999.000  18.352 999.000 178.964 999.000   8.166 999.000 124.664 999.000   4.129 999.000
     110     LEU  58.093 999.000  41.564 999.000 178.238 999.000   8.296 999.000 119.323 999.000   3.937 999.000
     111     CYS 999.000 999.000 999.000 999.000 999.000 999.000 999.000 999.000 999.000 999.000   4.093 999.000
     112     VAL  64.929 999.000  32.021 999.000 177.168 999.000   8.007 999.000 119.116 999.000   3.866 999.000
     113     GLU  57.084 999.000  29.199 999.000 177.103 999.000   8.318 999.000 117.327 999.000   4.257 999.000
     114     SER  58.359 999.000  63.442 999.000 174.665 999.000   7.592 999.000 115.147 999.000   4.515 999.000
     115     VAL  63.469 999.000  32.149 999.000 175.758 999.000   8.066 999.000 119.674 999.000   3.934 999.000
     116     ASP  54.352 999.000  40.386 999.000 176.526 999.000   8.263 999.000 118.315 999.000   4.619 999.000
     117     LYS  55.876 999.000  33.107 999.000 176.280 999.000   7.578 999.000 120.735 999.000   4.357 999.000
     118     GLU  56.058 999.000  29.798 999.000 176.693 999.000   8.690 999.000 121.108 999.000   4.301 999.000
     119     MET  57.625 999.000  31.244 999.000 177.742 999.000   8.752 999.000 124.027 999.000   4.067 999.000
     120     GLN  57.866 999.000  28.452 999.000 176.864 999.000   8.218 999.000 117.778 999.000   4.155 999.000
     121     VAL  62.009 999.000  33.695 999.000 176.942 999.000   7.539 999.000 113.712 999.000   4.331 999.000
     122     LEU  58.582 999.000  41.622 999.000 177.853 999.000   7.990 999.000 122.013 999.000   3.943 999.000
     123     VAL  66.290 999.000  31.310 999.000 178.055 999.000   7.883 999.000 117.740 999.000   3.375 999.000
     124     SER  61.772 999.000  62.895 999.000 176.605 999.000   7.758 999.000 116.195 999.000   4.323 999.000
     125     ARG  58.952 999.000  29.984 999.000 178.500 999.000   7.952 999.000 122.387 999.000   4.012 999.000
     126     ILE  64.989 999.000  37.484 999.000 177.500 999.000   8.439 999.000 120.584 999.000   3.800 999.000
     127     ALA  55.477 999.000  18.106 999.000 179.246 999.000   8.562 999.000 121.166 999.000   3.974 999.000
     128     ALA  55.338 999.000  18.162 999.000 178.916 999.000   7.828 999.000 121.205 999.000   4.011 999.000
     129     TRP  60.351 999.000  29.748 999.000 178.693 999.000   8.305 999.000 119.304 999.000   4.246 999.000
     130     MET  59.803 999.000  32.787 999.000 177.608 999.000   8.861 999.000 117.920 999.000   4.346 999.000
     131     ALA  55.290 999.000  18.242 999.000 178.540 999.000   8.441 999.000 121.500 999.000   4.140 999.000
     132     THR  66.566 999.000  68.003 999.000 176.195 999.000   8.162 999.000 115.188 999.000   3.938 999.000
     133     TYR  59.494 999.000  38.100 999.000 177.772 999.000   8.275 999.000 120.120 999.000   4.663 999.000
     134     LEU  58.122 999.000  41.386 999.000 177.635 999.000   8.920 999.000 119.702 999.000   4.110 999.000
     135     ASN  56.313 999.000  38.968 999.000 176.987 999.000   8.132 999.000 116.366 999.000   4.437 999.000
     136     ASP  55.725 999.000  41.052 999.000 176.847 999.000   7.666 999.000 118.087 999.000   4.518 999.000
     137     HIS  56.398 999.000  31.469 999.000 174.903 999.000   8.077 999.000 113.755 999.000   4.739 999.000
     138     LEU  56.263 999.000  43.776 999.000 176.889 999.000   8.177 999.000 119.908 999.000   4.513 999.000
     139     GLU  61.683 999.000  27.924 999.000 176.279 999.000   8.624 999.000 118.543 999.000   4.015 999.000
     140     PRO  65.408 999.000  31.369 999.000 178.188 999.000-999.000-999.000 999.000 999.000   4.174 999.000
     141     TRP  58.322 999.000  30.059 999.000 178.429 999.000   7.113 999.000 116.576 999.000   4.633 999.000
     142     ILE  64.434 999.000  37.024 999.000 177.369 999.000   8.227 999.000 120.047 999.000   3.793 999.000
     143     GLN  59.052 999.000  27.744 999.000 178.737 999.000   8.409 999.000 119.058 999.000   4.111 999.000
     144     GLU  58.434 999.000  29.514 999.000 177.866 999.000   7.830 999.000 118.821 999.000   4.108 999.000
     145     ASN  54.494 999.000  39.833 999.000 175.597 999.000   7.845 999.000 115.165 999.000   4.542 999.000
     146     GLY  45.501 999.000-999.000-999.000 174.040 999.000   7.760 999.000 106.390 999.000   4.109 999.000
     147     GLY  45.079 999.000-999.000-999.000 173.623 999.000   8.328 999.000 107.929 999.000   4.102 999.000
     148     TRP  60.362 999.000  29.549 999.000 177.722 999.000   8.964 999.000 123.894 999.000   4.600 999.000
     149     ASP  57.270 999.000  39.724 999.000 177.827 999.000   8.263 999.000 119.304 999.000   4.251 999.000
     150     THR  65.587 999.000  68.313 999.000 176.277 999.000   7.666 999.000 114.971 999.000   3.895 999.000
     151     PHE  60.003 999.000  39.278 999.000 177.655 999.000   7.705 999.000 119.869 999.000   4.308 999.000
     152     VAL  65.887 999.000  31.241 999.000 177.762 999.000   7.553 999.000 118.933 999.000   3.478 999.000
     153     GLU  58.979 999.000  29.063 999.000 178.414 999.000   7.702 999.000 120.006 999.000   3.837 999.000
     154     LEU  57.125 999.000  41.738 999.000 177.720 999.000   7.254 999.000 119.263 999.000   3.841 999.000
     155     TYR  58.242 999.000  39.087 999.000 176.890 999.000   7.574 999.000 116.642 999.000   4.497 999.000
     156     GLY  45.088 999.000-999.000-999.000 174.350 999.000   7.893 999.000 106.559 999.000   3.854 999.000
     157     ASN  52.898 999.000  39.069 999.000 175.617 999.000   8.065 999.000 117.751 999.000   4.584 999.000
     158     ASN  55.171 999.000  38.580 999.000 176.419 999.000   8.453 999.000 121.223 999.000   4.409 999.000
     159     ALA  54.764 999.000  18.443 999.000 179.178 999.000   8.161 999.000 122.078 999.000   4.120 999.000
     160     ALA  54.087 999.000  18.133 999.000 179.660 999.000   7.560 999.000 120.435 999.000   4.221 999.000
     161     ALA  54.214 999.000  18.178 999.000 179.797 999.000   7.625 999.000 120.386 999.000   4.172 999.000
     162     GLU  58.641 999.000  29.235 999.000 178.881 999.000   7.992 999.000 117.810 999.000   4.132 999.000
     163     SER  60.888 999.000  63.191 999.000 176.162 999.000   7.825 999.000 114.847 999.000   4.274 999.000
     164     ARG  57.391 999.000  29.922 999.000 177.647 999.000   7.610 999.000 121.664 999.000   4.262 999.000
     165     LYS  56.972 999.000  32.361 999.000 177.862 999.000   7.674 999.000 119.160 999.000   4.250 999.000
     166     GLY  45.211 999.000-999.000-999.000 174.271 999.000   7.878 999.000 107.019 999.000   3.952 999.000
     167     GLN  56.240 999.000  29.354 999.000 176.282 999.000   8.019 999.000 119.314 999.000   4.294 999.000
     168     GLU  56.899 999.000  29.678 999.000 176.422 999.000   8.121 999.000 118.944 999.000   4.275 999.000
     169     ARG 999.000 999.000 999.000 999.000 999.000 999.000 999.000 999.000 999.000 999.000 999.000 999.000
     630     GLU 999.000 999.000 999.000 999.000 999.000 999.000-999.000-999.000 999.000 999.000 999.000 999.000
     631     GLU 999.000 999.000 999.000 999.000 999.000 999.000 999.000 999.000 999.000 999.000 999.000 999.000
     632     GLN  56.948 999.000  28.063 999.000 177.200 999.000   8.087 999.000 119.002 999.000   4.155 999.000
     633     TRP  59.938 999.000  29.059 999.000 177.803 999.000   7.885 999.000 121.127 999.000   4.303 999.000
     634     ALA  54.963 999.000  18.133 999.000 179.137 999.000   7.889 999.000 121.040 999.000   3.830 999.000
     635     ARG  59.329 999.000  29.728 999.000 178.529 999.000   7.991 999.000 118.060 999.000   3.963 999.000
     636     GLU  59.010 999.000  29.368 999.000 179.036 999.000   7.665 999.000 119.474 999.000   4.091 999.000
     637     ILE  63.899 999.000  36.743 999.000 178.034 999.000   7.888 999.000 119.579 999.000   3.632 999.000
     638     GLY  47.610 999.000-999.000-999.000 176.037 999.000   8.385 999.000 107.736 999.000   3.766 999.000
     639     ALA  54.890 999.000  18.165 999.000 178.954 999.000   8.017 999.000 124.300 999.000   4.046 999.000
     640     GLN  58.856 999.000  28.292 999.000 178.451 999.000   7.909 999.000 118.399 999.000   3.896 999.000
     641     LEU  58.185 999.000  41.317 999.000 178.669 999.000   8.593 999.000 120.588 999.000   3.969 999.000
     642     ARG  59.533 999.000  29.901 999.000 178.652 999.000   8.083 999.000 118.842 999.000   3.894 999.000
     643     ARG  58.317 999.000  29.886 999.000 178.263 999.000   7.833 999.000 118.839 999.000   4.142 999.000
     644     MET  58.220 999.000  32.877 999.000 176.877 999.000   8.312 999.000 119.077 999.000   4.065 999.000
     645     ALA  52.546 999.000  18.996 999.000 176.682 999.000   7.627 999.000 119.455 999.000   4.284 999.000
     646     ASP  53.919 999.000  41.478 999.000 175.945 999.000   7.407 999.000 117.709 999.000   4.478 999.000
     647     ASP  54.450 999.000  40.857 999.000 176.721 999.000   8.411 999.000 122.436 999.000   4.443 999.000
     648     LEU  56.100 999.000  41.927 999.000 177.231 999.000   7.696 999.000 119.893 999.000   4.071 999.000
     649     ASN  53.635 999.000  38.604 999.000 175.521 999.000   8.088 999.000 116.283 999.000   4.545 999.000
     650     ALA  52.473 999.000  19.343 999.000 177.325 999.000   7.753 999.000 121.664 999.000   4.257 999.000
     651     GLN  56.121 999.000  29.152 999.000 175.973 999.000   7.922 999.000 117.927 999.000   4.114 999.000
     652     TYR  58.467 999.000  38.426 999.000 175.445 999.000   8.302 999.000 118.235 999.000   4.469 999.000
     653     GLU  56.994 999.000  30.324 999.000 176.495 999.000   8.192 999.000 119.472 999.000   4.278 999.000
     654     ARG 999.000 999.000 999.000 999.000 999.000 999.000 999.000 999.000 999.000 999.000 999.000 999.000
