   index residue  pre_ca  exp_ca  pre_cb  exp_cb   pre_c   exp_c   pre_h   exp_h   pre_n   exp_n  pre_ha  exp_ha
       1     MET 999.000 999.000 999.000 999.000 999.000 999.000-999.000-999.000 999.000 999.000 999.000 999.000
       2     SER 999.000 999.000 999.000 999.000 999.000 999.000 999.000 999.000 999.000 999.000 999.000 999.000
       3     GLN  57.190 999.000  29.056 999.000 177.030 999.000   8.120 999.000 119.503 999.000   4.248 999.000
       4     SER  60.401 999.000  63.224 999.000 175.949 999.000   7.826 999.000 115.181 999.000   4.132 999.000
       5     ASN  55.676 999.000  37.917 999.000 176.577 999.000   8.067 999.000 120.676 999.000   4.473 999.000
       6     ARG  58.840 999.000  30.072 999.000 177.658 999.000   7.716 999.000 119.912 999.000   4.107 999.000
       7     GLU  58.925 999.000  29.252 999.000 178.808 999.000   7.647 999.000 118.874 999.000   4.005 999.000
       8     LEU  57.719 999.000  41.422 999.000 178.602 999.000   7.631 999.000 118.876 999.000   4.094 999.000
       9     VAL  66.067 999.000  31.290 999.000 177.549 999.000   7.270 999.000 119.004 999.000   2.957 999.000
      10     VAL  66.945 999.000  31.187 999.000 176.353 999.000   7.771 999.000 119.468 999.000   3.684 999.000
      11     ASP  57.541 999.000  41.286 999.000 177.461 999.000   7.875 999.000 119.968 999.000   4.378 999.000
      12     PHE  61.514 999.000  39.684 999.000 177.294 999.000   8.009 999.000 120.548 999.000   4.218 999.000
      13     LEU  58.300 999.000  41.165 999.000 178.599 999.000   8.745 999.000 118.591 999.000   4.095 999.000
      14     SER  62.295 999.000  62.568 999.000 176.514 999.000   8.525 999.000 115.138 999.000   4.347 999.000
      15     TYR  60.903 999.000  37.873 999.000 177.012 999.000   8.575 999.000 124.411 999.000   4.344 999.000
      16     LYS  58.535 999.000  31.390 999.000 179.127 999.000   8.148 999.000 118.435 999.000   3.793 999.000
      17     LEU  58.085 999.000  41.538 999.000 178.727 999.000   8.543 999.000 119.896 999.000   4.042 999.000
      18     SER  61.817 999.000  62.798 999.000 177.149 999.000   8.452 999.000 115.918 999.000   4.265 999.000
      19     GLN  57.822 999.000  28.556 999.000 177.516 999.000   8.025 999.000 120.453 999.000   4.045 999.000
      20     LYS  56.393 999.000  32.654 999.000 177.143 999.000   7.313 999.000 117.759 999.000   4.067 999.000
      21     GLY  45.558 999.000-999.000-999.000 174.033 999.000   7.479 999.000 107.632 999.000   3.968 999.000
      22     TYR  54.563 999.000  40.063 999.000 175.247 999.000   8.291 999.000 119.491 999.000   4.783 999.000
      23     SER  56.354 999.000  66.056 999.000 174.543 999.000   8.652 999.000 113.307 999.000   4.771 999.000
      24     TRP  59.737 999.000  29.677 999.000 176.479 999.000   8.413 999.000 120.984 999.000   4.236 999.000
      25     SER  58.683 999.000  64.460 999.000 173.770 999.000   7.919 999.000 111.120 999.000   4.387 999.000
      26     GLN  54.532 999.000  31.982 999.000 175.019 999.000   7.538 999.000 119.714 999.000   4.365 999.000
      27     PHE  58.345 999.000  37.998 999.000 175.678 999.000   8.395 999.000 120.869 999.000   4.092 999.000
      28     SER  57.091 999.000  64.980 999.000 174.186 999.000   7.432 999.000 113.736 999.000   4.741 999.000
      29     ASP  55.124 999.000  39.659 999.000 177.244 999.000   8.677 999.000 124.961 999.000   4.414 999.000
      30     VAL  63.541 999.000  31.735 999.000 176.726 999.000   7.881 999.000 117.375 999.000   3.972 999.000
      31     GLU  56.475 999.000  29.789 999.000 176.569 999.000   8.032 999.000 120.172 999.000   4.271 999.000
      32     GLU  57.099 999.000  30.096 999.000 176.787 999.000   7.948 999.000 119.506 999.000   4.188 999.000
      33     ASN  53.444 999.000  38.220 999.000 175.270 999.000   8.553 999.000 116.860 999.000   4.609 999.000
      34     ARG  55.900 999.000  30.651 999.000 176.393 999.000   8.010 999.000 119.727 999.000   4.324 999.000
      35     THR  61.681 999.000  70.043 999.000 174.942 999.000   8.212 999.000 115.573 999.000   4.346 999.000
      36     GLU  56.536 999.000  30.059 999.000 175.903 999.000   8.609 999.000 122.976 999.000   4.214 999.000
      37     ALA  50.928 999.000  18.194 999.000 175.645 999.000   8.263 999.000 124.807 999.000   4.414 999.000
      38     PRO  62.868 999.000  32.383 999.000 176.921 999.000-999.000-999.000 999.000 999.000   4.524 999.000
      39     GLU  56.895 999.000  29.939 999.000 176.974 999.000   8.600 999.000 121.771 999.000   4.182 999.000
      40     GLY  45.569 999.000-999.000-999.000 174.944 999.000   8.654 999.000 111.139 999.000   4.075 999.000
      41     THR  61.979 999.000  70.094 999.000 175.095 999.000   7.488 999.000 115.017 999.000   4.344 999.000
      42     GLU  59.079 999.000  29.286 999.000 177.675 999.000   9.095 999.000 125.133 999.000   4.024 999.000
      43     SER  60.951 999.000  63.122 999.000 175.912 999.000   8.463 999.000 114.217 999.000   4.366 999.000
      44     GLU  58.813 999.000  29.178 999.000 178.149 999.000   7.997 999.000 122.631 999.000   4.052 999.000
      45     ALA  54.994 999.000  18.303 999.000 179.424 999.000   7.535 999.000 121.048 999.000   3.859 999.000
      46     VAL  66.119 999.000  31.238 999.000 177.860 999.000   7.338 999.000 118.770 999.000   3.527 999.000
      47     LYS  60.205 999.000  31.985 999.000 178.821 999.000   7.954 999.000 119.618 999.000   3.892 999.000
      48     GLN  58.715 999.000  28.090 999.000 178.217 999.000   8.183 999.000 118.790 999.000   3.949 999.000
      49     ALA  54.962 999.000  18.138 999.000 179.614 999.000   7.863 999.000 122.141 999.000   4.099 999.000
      50     LEU  57.596 999.000  41.526 999.000 178.863 999.000   8.145 999.000 118.611 999.000   4.156 999.000
      51     ARG  59.561 999.000  29.698 999.000 178.641 999.000   7.953 999.000 119.400 999.000   3.900 999.000
      52     GLU  59.014 999.000  29.315 999.000 178.822 999.000   8.124 999.000 119.043 999.000   4.083 999.000
      53     ALA  54.655 999.000  18.190 999.000 179.626 999.000   8.108 999.000 121.665 999.000   4.169 999.000
      54     GLY  47.082 999.000-999.000-999.000 175.500 999.000   8.431 999.000 106.712 999.000   4.194 999.000
      55     ASP  56.364 999.000  40.523 999.000 177.716 999.000   8.138 999.000 121.749 999.000   4.573 999.000
      56     GLU  58.398 999.000  29.784 999.000 178.049 999.000   7.791 999.000 119.913 999.000   4.175 999.000
      57     PHE  60.777 999.000  39.410 999.000 176.788 999.000   8.377 999.000 119.574 999.000   4.262 999.000
      58     GLU  56.864 999.000  29.866 999.000 177.671 999.000   7.751 999.000 116.167 999.000   4.144 999.000
      59     LEU  56.135 999.000  41.479 999.000 176.523 999.000   7.562 999.000 122.245 999.000   4.052 999.000
      60     ARG  57.423 999.000  27.895 999.000 175.474 999.000   8.888 999.000 122.917 999.000   3.814 999.000
      61     TYR  58.514 999.000  35.422 999.000 175.529 999.000   7.508 999.000 115.202 999.000   4.137 999.000
      62     ARG  57.978 999.000  30.197 999.000 176.943 999.000   7.557 999.000 119.334 999.000   4.074 999.000
      63     ARG  56.296 999.000  30.875 999.000 176.046 999.000   7.754 999.000 116.097 999.000   4.176 999.000
      64     ALA  51.945 999.000  18.488 999.000 176.726 999.000   7.526 999.000 122.623 999.000   4.217 999.000
      65     PHE  57.014 999.000  40.190 999.000 176.693 999.000   8.357 999.000 120.140 999.000   4.672 999.000
      66     SER  61.369 999.000  62.677 999.000 175.825 999.000   9.140 999.000 119.357 999.000   4.149 999.000
      67     ASP  56.108 999.000  39.947 999.000 177.055 999.000   8.378 999.000 120.988 999.000   4.435 999.000
      68     LEU  55.395 999.000  42.804 999.000 177.340 999.000   7.574 999.000 117.528 999.000   4.498 999.000
      69     THR  62.715 999.000  70.197 999.000 175.288 999.000   7.666 999.000 109.254 999.000   4.345 999.000
      70     SER  59.498 999.000  64.142 999.000 174.703 999.000   8.350 999.000 115.808 999.000   4.513 999.000
      71     GLN  55.165 999.000  28.136 999.000 175.764 999.000   8.069 999.000 121.306 999.000   4.381 999.000
      72     LEU  54.984 999.000  41.529 999.000 176.541 999.000   7.868 999.000 122.470 999.000   4.226 999.000
      73     HIS  55.572 999.000  30.316 999.000 175.131 999.000   8.469 999.000 123.279 999.000   4.641 999.000
      74     ILE  60.519 999.000  38.530 999.000 176.162 999.000   8.196 999.000 123.564 999.000   4.286 999.000
      75     THR  60.564 999.000  68.834 999.000 174.147 999.000   8.288 999.000 121.141 999.000   4.187 999.000
      76     PRO  63.462 999.000  32.340 999.000 176.949 999.000-999.000-999.000 999.000 999.000   4.335 999.000
      77     GLY  44.839 999.000-999.000-999.000 174.466 999.000   8.275 999.000 109.005 999.000   4.083 999.000
      78     THR  62.356 999.000  69.834 999.000 175.118 999.000   8.017 999.000 113.215 999.000   4.134 999.000
      79     ALA  53.438 999.000  19.124 999.000 177.796 999.000   8.270 999.000 124.173 999.000   4.021 999.000
      80     TYR  58.697 999.000  38.258 999.000 177.383 999.000   7.862 999.000 114.878 999.000   4.261 999.000
      81     GLN  57.790 999.000  28.153 999.000 177.404 999.000   7.865 999.000 119.407 999.000   4.002 999.000
      82     SER  60.870 999.000  63.063 999.000 175.929 999.000   7.588 999.000 115.817 999.000   4.195 999.000
      83     PHE  60.297 999.000  38.184 999.000 177.481 999.000   7.843 999.000 122.763 999.000   4.357 999.000
      84     GLU  59.839 999.000  29.358 999.000 178.313 999.000   7.530 999.000 119.886 999.000   3.514 999.000
      85     GLN  57.799 999.000  28.255 999.000 177.616 999.000   7.467 999.000 116.525 999.000   3.987 999.000
      86     VAL  65.468 999.000  31.982 999.000 177.190 999.000   7.310 999.000 119.507 999.000   3.710 999.000
      87     VAL  63.219 999.000  31.752 999.000 176.935 999.000   7.737 999.000 114.342 999.000   3.731 999.000
      88     ASN  55.698 999.000  38.282 999.000 175.969 999.000   7.817 999.000 118.762 999.000   3.936 999.000
      89     GLU  56.803 999.000  30.843 999.000 176.998 999.000   7.604 999.000 116.242 999.000   4.278 999.000
      90     LEU  57.335 999.000  41.767 999.000 177.246 999.000   7.379 999.000 119.670 999.000   3.766 999.000
      91     PHE  58.032 999.000  38.954 999.000 176.356 999.000   7.407 999.000 113.468 999.000   4.446 999.000
      92     ARG  58.218 999.000  29.909 999.000 176.976 999.000   7.519 999.000 119.789 999.000   3.447 999.000
      93     ASP  54.223 999.000  41.092 999.000 176.176 999.000   7.578 999.000 116.195 999.000   4.524 999.000
      94     GLY  45.169 999.000-999.000-999.000 173.199 999.000   7.223 999.000 108.078 999.000   3.970 999.000
      95     VAL  60.878 999.000  30.338 999.000 175.746 999.000   7.741 999.000 116.525 999.000   4.350 999.000
      96     ASN  53.527 999.000  39.523 999.000 175.783 999.000   7.623 999.000 119.931 999.000   4.464 999.000
      97     TRP  59.671 999.000  28.937 999.000 177.167 999.000   8.515 999.000 122.802 999.000   4.244 999.000
      98     GLY  47.648 999.000-999.000-999.000 175.358 999.000   7.619 999.000 107.983 999.000   3.647 999.000
      99     ARG  59.052 999.000  30.015 999.000 177.998 999.000   7.867 999.000 120.613 999.000   4.079 999.000
     100     ILE  64.764 999.000  37.343 999.000 177.465 999.000   7.422 999.000 119.802 999.000   3.682 999.000
     101     VAL  66.944 999.000  31.189 999.000 176.791 999.000   8.454 999.000 119.126 999.000   3.117 999.000
     102     ALA  55.419 999.000  18.039 999.000 178.242 999.000   8.100 999.000 122.330 999.000   3.924 999.000
     103     PHE  60.635 999.000  39.096 999.000 176.894 999.000   7.903 999.000 119.333 999.000   4.414 999.000
     104     PHE  58.449 999.000  37.729 999.000 177.775 999.000   8.858 999.000 118.141 999.000   4.270 999.000
     105     SER  61.757 999.000  62.698 999.000 176.300 999.000   8.589 999.000 115.935 999.000   4.484 999.000
     106     PHE  60.522 999.000  38.852 999.000 176.844 999.000   8.584 999.000 122.916 999.000   4.342 999.000
     107     GLY  47.618 999.000-999.000-999.000 176.189 999.000   8.388 999.000 106.514 999.000   3.703 999.000
     108     GLY  47.275 999.000-999.000-999.000 175.473 999.000   8.650 999.000 109.870 999.000   3.979 999.000
     109     ALA  54.783 999.000  18.403 999.000 178.905 999.000   8.143 999.000 124.560 999.000   4.137 999.000
     110     LEU  58.113 999.000  41.538 999.000 178.070 999.000   8.301 999.000 119.448 999.000   3.944 999.000
     111     CYS 999.000 999.000 999.000 999.000 999.000 999.000 999.000 999.000 999.000 999.000   4.083 999.000
     112     VAL  64.771 999.000  32.056 999.000 177.114 999.000   7.918 999.000 118.721 999.000   3.893 999.000
     113     GLU  57.396 999.000  29.349 999.000 177.294 999.000   8.270 999.000 117.637 999.000   4.231 999.000
     114     SER  58.311 999.000  63.239 999.000 174.929 999.000   7.685 999.000 114.941 999.000   4.526 999.000
     115     VAL  63.697 999.000  31.600 999.000 175.964 999.000   7.848 999.000 119.358 999.000   3.907 999.000
     116     ASP  54.515 999.000  40.289 999.000 176.605 999.000   8.185 999.000 118.906 999.000   4.584 999.000
     117     LYS  55.893 999.000  33.083 999.000 176.355 999.000   7.554 999.000 120.588 999.000   4.356 999.000
     118     GLU  55.971 999.000  29.864 999.000 176.703 999.000   8.660 999.000 120.880 999.000   4.316 999.000
     119     MET  57.754 999.000  31.257 999.000 177.763 999.000   8.741 999.000 123.650 999.000   4.065 999.000
     120     GLN  57.810 999.000  28.503 999.000 176.834 999.000   8.232 999.000 117.779 999.000   4.169 999.000
     121     VAL  62.077 999.000  33.744 999.000 176.923 999.000   7.614 999.000 113.873 999.000   4.331 999.000
     122     LEU  58.545 999.000  41.596 999.000 177.902 999.000   8.082 999.000 121.954 999.000   3.962 999.000
     123     VAL  66.274 999.000  31.303 999.000 178.070 999.000   7.922 999.000 117.679 999.000   3.421 999.000
     124     SER  61.747 999.000  62.906 999.000 176.570 999.000   7.775 999.000 116.171 999.000   4.329 999.000
     125     ARG  58.911 999.000  30.005 999.000 178.522 999.000   7.946 999.000 122.382 999.000   4.044 999.000
     126     ILE  65.056 999.000  37.557 999.000 177.455 999.000   8.495 999.000 120.604 999.000   3.880 999.000
     127     ALA  55.466 999.000  18.102 999.000 179.260 999.000   8.526 999.000 121.116 999.000   3.985 999.000
     128     ALA  55.313 999.000  18.161 999.000 178.948 999.000   7.858 999.000 121.126 999.000   4.009 999.000
     129     TRP  60.485 999.000  29.735 999.000 178.671 999.000   8.272 999.000 119.193 999.000   4.219 999.000
     130     MET  59.820 999.000  32.776 999.000 177.634 999.000   8.882 999.000 117.947 999.000   4.305 999.000
     131     ALA  55.300 999.000  18.233 999.000 178.527 999.000   8.412 999.000 121.468 999.000   4.135 999.000
     132     THR  66.658 999.000  67.985 999.000 176.133 999.000   8.079 999.000 115.630 999.000   3.927 999.000
     133     TYR  59.555 999.000  38.093 999.000 177.763 999.000   8.287 999.000 120.178 999.000   4.640 999.000
     134     LEU  58.218 999.000  41.418 999.000 177.644 999.000   8.906 999.000 119.847 999.000   4.082 999.000
     135     ASN  56.270 999.000  38.920 999.000 177.036 999.000   8.116 999.000 116.312 999.000   4.418 999.000
     136     ASP  55.781 999.000  41.025 999.000 176.883 999.000   7.728 999.000 118.139 999.000   4.512 999.000
     137     HIS  56.570 999.000  31.485 999.000 175.052 999.000   8.059 999.000 113.813 999.000   4.690 999.000
     138     LEU  56.298 999.000  43.603 999.000 176.975 999.000   8.130 999.000 119.568 999.000   4.497 999.000
     139     GLU  61.669 999.000  27.932 999.000 176.257 999.000   8.625 999.000 118.695 999.000   4.023 999.000
     140     PRO  65.407 999.000  31.372 999.000 178.188 999.000-999.000-999.000 999.000 999.000   4.181 999.000
     141     TRP  58.506 999.000  30.019 999.000 178.404 999.000   7.130 999.000 116.728 999.000   4.608 999.000
     142     ILE  64.584 999.000  37.149 999.000 177.392 999.000   8.206 999.000 120.006 999.000   3.804 999.000
     143     GLN  59.054 999.000  27.724 999.000 178.684 999.000   8.445 999.000 118.949 999.000   4.113 999.000
     144     GLU  58.399 999.000  29.530 999.000 177.862 999.000   7.795 999.000 118.824 999.000   4.102 999.000
     145     ASN  54.474 999.000  39.742 999.000 175.598 999.000   7.859 999.000 115.104 999.000   4.539 999.000
     146     GLY  45.488 999.000-999.000-999.000 174.095 999.000   7.776 999.000 106.460 999.000   4.116 999.000
     147     GLY  45.215 999.000-999.000-999.000 173.646 999.000   8.344 999.000 108.003 999.000   4.090 999.000
     148     TRP  60.366 999.000  29.563 999.000 177.712 999.000   8.947 999.000 123.941 999.000   4.622 999.000
     149     ASP  57.318 999.000  39.702 999.000 177.861 999.000   8.287 999.000 119.114 999.000   4.253 999.000
     150     THR  65.298 999.000  68.332 999.000 176.318 999.000   7.615 999.000 113.957 999.000   3.932 999.000
     151     PHE  60.092 999.000  39.310 999.000 177.674 999.000   7.720 999.000 120.384 999.000   4.315 999.000
     152     VAL  65.854 999.000  31.196 999.000 177.803 999.000   7.584 999.000 118.712 999.000   3.494 999.000
     153     GLU  58.995 999.000  29.071 999.000 178.451 999.000   7.712 999.000 120.151 999.000   3.851 999.000
     154     LEU  57.237 999.000  41.715 999.000 177.929 999.000   7.252 999.000 119.479 999.000   3.819 999.000
     155     TYR  58.613 999.000  39.012 999.000 177.042 999.000   7.605 999.000 116.975 999.000   4.457 999.000
     156     GLY  45.129 999.000-999.000-999.000 174.463 999.000   7.903 999.000 106.423 999.000   3.857 999.000
     157     ASN  53.000 999.000  38.877 999.000 175.667 999.000   7.999 999.000 117.909 999.000   4.560 999.000
     158     ASN  55.753 999.000  38.471 999.000 176.539 999.000   8.384 999.000 121.442 999.000   4.353 999.000
     159     ALA  54.723 999.000  18.382 999.000 179.215 999.000   8.042 999.000 122.131 999.000   4.143 999.000
     160     ALA  54.195 999.000  18.128 999.000 179.731 999.000   7.510 999.000 120.584 999.000   4.213 999.000
     161     ALA  54.401 999.000  18.103 999.000 179.937 999.000   7.677 999.000 120.453 999.000   4.150 999.000
     162     GLU  58.758 999.000  29.170 999.000 179.012 999.000   8.047 999.000 118.005 999.000   4.124 999.000
     163     SER  60.961 999.000  63.139 999.000 176.356 999.000   7.869 999.000 115.042 999.000   4.276 999.000
     164     ARG  57.608 999.000  29.878 999.000 177.874 999.000   7.678 999.000 121.821 999.000   4.242 999.000
     165     LYS  57.162 999.000  32.284 999.000 178.105 999.000   7.724 999.000 118.933 999.000   4.238 999.000
     166     GLY  45.373 999.000-999.000-999.000 174.458 999.000   7.839 999.000 106.898 999.000   3.956 999.000
     167     GLN  56.474 999.000  29.289 999.000 176.430 999.000   7.918 999.000 119.360 999.000   4.284 999.000
     168     GLU  56.851 999.000  29.952 999.000 176.596 999.000   7.899 999.000 119.204 999.000   4.300 999.000
     169     ARG 999.000 999.000 999.000 999.000 999.000 999.000 999.000 999.000 999.000 999.000 999.000 999.000
     630     GLU 999.000 999.000 999.000 999.000 999.000 999.000-999.000-999.000 999.000 999.000 999.000 999.000
     631     GLU 999.000 999.000 999.000 999.000 999.000 999.000 999.000 999.000 999.000 999.000 999.000 999.000
     632     GLN  56.375 999.000  28.096 999.000 176.892 999.000   7.984 999.000 119.286 999.000   4.182 999.000
     633     TRP  59.501 999.000  29.265 999.000 177.794 999.000   7.810 999.000 121.024 999.000   4.344 999.000
     634     ALA  54.889 999.000  18.145 999.000 179.085 999.000   7.980 999.000 121.130 999.000   3.948 999.000
     635     ARG  59.257 999.000  29.704 999.000 178.488 999.000   7.935 999.000 117.981 999.000   3.980 999.000
     636     GLU  58.971 999.000  29.352 999.000 179.006 999.000   7.641 999.000 119.326 999.000   4.115 999.000
     637     ILE  63.964 999.000  36.800 999.000 178.030 999.000   7.884 999.000 119.530 999.000   3.682 999.000
     638     GLY  47.618 999.000-999.000-999.000 176.033 999.000   8.413 999.000 107.749 999.000   3.775 999.000
     639     ALA  54.945 999.000  18.136 999.000 178.987 999.000   8.052 999.000 124.327 999.000   4.049 999.000
     640     GLN  58.866 999.000  28.344 999.000 178.467 999.000   7.887 999.000 118.341 999.000   3.871 999.000
     641     LEU  58.195 999.000  41.297 999.000 178.650 999.000   8.609 999.000 120.777 999.000   3.989 999.000
     642     ARG  59.664 999.000  29.892 999.000 178.644 999.000   8.230 999.000 118.950 999.000   3.885 999.000
     643     ARG  58.456 999.000  29.818 999.000 178.389 999.000   7.871 999.000 119.008 999.000   4.134 999.000
     644     MET  58.256 999.000  32.849 999.000 176.958 999.000   8.363 999.000 119.111 999.000   4.127 999.000
     645     ALA  52.999 999.000  18.800 999.000 176.932 999.000   7.764 999.000 119.451 999.000   4.248 999.000
     646     ASP  53.923 999.000  41.361 999.000 175.858 999.000   7.369 999.000 117.870 999.000   4.470 999.000
     647     ASP  54.450 999.000  40.853 999.000 176.801 999.000   8.411 999.000 122.821 999.000   4.453 999.000
     648     LEU  56.177 999.000  42.105 999.000 177.325 999.000   7.539 999.000 120.172 999.000   4.059 999.000
     649     ASN  53.630 999.000  38.551 999.000 175.592 999.000   8.130 999.000 116.173 999.000   4.541 999.000
     650     ALA  52.699 999.000  19.127 999.000 177.566 999.000   7.775 999.000 121.795 999.000   4.262 999.000
     651     GLN  56.268 999.000  29.046 999.000 176.066 999.000   7.799 999.000 117.871 999.000   4.099 999.000
     652     TYR  58.841 999.000  37.778 999.000 175.466 999.000   8.266 999.000 117.659 999.000   4.374 999.000
     653     GLU  56.926 999.000  30.380 999.000 176.449 999.000   7.939 999.000 119.399 999.000   4.290 999.000
     654     ARG 999.000 999.000 999.000 999.000 999.000 999.000 999.000 999.000 999.000 999.000 999.000 999.000
