   index residue  pre_ca  exp_ca  pre_cb  exp_cb   pre_c   exp_c   pre_h   exp_h   pre_n   exp_n  pre_ha  exp_ha
       1     MET 999.000 999.000 999.000 999.000 999.000 999.000-999.000-999.000 999.000 999.000 999.000 999.000
       2     SER 999.000 999.000 999.000 999.000 999.000 999.000 999.000 999.000 999.000 999.000 999.000 999.000
       3     GLN  57.593 999.000  28.109 999.000 177.583 999.000   8.843 999.000 122.424 999.000   4.253 999.000
       4     SER  61.228 999.000  62.859 999.000 175.924 999.000   8.751 999.000 114.692 999.000   4.165 999.000
       5     ASN  55.245 999.000  38.573 999.000 176.572 999.000   8.022 999.000 119.815 999.000   4.698 999.000
       6     ARG  59.448 999.000  29.840 999.000 177.939 999.000   7.936 999.000 121.429 999.000   4.120 999.000
       7     GLU  59.158 999.000  29.122 999.000 178.910 999.000   8.174 999.000 118.815 999.000   3.981 999.000
       8     LEU  57.670 999.000  41.589 999.000 178.611 999.000   7.380 999.000 119.400 999.000   4.000 999.000
       9     VAL  66.486 999.000  31.397 999.000 177.573 999.000   7.673 999.000 119.417 999.000   3.661 999.000
      10     VAL  67.072 999.000  31.230 999.000 176.430 999.000   8.479 999.000 119.216 999.000   3.105 999.000
      11     ASP  57.614 999.000  41.131 999.000 177.601 999.000   7.651 999.000 120.066 999.000   4.215 999.000
      12     PHE  61.410 999.000  39.599 999.000 176.991 999.000   7.688 999.000 120.554 999.000   4.167 999.000
      13     LEU  58.146 999.000  41.075 999.000 178.539 999.000   8.556 999.000 118.135 999.000   3.920 999.000
      14     SER  62.081 999.000  62.577 999.000 176.453 999.000   8.083 999.000 115.035 999.000   4.116 999.000
      15     TYR  61.119 999.000  37.894 999.000 176.970 999.000   7.947 999.000 123.987 999.000   4.252 999.000
      16     LYS  58.590 999.000  31.381 999.000 178.958 999.000   7.895 999.000 118.243 999.000   3.692 999.000
      17     LEU  57.620 999.000  41.669 999.000 178.832 999.000   8.411 999.000 118.919 999.000   4.222 999.000
      18     SER  61.551 999.000  62.941 999.000 177.089 999.000   8.442 999.000 115.850 999.000   4.231 999.000
      19     GLN  57.921 999.000  28.485 999.000 177.197 999.000   7.980 999.000 119.923 999.000   4.055 999.000
      20     LYS  55.646 999.000  32.394 999.000 176.553 999.000   7.329 999.000 116.804 999.000   4.266 999.000
      21     GLY  45.424 999.000-999.000-999.000 174.043 999.000   7.582 999.000 107.682 999.000   3.829 999.000
      22     TYR  56.647 999.000  39.493 999.000 175.540 999.000   7.903 999.000 120.298 999.000   4.808 999.000
      23     SER  57.150 999.000  64.317 999.000 174.967 999.000   8.275 999.000 117.089 999.000   4.623 999.000
      24     TRP  59.585 999.000  29.900 999.000 177.555 999.000   9.115 999.000 126.686 999.000   4.581 999.000
      25     SER  61.221 999.000  62.446 999.000 176.148 999.000   8.427 999.000 114.715 999.000   4.075 999.000
      26     GLN  57.485 999.000  28.701 999.000 176.298 999.000   7.328 999.000 120.735 999.000   3.921 999.000
      27     PHE  57.567 999.000  40.293 999.000 176.078 999.000   7.249 999.000 115.974 999.000   4.374 999.000
      28     SER  57.598 999.000  64.850 999.000 174.110 999.000   7.091 999.000 114.525 999.000   4.257 999.000
      29     ASP  53.466 999.000  40.533 999.000 177.006 999.000   8.428 999.000 122.471 999.000   4.627 999.000
      30     VAL  64.272 999.000  31.707 999.000 177.383 999.000   8.185 999.000 120.783 999.000   3.860 999.000
      31     GLU  58.012 999.000  29.215 999.000 177.495 999.000   8.359 999.000 119.629 999.000   4.160 999.000
      32     GLU  57.126 999.000  30.247 999.000 177.178 999.000   7.805 999.000 117.755 999.000   4.227 999.000
      33     ASN  53.245 999.000  38.740 999.000 175.628 999.000   7.692 999.000 117.580 999.000   4.703 999.000
      34     ARG  56.207 999.000  30.639 999.000 176.621 999.000   8.216 999.000 120.708 999.000   4.387 999.000
      35     THR  62.072 999.000  69.799 999.000 174.828 999.000   7.974 999.000 113.402 999.000   4.338 999.000
      36     GLU  56.468 999.000  30.329 999.000 175.800 999.000   8.526 999.000 122.057 999.000   4.297 999.000
      37     ALA  50.835 999.000  18.348 999.000 175.583 999.000   8.177 999.000 123.415 999.000   4.503 999.000
      38     PRO  63.180 999.000  32.280 999.000 176.661 999.000-999.000-999.000 999.000 999.000   4.529 999.000
      39     GLU  56.210 999.000  30.486 999.000 176.787 999.000   8.476 999.000 119.562 999.000   4.278 999.000
      40     GLY  45.144 999.000-999.000-999.000 174.590 999.000   8.478 999.000 109.124 999.000   4.065 999.000
      41     THR  61.633 999.000  70.421 999.000 174.999 999.000   8.156 999.000 112.811 999.000   4.432 999.000
      42     GLU  57.723 999.000  29.448 999.000 177.080 999.000   8.852 999.000 121.816 999.000   4.243 999.000
      43     SER  59.633 999.000  63.469 999.000 175.528 999.000   8.327 999.000 114.471 999.000   4.308 999.000
      44     GLU  59.408 999.000  29.003 999.000 178.362 999.000   8.054 999.000 123.268 999.000   3.943 999.000
      45     ALA  54.856 999.000  18.319 999.000 179.643 999.000   7.996 999.000 120.368 999.000   4.181 999.000
      46     VAL  65.807 999.000  31.383 999.000 177.824 999.000   7.443 999.000 119.292 999.000   3.658 999.000
      47     LYS  60.153 999.000  32.026 999.000 178.911 999.000   8.180 999.000 119.691 999.000   3.739 999.000
      48     GLN  58.743 999.000  28.274 999.000 178.217 999.000   8.123 999.000 118.584 999.000   3.963 999.000
      49     ALA  55.083 999.000  18.169 999.000 179.525 999.000   7.828 999.000 122.399 999.000   4.071 999.000
      50     LEU  58.086 999.000  41.522 999.000 178.772 999.000   8.495 999.000 118.861 999.000   4.093 999.000
      51     ARG  59.726 999.000  29.738 999.000 178.422 999.000   7.991 999.000 118.932 999.000   3.905 999.000
      52     GLU  59.077 999.000  29.194 999.000 178.904 999.000   8.111 999.000 118.882 999.000   4.127 999.000
      53     ALA  54.858 999.000  18.203 999.000 179.434 999.000   8.463 999.000 121.645 999.000   4.203 999.000
      54     GLY  47.323 999.000-999.000-999.000 175.537 999.000   8.592 999.000 106.552 999.000   4.123 999.000
      55     ASP  56.830 999.000  40.382 999.000 178.024 999.000   8.345 999.000 121.943 999.000   4.612 999.000
      56     GLU  58.911 999.000  29.640 999.000 178.313 999.000   7.811 999.000 120.545 999.000   4.206 999.000
      57     PHE  61.852 999.000  38.998 999.000 177.921 999.000   8.720 999.000 119.615 999.000   4.256 999.000
      58     GLU  58.916 999.000  29.404 999.000 178.345 999.000   8.290 999.000 118.561 999.000   4.236 999.000
      59     LEU  56.951 999.000  42.465 999.000 177.933 999.000   7.523 999.000 120.025 999.000   4.245 999.000
      60     ARG  57.446 999.000  31.123 999.000 176.788 999.000   8.067 999.000 115.775 999.000   4.002 999.000
      61     TYR  56.369 999.000  37.989 999.000 175.639 999.000   7.963 999.000 117.759 999.000   4.769 999.000
      62     ARG  58.726 999.000  30.068 999.000 177.331 999.000   7.970 999.000 120.886 999.000   3.831 999.000
      63     ARG  57.181 999.000  29.794 999.000 177.403 999.000   8.257 999.000 117.399 999.000   4.230 999.000
      64     ALA  54.249 999.000  18.536 999.000 178.046 999.000   7.743 999.000 121.014 999.000   4.153 999.000
      65     PHE  57.853 999.000  39.703 999.000 176.456 999.000   7.525 999.000 113.148 999.000   4.763 999.000
      66     SER  61.306 999.000  62.539 999.000 176.264 999.000   8.080 999.000 116.758 999.000   4.203 999.000
      67     ASP  56.178 999.000  39.946 999.000 178.174 999.000   7.859 999.000 122.005 999.000   4.497 999.000
      68     LEU  57.507 999.000  41.653 999.000 178.704 999.000   7.517 999.000 119.982 999.000   4.019 999.000
      69     THR  65.244 999.000  68.644 999.000 176.745 999.000   8.226 999.000 112.303 999.000   4.229 999.000
      70     SER  60.445 999.000  63.416 999.000 175.697 999.000   7.824 999.000 116.805 999.000   4.346 999.000
      71     GLN  57.224 999.000  28.932 999.000 177.029 999.000   7.554 999.000 120.948 999.000   4.230 999.000
      72     LEU  54.730 999.000  42.179 999.000 176.295 999.000   7.234 999.000 120.780 999.000   4.280 999.000
      73     HIS  55.829 999.000  29.887 999.000 175.364 999.000   8.592 999.000 125.353 999.000   4.634 999.000
      74     ILE  60.906 999.000  38.826 999.000 175.170 999.000   8.057 999.000 123.794 999.000   4.439 999.000
      75     THR  58.469 999.000  69.976 999.000 173.738 999.000   8.002 999.000 116.851 999.000   4.793 999.000
      76     PRO  64.676 999.000  31.640 999.000 177.513 999.000-999.000-999.000 999.000 999.000   4.414 999.000
      77     GLY  45.071 999.000-999.000-999.000 175.045 999.000   8.329 999.000 107.560 999.000   4.136 999.000
      78     THR  63.615 999.000  69.497 999.000 174.190 999.000   7.698 999.000 117.707 999.000   4.233 999.000
      79     ALA  50.880 999.000  21.089 999.000 176.807 999.000   8.625 999.000 128.788 999.000   4.696 999.000
      80     TYR  61.060 999.000  38.034 999.000 177.296 999.000   8.888 999.000 120.763 999.000   3.097 999.000
      81     GLN  58.796 999.000  27.702 999.000 178.222 999.000   8.441 999.000 118.144 999.000   3.830 999.000
      82     SER  60.820 999.000  62.921 999.000 176.065 999.000   7.584 999.000 114.620 999.000   4.262 999.000
      83     PHE  60.911 999.000  39.355 999.000 176.621 999.000   7.151 999.000 123.622 999.000   4.176 999.000
      84     GLU  59.919 999.000  29.346 999.000 178.344 999.000   8.541 999.000 119.203 999.000   3.592 999.000
      85     GLN  58.560 999.000  28.277 999.000 178.402 999.000   7.587 999.000 117.377 999.000   3.970 999.000
      86     VAL  65.088 999.000  31.902 999.000 177.753 999.000   7.060 999.000 119.332 999.000   3.690 999.000
      87     VAL  65.714 999.000  31.156 999.000 177.746 999.000   7.725 999.000 119.102 999.000   3.303 999.000
      88     ASN  55.912 999.000  37.741 999.000 177.401 999.000   8.471 999.000 118.057 999.000   4.308 999.000
      89     GLU  58.385 999.000  29.624 999.000 178.037 999.000   7.318 999.000 119.642 999.000   4.063 999.000
      90     LEU  57.157 999.000  41.991 999.000 177.308 999.000   7.367 999.000 119.713 999.000   3.908 999.000
      91     PHE  58.503 999.000  38.705 999.000 176.138 999.000   7.683 999.000 114.495 999.000   4.485 999.000
      92     ARG  58.649 999.000  29.818 999.000 176.766 999.000   7.522 999.000 120.406 999.000   3.960 999.000
      93     ASP  53.810 999.000  40.737 999.000 176.273 999.000   8.113 999.000 116.863 999.000   4.632 999.000
      94     GLY  44.645 999.000-999.000-999.000 173.334 999.000   7.565 999.000 107.920 999.000   4.085 999.000
      95     VAL  62.198 999.000  32.433 999.000 175.281 999.000   8.008 999.000 119.748 999.000   3.890 999.000
      96     ASN  51.994 999.000  41.130 999.000 174.580 999.000   7.698 999.000 122.205 999.000   4.289 999.000
      97     TRP  60.107 999.000  30.410 999.000 178.154 999.000   8.907 999.000 120.642 999.000   4.540 999.000
      98     GLY  47.124 999.000-999.000-999.000 175.981 999.000   8.890 999.000 106.978 999.000   4.147 999.000
      99     ARG  58.772 999.000  29.812 999.000 178.289 999.000   8.066 999.000 121.479 999.000   4.150 999.000
     100     ILE  65.367 999.000  37.709 999.000 177.585 999.000   8.005 999.000 120.729 999.000   4.049 999.000
     101     VAL  66.938 999.000  31.290 999.000 176.743 999.000   8.356 999.000 119.460 999.000   3.446 999.000
     102     ALA  55.519 999.000  18.048 999.000 178.711 999.000   8.232 999.000 122.692 999.000   3.895 999.000
     103     PHE  60.746 999.000  38.482 999.000 176.913 999.000   8.306 999.000 119.641 999.000   4.236 999.000
     104     PHE  62.688 999.000  38.780 999.000 177.647 999.000   8.677 999.000 118.482 999.000   3.599 999.000
     105     SER  61.942 999.000  62.637 999.000 176.442 999.000   8.358 999.000 115.353 999.000   4.155 999.000
     106     PHE  60.100 999.000  38.386 999.000 176.810 999.000   8.767 999.000 123.629 999.000   4.272 999.000
     107     GLY  47.551 999.000-999.000-999.000 176.218 999.000   8.202 999.000 106.629 999.000   3.612 999.000
     108     GLY  47.334 999.000-999.000-999.000 175.495 999.000   8.450 999.000 109.678 999.000   3.936 999.000
     109     ALA  54.869 999.000  18.338 999.000 178.963 999.000   8.189 999.000 124.569 999.000   4.163 999.000
     110     LEU  58.004 999.000  41.648 999.000 177.604 999.000   8.557 999.000 119.755 999.000   4.116 999.000
     111     CYS 999.000 999.000 999.000 999.000 999.000 999.000 999.000 999.000 999.000 999.000   3.934 999.000
     112     VAL  66.437 999.000  31.282 999.000 177.538 999.000   8.039 999.000 120.201 999.000   3.490 999.000
     113     GLU  59.495 999.000  29.076 999.000 178.462 999.000   8.373 999.000 120.435 999.000   4.012 999.000
     114     SER  62.089 999.000  63.031 999.000 176.313 999.000   8.161 999.000 115.645 999.000   4.103 999.000
     115     VAL  65.270 999.000  31.249 999.000 177.624 999.000   7.597 999.000 120.859 999.000   3.597 999.000
     116     ASP  56.381 999.000  41.171 999.000 177.696 999.000   7.901 999.000 119.951 999.000   4.435 999.000
     117     LYS  56.492 999.000  32.145 999.000 176.018 999.000   7.837 999.000 116.616 999.000   4.217 999.000
     118     GLU  57.423 999.000  27.211 999.000 175.563 999.000   7.923 999.000 115.567 999.000   4.018 999.000
     119     MET  54.752 999.000  32.017 999.000 176.115 999.000   8.436 999.000 118.920 999.000   4.732 999.000
     120     GLN  58.809 999.000  27.886 999.000 177.620 999.000   7.964 999.000 119.804 999.000   3.882 999.000
     121     VAL  64.121 999.000  31.527 999.000 177.281 999.000   7.650 999.000 118.080 999.000   3.858 999.000
     122     LEU  56.916 999.000  41.315 999.000 178.156 999.000   7.807 999.000 119.861 999.000   3.942 999.000
     123     VAL  66.649 999.000  31.270 999.000 177.774 999.000   7.445 999.000 118.794 999.000   3.275 999.000
     124     SER  61.422 999.000  62.782 999.000 176.327 999.000   8.290 999.000 114.470 999.000   4.121 999.000
     125     ARG  58.520 999.000  30.022 999.000 178.095 999.000   6.836 999.000 122.596 999.000   3.776 999.000
     126     ILE  65.663 999.000  37.780 999.000 177.409 999.000   8.237 999.000 120.865 999.000   2.936 999.000
     127     ALA  55.482 999.000  18.118 999.000 179.184 999.000   7.858 999.000 120.582 999.000   3.912 999.000
     128     ALA  54.957 999.000  18.453 999.000 178.780 999.000   7.222 999.000 121.263 999.000   4.168 999.000
     129     TRP  58.624 999.000  28.554 999.000 178.821 999.000   8.728 999.000 119.946 999.000   4.348 999.000
     130     MET  59.803 999.000  32.790 999.000 177.765 999.000   8.750 999.000 117.289 999.000   4.515 999.000
     131     ALA  55.152 999.000  18.273 999.000 178.645 999.000   8.000 999.000 121.560 999.000   4.195 999.000
     132     THR  66.786 999.000  67.964 999.000 175.585 999.000   8.450 999.000 116.188 999.000   4.010 999.000
     133     TYR  62.209 999.000  38.801 999.000 176.868 999.000   8.730 999.000 123.016 999.000   4.197 999.000
     134     LEU  58.558 999.000  41.446 999.000 177.767 999.000   8.700 999.000 119.173 999.000   4.057 999.000
     135     ASN  56.213 999.000  38.952 999.000 177.176 999.000   8.085 999.000 116.525 999.000   4.383 999.000
     136     ASP  55.993 999.000  40.910 999.000 176.941 999.000   8.113 999.000 118.155 999.000   4.403 999.000
     137     HIS  57.312 999.000  31.852 999.000 175.872 999.000   7.778 999.000 114.113 999.000   4.407 999.000
     138     LEU  56.163 999.000  42.511 999.000 177.626 999.000   7.924 999.000 116.604 999.000   4.143 999.000
     139     GLU  61.686 999.000  28.138 999.000 176.131 999.000   8.789 999.000 119.714 999.000   4.019 999.000
     140     PRO  65.403 999.000  31.445 999.000 178.031 999.000-999.000-999.000 999.000 999.000   4.206 999.000
     141     TRP  60.526 999.000  29.494 999.000 177.761 999.000   7.114 999.000 118.557 999.000   4.179 999.000
     142     ILE  65.634 999.000  37.905 999.000 177.204 999.000   8.476 999.000 119.980 999.000   3.139 999.000
     143     GLN  59.003 999.000  28.066 999.000 178.579 999.000   8.349 999.000 118.047 999.000   3.976 999.000
     144     GLU  58.221 999.000  29.677 999.000 177.799 999.000   7.478 999.000 119.124 999.000   3.996 999.000
     145     ASN  54.491 999.000  39.687 999.000 175.642 999.000   7.677 999.000 115.301 999.000   4.269 999.000
     146     GLY  45.146 999.000-999.000-999.000 174.670 999.000   7.556 999.000 107.374 999.000   4.106 999.000
     147     GLY  44.273 999.000-999.000-999.000 173.639 999.000   8.308 999.000 107.557 999.000   4.142 999.000
     148     TRP  60.011 999.000  29.741 999.000 177.655 999.000   8.906 999.000 120.083 999.000   4.600 999.000
     149     ASP  56.922 999.000  39.746 999.000 178.219 999.000   8.436 999.000 119.634 999.000   4.428 999.000
     150     THR  64.591 999.000  68.589 999.000 176.084 999.000   7.633 999.000 113.449 999.000   4.115 999.000
     151     PHE  60.586 999.000  39.527 999.000 176.550 999.000   7.594 999.000 123.536 999.000   3.795 999.000
     152     VAL  65.278 999.000  31.215 999.000 177.776 999.000   7.865 999.000 116.917 999.000   3.701 999.000
     153     GLU  57.973 999.000  29.613 999.000 177.023 999.000   7.536 999.000 118.635 999.000   4.092 999.000
     154     LEU  56.096 999.000  43.551 999.000 176.819 999.000   7.094 999.000 118.147 999.000   4.079 999.000
     155     TYR  57.821 999.000  40.534 999.000 175.935 999.000   8.073 999.000 114.623 999.000   4.492 999.000
     156     GLY  44.713 999.000-999.000-999.000 174.218 999.000   7.948 999.000 106.231 999.000   4.072 999.000
     157     ASN  55.681 999.000  38.475 999.000 176.880 999.000   8.780 999.000 118.859 999.000   4.342 999.000
     158     ASN  55.177 999.000  38.159 999.000 176.636 999.000   8.404 999.000 116.994 999.000   4.522 999.000
     159     ALA  54.455 999.000  18.370 999.000 179.252 999.000   7.701 999.000 123.041 999.000   4.089 999.000
     160     ALA  54.321 999.000  18.032 999.000 179.564 999.000   7.966 999.000 120.271 999.000   4.113 999.000
     161     ALA  54.454 999.000  18.050 999.000 179.913 999.000   7.680 999.000 120.238 999.000   4.165 999.000
     162     GLU  58.669 999.000  29.208 999.000 178.931 999.000   7.815 999.000 117.674 999.000   4.138 999.000
     163     SER  60.742 999.000  63.179 999.000 176.356 999.000   7.893 999.000 114.946 999.000   4.292 999.000
     164     ARG  57.497 999.000  29.863 999.000 177.728 999.000   7.768 999.000 121.934 999.000   4.252 999.000
     165     LYS  57.346 999.000  32.270 999.000 178.205 999.000   7.763 999.000 118.930 999.000   4.231 999.000
     166     GLY  45.561 999.000-999.000-999.000 174.671 999.000   7.851 999.000 107.068 999.000   3.970 999.000
     167     GLN  56.616 999.000  29.175 999.000 176.650 999.000   7.865 999.000 119.596 999.000   4.294 999.000
     168     GLU  57.050 999.000  30.025 999.000 176.766 999.000   7.753 999.000 118.698 999.000   4.282 999.000
     169     ARG 999.000 999.000 999.000 999.000 999.000 999.000 999.000 999.000 999.000 999.000 999.000 999.000
