   index residue  pre_ca  exp_ca  pre_cb  exp_cb   pre_c   exp_c   pre_h   exp_h   pre_n   exp_n  pre_ha  exp_ha
       1     MET 999.000 999.000 999.000 999.000 999.000 999.000-999.000-999.000 999.000 999.000 999.000 999.000
       2     SER 999.000 999.000 999.000 999.000 999.000 999.000 999.000 999.000 999.000 999.000 999.000 999.000
       3     GLN  56.107 999.000  28.482 999.000 176.836 999.000   8.228 999.000 122.224 999.000   4.446 999.000
       4     SER  61.265 999.000  63.035 999.000 175.952 999.000   8.763 999.000 117.101 999.000   4.158 999.000
       5     ASN  55.652 999.000  38.240 999.000 176.612 999.000   8.124 999.000 119.898 999.000   4.617 999.000
       6     ARG  59.225 999.000  29.771 999.000 177.878 999.000   7.843 999.000 121.051 999.000   4.165 999.000
       7     GLU  59.137 999.000  29.142 999.000 179.025 999.000   7.863 999.000 118.724 999.000   4.006 999.000
       8     LEU  57.645 999.000  41.524 999.000 178.694 999.000   7.422 999.000 119.374 999.000   4.003 999.000
       9     VAL  66.401 999.000  31.395 999.000 177.604 999.000   7.640 999.000 119.168 999.000   3.637 999.000
      10     VAL  67.010 999.000  31.197 999.000 176.454 999.000   8.449 999.000 118.835 999.000   3.061 999.000
      11     ASP  57.604 999.000  40.903 999.000 177.789 999.000   7.568 999.000 119.777 999.000   4.238 999.000
      12     PHE  61.461 999.000  39.550 999.000 176.971 999.000   7.608 999.000 120.911 999.000   4.167 999.000
      13     LEU  58.099 999.000  40.990 999.000 178.584 999.000   8.582 999.000 118.493 999.000   3.893 999.000
      14     SER  62.263 999.000  62.565 999.000 176.555 999.000   8.203 999.000 115.096 999.000   4.152 999.000
      15     TYR  61.243 999.000  38.032 999.000 177.031 999.000   8.067 999.000 124.046 999.000   4.266 999.000
      16     LYS  58.612 999.000  31.370 999.000 178.957 999.000   7.984 999.000 118.136 999.000   3.736 999.000
      17     LEU  57.638 999.000  41.666 999.000 178.789 999.000   8.445 999.000 119.067 999.000   4.231 999.000
      18     SER  61.573 999.000  62.897 999.000 177.188 999.000   8.496 999.000 115.975 999.000   4.229 999.000
      19     GLN  57.944 999.000  28.495 999.000 177.117 999.000   8.007 999.000 119.714 999.000   4.040 999.000
      20     LYS  55.506 999.000  32.409 999.000 176.518 999.000   7.314 999.000 116.750 999.000   4.260 999.000
      21     GLY  45.423 999.000-999.000-999.000 174.003 999.000   7.574 999.000 107.582 999.000   3.825 999.000
      22     TYR  56.555 999.000  39.558 999.000 175.489 999.000   7.914 999.000 119.979 999.000   4.816 999.000
      23     SER  57.044 999.000  64.311 999.000 174.920 999.000   8.332 999.000 116.743 999.000   4.632 999.000
      24     TRP  59.832 999.000  29.832 999.000 177.583 999.000   9.095 999.000 126.879 999.000   4.484 999.000
      25     SER  61.075 999.000  62.464 999.000 176.048 999.000   8.426 999.000 114.332 999.000   4.082 999.000
      26     GLN  57.297 999.000  28.820 999.000 176.235 999.000   7.311 999.000 120.784 999.000   3.944 999.000
      27     PHE  57.631 999.000  40.255 999.000 176.028 999.000   7.247 999.000 115.808 999.000   4.405 999.000
      28     SER  57.511 999.000  64.831 999.000 174.099 999.000   7.084 999.000 114.354 999.000   4.269 999.000
      29     ASP  53.759 999.000  41.090 999.000 176.915 999.000   8.357 999.000 122.137 999.000   4.592 999.000
      30     VAL  64.213 999.000  31.807 999.000 177.409 999.000   8.399 999.000 121.835 999.000   3.912 999.000
      31     GLU  58.148 999.000  29.098 999.000 177.536 999.000   8.368 999.000 119.888 999.000   4.153 999.000
      32     GLU  56.946 999.000  30.068 999.000 176.939 999.000   7.875 999.000 117.571 999.000   4.232 999.000
      33     ASN  53.293 999.000  38.765 999.000 175.509 999.000   7.650 999.000 117.789 999.000   4.711 999.000
      34     ARG  55.792 999.000  30.639 999.000 176.136 999.000   8.256 999.000 121.364 999.000   4.444 999.000
      35     THR  62.383 999.000  69.621 999.000 175.004 999.000   8.320 999.000 115.863 999.000   4.276 999.000
      36     GLU  56.550 999.000  30.341 999.000 175.871 999.000   8.455 999.000 120.750 999.000   4.309 999.000
      37     ALA  50.790 999.000  18.422 999.000 175.522 999.000   7.978 999.000 122.805 999.000   4.517 999.000
      38     PRO  62.841 999.000  32.439 999.000 176.619 999.000-999.000-999.000 999.000 999.000   4.552 999.000
      39     GLU  56.430 999.000  30.217 999.000 176.875 999.000   8.530 999.000 121.020 999.000   4.224 999.000
      40     GLY  45.251 999.000-999.000-999.000 174.839 999.000   8.603 999.000 109.574 999.000   4.075 999.000
      41     THR  62.155 999.000  70.058 999.000 175.361 999.000   8.196 999.000 112.909 999.000   4.339 999.000
      42     GLU  58.252 999.000  29.287 999.000 177.521 999.000   8.758 999.000 121.166 999.000   4.197 999.000
      43     SER  60.400 999.000  63.190 999.000 175.961 999.000   8.234 999.000 114.761 999.000   4.219 999.000
      44     GLU  59.384 999.000  28.888 999.000 178.558 999.000   7.903 999.000 122.771 999.000   3.958 999.000
      45     ALA  54.878 999.000  18.289 999.000 179.632 999.000   7.902 999.000 120.450 999.000   4.188 999.000
      46     VAL  65.676 999.000  31.413 999.000 177.789 999.000   7.393 999.000 119.309 999.000   3.635 999.000
      47     LYS  60.169 999.000  32.009 999.000 178.875 999.000   8.195 999.000 119.962 999.000   3.750 999.000
      48     GLN  58.799 999.000  28.226 999.000 178.218 999.000   8.154 999.000 118.575 999.000   3.967 999.000
      49     ALA  55.131 999.000  18.163 999.000 179.579 999.000   7.779 999.000 122.423 999.000   4.041 999.000
      50     LEU  58.192 999.000  41.603 999.000 178.879 999.000   8.513 999.000 118.856 999.000   4.024 999.000
      51     ARG  59.826 999.000  29.831 999.000 178.509 999.000   8.091 999.000 118.867 999.000   4.015 999.000
      52     GLU  59.085 999.000  29.152 999.000 178.950 999.000   8.204 999.000 118.990 999.000   4.138 999.000
      53     ALA  54.938 999.000  18.120 999.000 179.474 999.000   8.446 999.000 121.843 999.000   4.085 999.000
      54     GLY  47.272 999.000-999.000-999.000 175.474 999.000   8.522 999.000 106.587 999.000   4.092 999.000
      55     ASP  56.780 999.000  40.343 999.000 178.003 999.000   8.279 999.000 122.174 999.000   4.587 999.000
      56     GLU  58.818 999.000  29.648 999.000 178.351 999.000   7.889 999.000 120.151 999.000   4.201 999.000
      57     PHE  61.841 999.000  39.101 999.000 177.664 999.000   8.681 999.000 120.268 999.000   4.238 999.000
      58     GLU  58.844 999.000  29.318 999.000 178.370 999.000   8.316 999.000 118.098 999.000   4.147 999.000
      59     LEU  56.900 999.000  42.308 999.000 178.086 999.000   7.520 999.000 119.969 999.000   4.228 999.000
      60     ARG  57.778 999.000  30.817 999.000 177.051 999.000   7.923 999.000 116.605 999.000   3.964 999.000
      61     TYR  56.326 999.000  37.927 999.000 175.537 999.000   8.002 999.000 118.354 999.000   4.768 999.000
      62     ARG  58.485 999.000  30.169 999.000 176.971 999.000   8.055 999.000 121.053 999.000   3.956 999.000
      63     ARG  56.619 999.000  30.432 999.000 176.762 999.000   8.216 999.000 117.217 999.000   4.332 999.000
      64     ALA  54.412 999.000  18.628 999.000 178.276 999.000   7.997 999.000 121.056 999.000   4.092 999.000
      65     PHE  58.418 999.000  39.348 999.000 176.479 999.000   7.721 999.000 113.953 999.000   4.710 999.000
      66     SER  61.338 999.000  62.564 999.000 176.269 999.000   7.934 999.000 116.414 999.000   4.207 999.000
      67     ASP  56.271 999.000  40.007 999.000 178.247 999.000   7.909 999.000 121.917 999.000   4.501 999.000
      68     LEU  57.619 999.000  41.735 999.000 178.710 999.000   7.517 999.000 120.227 999.000   4.043 999.000
      69     THR  64.889 999.000  68.688 999.000 176.638 999.000   8.262 999.000 111.089 999.000   4.208 999.000
      70     SER  60.384 999.000  63.423 999.000 175.627 999.000   7.767 999.000 116.955 999.000   4.371 999.000
      71     GLN  57.205 999.000  28.913 999.000 176.894 999.000   7.580 999.000 120.718 999.000   4.217 999.000
      72     LEU  54.621 999.000  42.438 999.000 176.277 999.000   7.206 999.000 120.641 999.000   4.304 999.000
      73     HIS  55.835 999.000  29.883 999.000 175.428 999.000   8.566 999.000 124.548 999.000   4.641 999.000
      74     ILE  60.946 999.000  38.824 999.000 175.186 999.000   8.078 999.000 123.723 999.000   4.422 999.000
      75     THR  58.448 999.000  69.982 999.000 173.695 999.000   7.982 999.000 116.852 999.000   4.788 999.000
      76     PRO  64.689 999.000  31.655 999.000 177.588 999.000-999.000-999.000 999.000 999.000   4.414 999.000
      77     GLY  45.057 999.000-999.000-999.000 175.064 999.000   8.340 999.000 107.506 999.000   4.130 999.000
      78     THR  63.500 999.000  69.512 999.000 174.147 999.000   7.676 999.000 117.621 999.000   4.233 999.000
      79     ALA  50.802 999.000  21.244 999.000 176.780 999.000   8.587 999.000 128.618 999.000   4.706 999.000
      80     TYR  61.192 999.000  38.047 999.000 177.302 999.000   8.859 999.000 120.782 999.000   3.049 999.000
      81     GLN  58.772 999.000  27.686 999.000 178.149 999.000   8.448 999.000 118.308 999.000   3.843 999.000
      82     SER  60.731 999.000  62.976 999.000 175.900 999.000   7.605 999.000 114.624 999.000   4.270 999.000
      83     PHE  60.834 999.000  39.448 999.000 176.585 999.000   7.170 999.000 123.703 999.000   4.177 999.000
      84     GLU  59.909 999.000  29.270 999.000 178.358 999.000   8.502 999.000 119.053 999.000   3.525 999.000
      85     GLN  58.334 999.000  28.423 999.000 178.049 999.000   7.505 999.000 116.966 999.000   3.968 999.000
      86     VAL  64.829 999.000  32.116 999.000 177.670 999.000   7.042 999.000 118.894 999.000   3.706 999.000
      87     VAL  64.600 999.000  31.007 999.000 177.553 999.000   7.494 999.000 116.101 999.000   3.396 999.000
      88     ASN  56.309 999.000  38.439 999.000 176.788 999.000   8.246 999.000 119.258 999.000   4.288 999.000
      89     GLU  58.555 999.000  29.307 999.000 177.810 999.000   7.590 999.000 118.704 999.000   4.104 999.000
      90     LEU  55.650 999.000  41.405 999.000 176.153 999.000   7.166 999.000 117.837 999.000   4.182 999.000
      91     PHE  59.544 999.000  40.825 999.000 176.718 999.000   7.539 999.000 117.785 999.000   4.304 999.000
      92     ARG  58.749 999.000  29.750 999.000 176.818 999.000   8.230 999.000 119.665 999.000   3.923 999.000
      93     ASP  53.629 999.000  40.531 999.000 176.197 999.000   8.032 999.000 117.289 999.000   4.611 999.000
      94     GLY  44.802 999.000-999.000-999.000 173.290 999.000   7.535 999.000 108.352 999.000   3.994 999.000
      95     VAL  61.297 999.000  33.237 999.000 174.918 999.000   7.852 999.000 119.310 999.000   3.948 999.000
      96     ASN  51.988 999.000  41.022 999.000 174.707 999.000   7.560 999.000 121.104 999.000   4.252 999.000
      97     TRP  60.172 999.000  30.322 999.000 178.178 999.000   8.880 999.000 119.968 999.000   4.547 999.000
      98     GLY  47.069 999.000-999.000-999.000 175.842 999.000   8.872 999.000 107.134 999.000   4.149 999.000
      99     ARG  59.038 999.000  30.150 999.000 178.230 999.000   7.959 999.000 121.410 999.000   4.188 999.000
     100     ILE  65.061 999.000  37.561 999.000 177.587 999.000   7.939 999.000 120.511 999.000   3.951 999.000
     101     VAL  66.919 999.000  31.290 999.000 176.760 999.000   8.296 999.000 119.499 999.000   3.469 999.000
     102     ALA  55.499 999.000  18.047 999.000 178.717 999.000   8.366 999.000 122.638 999.000   3.835 999.000
     103     PHE  60.793 999.000  38.535 999.000 176.917 999.000   8.234 999.000 119.560 999.000   4.237 999.000
     104     PHE  62.659 999.000  38.750 999.000 177.584 999.000   8.633 999.000 118.428 999.000   3.629 999.000
     105     SER  61.966 999.000  62.619 999.000 176.449 999.000   8.446 999.000 115.286 999.000   4.211 999.000
     106     PHE  60.331 999.000  38.428 999.000 176.830 999.000   8.743 999.000 123.539 999.000   4.180 999.000
     107     GLY  47.545 999.000-999.000-999.000 176.190 999.000   8.223 999.000 106.658 999.000   3.647 999.000
     108     GLY  47.310 999.000-999.000-999.000 175.493 999.000   8.493 999.000 109.684 999.000   3.943 999.000
     109     ALA  54.862 999.000  18.334 999.000 178.945 999.000   8.126 999.000 124.538 999.000   4.143 999.000
     110     LEU  57.966 999.000  41.649 999.000 177.541 999.000   8.505 999.000 119.719 999.000   4.078 999.000
     111     CYS 999.000 999.000 999.000 999.000 999.000 999.000 999.000 999.000 999.000 999.000   3.931 999.000
     112     VAL  66.434 999.000  31.317 999.000 177.510 999.000   8.018 999.000 120.217 999.000   3.471 999.000
     113     GLU  59.440 999.000  29.160 999.000 178.375 999.000   8.382 999.000 120.585 999.000   4.008 999.000
     114     SER  62.116 999.000  63.048 999.000 176.327 999.000   8.141 999.000 115.552 999.000   4.104 999.000
     115     VAL  65.226 999.000  31.242 999.000 177.611 999.000   7.577 999.000 120.632 999.000   3.560 999.000
     116     ASP  56.359 999.000  41.198 999.000 177.695 999.000   7.876 999.000 119.951 999.000   4.436 999.000
     117     LYS  56.551 999.000  32.200 999.000 176.021 999.000   7.815 999.000 116.587 999.000   4.217 999.000
     118     GLU  57.405 999.000  27.270 999.000 175.627 999.000   7.903 999.000 115.627 999.000   3.998 999.000
     119     MET  54.790 999.000  31.799 999.000 176.093 999.000   8.413 999.000 118.981 999.000   4.722 999.000
     120     GLN  58.748 999.000  28.025 999.000 177.575 999.000   7.945 999.000 119.803 999.000   3.866 999.000
     121     VAL  64.043 999.000  31.617 999.000 177.185 999.000   7.656 999.000 118.142 999.000   3.869 999.000
     122     LEU  56.839 999.000  41.312 999.000 178.138 999.000   7.759 999.000 119.828 999.000   3.943 999.000
     123     VAL  66.547 999.000  31.260 999.000 177.808 999.000   7.378 999.000 118.810 999.000   3.280 999.000
     124     SER  61.460 999.000  62.822 999.000 176.388 999.000   8.234 999.000 114.680 999.000   4.116 999.000
     125     ARG  58.511 999.000  29.973 999.000 178.191 999.000   6.792 999.000 122.375 999.000   3.745 999.000
     126     ILE  65.580 999.000  37.707 999.000 177.400 999.000   8.204 999.000 120.765 999.000   2.991 999.000
     127     ALA  55.422 999.000  18.108 999.000 179.171 999.000   7.719 999.000 120.605 999.000   3.931 999.000
     128     ALA  54.925 999.000  18.455 999.000 178.936 999.000   7.244 999.000 121.145 999.000   4.173 999.000
     129     TRP  58.619 999.000  28.562 999.000 178.848 999.000   8.729 999.000 119.761 999.000   4.367 999.000
     130     MET  59.853 999.000  32.784 999.000 177.786 999.000   8.743 999.000 117.381 999.000   4.511 999.000
     131     ALA  55.247 999.000  18.271 999.000 178.608 999.000   7.999 999.000 121.869 999.000   4.157 999.000
     132     THR  66.808 999.000  67.960 999.000 175.624 999.000   8.472 999.000 116.019 999.000   3.993 999.000
     133     TYR  62.151 999.000  38.724 999.000 176.846 999.000   8.672 999.000 122.981 999.000   4.219 999.000
     134     LEU  58.504 999.000  41.473 999.000 177.929 999.000   8.667 999.000 119.310 999.000   4.022 999.000
     135     ASN  56.010 999.000  38.726 999.000 177.287 999.000   8.117 999.000 116.585 999.000   4.380 999.000
     136     ASP  55.981 999.000  40.876 999.000 176.932 999.000   8.129 999.000 118.247 999.000   4.384 999.000
     137     HIS  57.268 999.000  31.878 999.000 175.901 999.000   7.827 999.000 114.082 999.000   4.391 999.000
     138     LEU  56.196 999.000  42.448 999.000 177.676 999.000   7.865 999.000 116.547 999.000   4.250 999.000
     139     GLU  61.637 999.000  28.169 999.000 176.138 999.000   8.807 999.000 119.878 999.000   4.021 999.000
     140     PRO  65.435 999.000  31.441 999.000 178.057 999.000-999.000-999.000 999.000 999.000   4.208 999.000
     141     TRP  60.577 999.000  29.482 999.000 177.823 999.000   7.154 999.000 118.576 999.000   4.184 999.000
     142     ILE  65.568 999.000  37.907 999.000 177.361 999.000   8.417 999.000 119.787 999.000   3.163 999.000
     143     GLN  58.954 999.000  28.088 999.000 178.513 999.000   8.354 999.000 118.074 999.000   3.971 999.000
     144     GLU  58.257 999.000  29.680 999.000 177.760 999.000   7.553 999.000 119.023 999.000   4.001 999.000
     145     ASN  54.186 999.000  39.391 999.000 175.374 999.000   7.612 999.000 115.256 999.000   4.377 999.000
     146     GLY  45.184 999.000-999.000-999.000 174.792 999.000   7.648 999.000 107.957 999.000   4.119 999.000
     147     GLY  44.309 999.000-999.000-999.000 173.698 999.000   8.250 999.000 107.690 999.000   4.104 999.000
     148     TRP  59.619 999.000  29.802 999.000 177.531 999.000   8.783 999.000 119.763 999.000   4.613 999.000
     149     ASP  56.947 999.000  39.732 999.000 178.230 999.000   8.426 999.000 119.499 999.000   4.401 999.000
     150     THR  65.000 999.000  68.657 999.000 176.021 999.000   7.618 999.000 114.760 999.000   4.071 999.000
     151     PHE  60.596 999.000  39.559 999.000 176.590 999.000   7.504 999.000 123.054 999.000   3.818 999.000
     152     VAL  64.836 999.000  31.208 999.000 177.408 999.000   7.902 999.000 116.114 999.000   3.802 999.000
     153     GLU  57.624 999.000  29.833 999.000 176.835 999.000   7.459 999.000 118.675 999.000   4.122 999.000
     154     LEU  56.012 999.000  43.522 999.000 176.758 999.000   7.097 999.000 117.903 999.000   4.062 999.000
     155     TYR  57.718 999.000  41.020 999.000 175.385 999.000   7.899 999.000 114.977 999.000   4.520 999.000
     156     GLY  44.634 999.000-999.000-999.000 174.234 999.000   8.184 999.000 107.367 999.000   4.063 999.000
     157     ASN  55.816 999.000  38.523 999.000 176.935 999.000   8.785 999.000 118.988 999.000   4.342 999.000
     158     ASN  55.250 999.000  38.179 999.000 176.767 999.000   8.413 999.000 116.952 999.000   4.541 999.000
     159     ALA  54.586 999.000  18.288 999.000 179.347 999.000   7.652 999.000 123.037 999.000   4.068 999.000
     160     ALA  54.502 999.000  17.993 999.000 179.643 999.000   7.898 999.000 120.400 999.000   4.119 999.000
     161     ALA  54.719 999.000  18.002 999.000 179.972 999.000   7.736 999.000 120.627 999.000   4.152 999.000
     162     GLU  59.042 999.000  28.997 999.000 179.311 999.000   7.956 999.000 117.974 999.000   4.121 999.000
     163     SER  61.048 999.000  63.000 999.000 176.822 999.000   7.985 999.000 115.438 999.000   4.284 999.000
     164     ARG  58.486 999.000  29.615 999.000 178.553 999.000   7.934 999.000 122.112 999.000   4.156 999.000
     165     LYS  58.404 999.000  31.804 999.000 178.922 999.000   8.039 999.000 119.140 999.000   4.147 999.000
     166     GLY  46.196 999.000-999.000-999.000 175.688 999.000   7.865 999.000 107.420 999.000   3.959 999.000
     167     GLN  57.382 999.000  28.731 999.000 177.437 999.000   7.845 999.000 120.527 999.000   4.221 999.000
     168     GLU  57.423 999.000  29.696 999.000 177.297 999.000   7.728 999.000 118.491 999.000   4.276 999.000
     169     ARG 999.000 999.000 999.000 999.000 999.000 999.000 999.000 999.000 999.000 999.000 999.000 999.000
