   index residue  pre_ca  exp_ca  pre_cb  exp_cb   pre_c   exp_c   pre_h   exp_h   pre_n   exp_n  pre_ha  exp_ha
       1     MET 999.000 999.000 999.000 999.000 999.000 999.000-999.000-999.000 999.000 999.000 999.000 999.000
       2     SER 999.000 999.000 999.000 999.000 999.000 999.000 999.000 999.000 999.000 999.000 999.000 999.000
       3     GLN  57.802 999.000  28.492 999.000 177.655 999.000   8.228 999.000 120.188 999.000   4.160 999.000
       4     SER  60.733 999.000  63.007 999.000 176.146 999.000   7.729 999.000 115.620 999.000   4.078 999.000
       5     ASN  55.756 999.000  38.369 999.000 176.716 999.000   8.141 999.000 120.706 999.000   4.520 999.000
       6     ARG  59.246 999.000  29.949 999.000 177.859 999.000   7.850 999.000 120.201 999.000   4.067 999.000
       7     GLU  59.065 999.000  29.222 999.000 178.886 999.000   7.795 999.000 118.906 999.000   4.003 999.000
       8     LEU  57.780 999.000  41.445 999.000 178.573 999.000   7.631 999.000 119.495 999.000   4.153 999.000
       9     VAL  66.260 999.000  31.290 999.000 177.635 999.000   7.501 999.000 119.295 999.000   3.025 999.000
      10     VAL  67.099 999.000  31.231 999.000 176.305 999.000   8.069 999.000 119.548 999.000   3.719 999.000
      11     ASP  57.549 999.000  41.186 999.000 177.465 999.000   7.892 999.000 120.066 999.000   4.412 999.000
      12     PHE  61.515 999.000  39.634 999.000 177.330 999.000   8.145 999.000 120.531 999.000   4.236 999.000
      13     LEU  58.305 999.000  41.221 999.000 178.617 999.000   8.738 999.000 118.598 999.000   4.092 999.000
      14     SER  62.314 999.000  62.555 999.000 176.510 999.000   8.546 999.000 115.103 999.000   4.360 999.000
      15     TYR  60.979 999.000  37.850 999.000 176.997 999.000   8.558 999.000 124.290 999.000   4.333 999.000
      16     LYS  58.525 999.000  31.387 999.000 179.136 999.000   8.133 999.000 118.402 999.000   3.773 999.000
      17     LEU  58.059 999.000  41.533 999.000 178.654 999.000   8.517 999.000 119.837 999.000   4.039 999.000
      18     SER  61.774 999.000  62.796 999.000 177.155 999.000   8.450 999.000 115.956 999.000   4.265 999.000
      19     GLN  57.828 999.000  28.537 999.000 177.494 999.000   8.041 999.000 120.465 999.000   4.046 999.000
      20     LYS  56.378 999.000  32.685 999.000 177.169 999.000   7.295 999.000 117.792 999.000   4.067 999.000
      21     GLY  45.553 999.000-999.000-999.000 174.036 999.000   7.510 999.000 107.747 999.000   3.984 999.000
      22     TYR  54.487 999.000  40.163 999.000 175.195 999.000   8.326 999.000 119.526 999.000   4.797 999.000
      23     SER  56.367 999.000  66.097 999.000 174.520 999.000   8.672 999.000 113.110 999.000   4.759 999.000
      24     TRP  59.877 999.000  29.724 999.000 176.481 999.000   8.546 999.000 121.002 999.000   4.203 999.000
      25     SER  58.673 999.000  64.441 999.000 173.738 999.000   8.010 999.000 111.104 999.000   4.429 999.000
      26     GLN  54.537 999.000  31.975 999.000 174.941 999.000   7.551 999.000 119.713 999.000   4.352 999.000
      27     PHE  58.013 999.000  37.739 999.000 175.627 999.000   8.358 999.000 120.742 999.000   4.025 999.000
      28     SER  57.090 999.000  65.141 999.000 174.040 999.000   7.401 999.000 113.609 999.000   4.755 999.000
      29     ASP  54.713 999.000  39.643 999.000 176.902 999.000   8.625 999.000 124.012 999.000   4.443 999.000
      30     VAL  63.145 999.000  32.029 999.000 176.438 999.000   7.849 999.000 117.554 999.000   4.012 999.000
      31     GLU  56.236 999.000  30.271 999.000 176.202 999.000   8.125 999.000 120.743 999.000   4.307 999.000
      32     GLU  56.641 999.000  30.362 999.000 176.495 999.000   8.209 999.000 119.914 999.000   4.243 999.000
      33     ASN  53.327 999.000  38.372 999.000 175.507 999.000   8.626 999.000 118.912 999.000   4.639 999.000
      34     ARG  55.895 999.000  30.680 999.000 176.336 999.000   8.106 999.000 119.866 999.000   4.347 999.000
      35     THR  61.641 999.000  70.068 999.000 174.954 999.000   8.216 999.000 115.271 999.000   4.350 999.000
      36     GLU  56.608 999.000  30.028 999.000 175.940 999.000   8.618 999.000 123.056 999.000   4.208 999.000
      37     ALA  50.906 999.000  18.214 999.000 175.642 999.000   8.263 999.000 124.838 999.000   4.419 999.000
      38     PRO  62.877 999.000  32.366 999.000 176.905 999.000-999.000-999.000 999.000 999.000   4.523 999.000
      39     GLU  56.792 999.000  29.950 999.000 177.077 999.000   8.603 999.000 121.682 999.000   4.182 999.000
      40     GLY  45.396 999.000-999.000-999.000 174.921 999.000   8.606 999.000 110.159 999.000   4.080 999.000
      41     THR  62.302 999.000  69.976 999.000 175.205 999.000   7.678 999.000 114.665 999.000   4.328 999.000
      42     GLU  58.963 999.000  29.348 999.000 177.600 999.000   8.994 999.000 123.223 999.000   4.037 999.000
      43     SER  60.821 999.000  63.199 999.000 176.000 999.000   8.442 999.000 114.123 999.000   4.368 999.000
      44     GLU  59.037 999.000  29.072 999.000 178.301 999.000   7.967 999.000 122.673 999.000   4.022 999.000
      45     ALA  54.977 999.000  18.311 999.000 179.419 999.000   7.530 999.000 120.960 999.000   3.881 999.000
      46     VAL  66.101 999.000  31.237 999.000 177.858 999.000   7.361 999.000 118.919 999.000   3.541 999.000
      47     LYS  60.252 999.000  31.990 999.000 178.798 999.000   8.055 999.000 119.620 999.000   3.906 999.000
      48     GLN  58.755 999.000  28.101 999.000 178.194 999.000   8.178 999.000 118.898 999.000   3.947 999.000
      49     ALA  54.989 999.000  18.135 999.000 179.610 999.000   7.876 999.000 122.192 999.000   4.074 999.000
      50     LEU  57.674 999.000  41.552 999.000 178.804 999.000   8.156 999.000 118.936 999.000   4.133 999.000
      51     ARG  59.581 999.000  29.728 999.000 178.721 999.000   8.028 999.000 119.227 999.000   3.936 999.000
      52     GLU  58.968 999.000  29.332 999.000 178.752 999.000   8.263 999.000 119.128 999.000   4.083 999.000
      53     ALA  54.521 999.000  18.201 999.000 179.611 999.000   8.062 999.000 121.609 999.000   4.184 999.000
      54     GLY  47.057 999.000-999.000-999.000 175.425 999.000   8.382 999.000 106.636 999.000   4.200 999.000
      55     ASP  56.298 999.000  40.481 999.000 177.690 999.000   8.110 999.000 121.488 999.000   4.595 999.000
      56     GLU  58.266 999.000  29.792 999.000 177.813 999.000   7.700 999.000 119.817 999.000   4.168 999.000
      57     PHE  60.512 999.000  39.408 999.000 176.736 999.000   8.170 999.000 119.102 999.000   4.317 999.000
      58     GLU  56.423 999.000  29.823 999.000 177.164 999.000   7.770 999.000 117.341 999.000   4.193 999.000
      59     LEU  55.329 999.000  41.888 999.000 177.038 999.000   7.811 999.000 121.611 999.000   4.200 999.000
      60     ARG  56.848 999.000  29.073 999.000 175.772 999.000   8.755 999.000 123.637 999.000   3.910 999.000
      61     TYR  58.540 999.000  35.877 999.000 175.332 999.000   7.884 999.000 116.073 999.000   4.191 999.000
      62     ARG  56.843 999.000  30.798 999.000 176.341 999.000   7.483 999.000 119.422 999.000   4.260 999.000
      63     ARG  56.509 999.000  30.728 999.000 175.862 999.000   8.101 999.000 117.399 999.000   4.204 999.000
      64     ALA  51.797 999.000  19.157 999.000 177.021 999.000   7.753 999.000 121.915 999.000   4.225 999.000
      65     PHE  57.184 999.000  38.892 999.000 176.574 999.000   8.354 999.000 119.003 999.000   4.620 999.000
      66     SER  61.452 999.000  62.633 999.000 175.780 999.000   8.807 999.000 118.580 999.000   4.179 999.000
      67     ASP  55.998 999.000  39.966 999.000 176.814 999.000   8.406 999.000 121.013 999.000   4.436 999.000
      68     LEU  55.459 999.000  43.110 999.000 177.290 999.000   7.572 999.000 117.770 999.000   4.528 999.000
      69     THR  62.598 999.000  70.278 999.000 175.169 999.000   7.709 999.000 108.756 999.000   4.389 999.000
      70     SER  59.669 999.000  64.073 999.000 174.726 999.000   8.418 999.000 115.402 999.000   4.523 999.000
      71     GLN  55.135 999.000  27.986 999.000 175.813 999.000   8.118 999.000 121.499 999.000   4.435 999.000
      72     LEU  55.042 999.000  41.832 999.000 176.665 999.000   7.709 999.000 121.326 999.000   4.287 999.000
      73     HIS  55.685 999.000  30.316 999.000 175.321 999.000   8.614 999.000 122.737 999.000   4.657 999.000
      74     ILE  60.734 999.000  38.131 999.000 176.214 999.000   8.232 999.000 124.139 999.000   4.162 999.000
      75     THR  60.415 999.000  68.907 999.000 174.001 999.000   7.941 999.000 121.995 999.000   4.047 999.000
      76     PRO  63.385 999.000  32.302 999.000 176.936 999.000-999.000-999.000 999.000 999.000   4.334 999.000
      77     GLY  44.812 999.000-999.000-999.000 174.080 999.000   8.246 999.000 108.175 999.000   4.070 999.000
      78     THR  62.417 999.000  69.837 999.000 175.032 999.000   8.123 999.000 111.648 999.000   4.144 999.000
      79     ALA  52.371 999.000  19.574 999.000 177.074 999.000   7.987 999.000 124.008 999.000   4.228 999.000
      80     TYR  58.617 999.000  38.521 999.000 176.603 999.000   8.243 999.000 115.641 999.000   4.354 999.000
      81     GLN  58.140 999.000  28.106 999.000 177.420 999.000   7.978 999.000 119.881 999.000   3.972 999.000
      82     SER  60.635 999.000  63.130 999.000 175.832 999.000   7.884 999.000 115.126 999.000   4.250 999.000
      83     PHE  60.322 999.000  38.363 999.000 177.380 999.000   7.832 999.000 123.601 999.000   4.329 999.000
      84     GLU  59.798 999.000  29.398 999.000 178.193 999.000   7.502 999.000 120.278 999.000   3.471 999.000
      85     GLN  57.490 999.000  28.001 999.000 177.475 999.000   7.584 999.000 116.141 999.000   3.964 999.000
      86     VAL  65.476 999.000  32.071 999.000 176.943 999.000   7.158 999.000 119.623 999.000   3.666 999.000
      87     VAL  62.521 999.000  32.095 999.000 176.842 999.000   7.230 999.000 113.523 999.000   3.748 999.000
      88     ASN  55.712 999.000  38.261 999.000 175.749 999.000   7.925 999.000 118.869 999.000   3.753 999.000
      89     GLU  56.383 999.000  31.077 999.000 176.715 999.000   7.695 999.000 115.749 999.000   4.313 999.000
      90     LEU  57.280 999.000  41.902 999.000 176.842 999.000   7.453 999.000 119.882 999.000   3.656 999.000
      91     PHE  57.451 999.000  39.375 999.000 176.152 999.000   7.584 999.000 112.948 999.000   4.563 999.000
      92     ARG  58.340 999.000  30.014 999.000 176.797 999.000   7.586 999.000 119.802 999.000   3.275 999.000
      93     ASP  53.979 999.000  40.900 999.000 176.116 999.000   7.736 999.000 116.068 999.000   4.493 999.000
      94     GLY  45.324 999.000-999.000-999.000 173.202 999.000   7.308 999.000 108.280 999.000   3.977 999.000
      95     VAL  61.091 999.000  30.133 999.000 175.584 999.000   8.010 999.000 117.315 999.000   4.291 999.000
      96     ASN  53.200 999.000  39.503 999.000 175.883 999.000   7.775 999.000 120.262 999.000   4.427 999.000
      97     TRP  59.682 999.000  29.093 999.000 177.391 999.000   8.445 999.000 124.861 999.000   4.278 999.000
      98     GLY  47.747 999.000-999.000-999.000 175.421 999.000   7.794 999.000 107.908 999.000   3.690 999.000
      99     ARG  59.187 999.000  30.099 999.000 178.083 999.000   7.871 999.000 120.715 999.000   4.053 999.000
     100     ILE  65.007 999.000  37.487 999.000 177.419 999.000   7.526 999.000 119.901 999.000   3.715 999.000
     101     VAL  66.839 999.000  31.156 999.000 176.801 999.000   8.488 999.000 119.037 999.000   3.107 999.000
     102     ALA  55.411 999.000  18.056 999.000 178.200 999.000   8.153 999.000 122.363 999.000   3.823 999.000
     103     PHE  60.519 999.000  39.058 999.000 176.844 999.000   7.973 999.000 119.417 999.000   4.426 999.000
     104     PHE  58.614 999.000  37.792 999.000 177.718 999.000   8.925 999.000 118.194 999.000   4.239 999.000
     105     SER  61.778 999.000  62.689 999.000 176.310 999.000   8.549 999.000 115.954 999.000   4.492 999.000
     106     PHE  60.572 999.000  38.822 999.000 176.827 999.000   8.613 999.000 122.977 999.000   4.356 999.000
     107     GLY  47.623 999.000-999.000-999.000 176.224 999.000   8.471 999.000 106.613 999.000   3.683 999.000
     108     GLY  47.283 999.000-999.000-999.000 175.444 999.000   8.613 999.000 109.772 999.000   3.959 999.000
     109     ALA  54.835 999.000  18.352 999.000 178.951 999.000   8.126 999.000 124.691 999.000   4.127 999.000
     110     LEU  58.046 999.000  41.535 999.000 178.345 999.000   8.324 999.000 119.395 999.000   3.938 999.000
     111     CYS 999.000 999.000 999.000 999.000 999.000 999.000 999.000 999.000 999.000 999.000   4.097 999.000
     112     VAL  65.088 999.000  31.969 999.000 177.251 999.000   8.060 999.000 119.358 999.000   3.861 999.000
     113     GLU  56.672 999.000  29.038 999.000 176.963 999.000   8.385 999.000 117.005 999.000   4.308 999.000
     114     SER  58.483 999.000  63.546 999.000 174.574 999.000   7.502 999.000 115.394 999.000   4.465 999.000
     115     VAL  63.296 999.000  32.456 999.000 175.645 999.000   8.208 999.000 119.777 999.000   3.976 999.000
     116     ASP  54.282 999.000  40.642 999.000 176.528 999.000   8.312 999.000 118.096 999.000   4.637 999.000
     117     LYS  55.943 999.000  33.095 999.000 176.309 999.000   7.608 999.000 120.727 999.000   4.338 999.000
     118     GLU  56.174 999.000  29.930 999.000 176.743 999.000   8.723 999.000 121.579 999.000   4.275 999.000
     119     MET  57.646 999.000  31.196 999.000 177.808 999.000   8.809 999.000 124.745 999.000   4.061 999.000
     120     GLN  57.866 999.000  28.410 999.000 176.831 999.000   8.246 999.000 117.800 999.000   4.157 999.000
     121     VAL  61.931 999.000  33.719 999.000 176.922 999.000   7.523 999.000 113.727 999.000   4.338 999.000
     122     LEU  58.588 999.000  41.651 999.000 177.792 999.000   7.990 999.000 122.080 999.000   3.939 999.000
     123     VAL  66.290 999.000  31.318 999.000 178.052 999.000   7.846 999.000 117.763 999.000   3.351 999.000
     124     SER  61.800 999.000  62.889 999.000 176.631 999.000   7.768 999.000 116.208 999.000   4.348 999.000
     125     ARG  58.965 999.000  29.934 999.000 178.497 999.000   7.953 999.000 122.398 999.000   3.994 999.000
     126     ILE  64.947 999.000  37.440 999.000 177.530 999.000   8.433 999.000 120.563 999.000   3.752 999.000
     127     ALA  55.504 999.000  18.098 999.000 179.247 999.000   8.598 999.000 121.246 999.000   3.973 999.000
     128     ALA  55.341 999.000  18.167 999.000 178.893 999.000   7.796 999.000 121.186 999.000   3.997 999.000
     129     TRP  60.296 999.000  29.772 999.000 178.695 999.000   8.323 999.000 119.316 999.000   4.232 999.000
     130     MET  59.802 999.000  32.779 999.000 177.580 999.000   8.888 999.000 118.046 999.000   4.352 999.000
     131     ALA  55.266 999.000  18.237 999.000 178.532 999.000   8.402 999.000 121.412 999.000   4.123 999.000
     132     THR  66.599 999.000  68.038 999.000 176.211 999.000   8.180 999.000 115.317 999.000   3.936 999.000
     133     TYR  59.404 999.000  38.115 999.000 177.761 999.000   8.331 999.000 120.045 999.000   4.668 999.000
     134     LEU  58.032 999.000  41.345 999.000 177.644 999.000   8.922 999.000 119.504 999.000   4.131 999.000
     135     ASN  56.334 999.000  39.020 999.000 176.893 999.000   8.100 999.000 116.391 999.000   4.443 999.000
     136     ASP  55.626 999.000  41.115 999.000 176.802 999.000   7.603 999.000 118.001 999.000   4.528 999.000
     137     HIS  56.282 999.000  31.417 999.000 174.765 999.000   8.083 999.000 113.715 999.000   4.768 999.000
     138     LEU  56.263 999.000  43.968 999.000 176.808 999.000   8.180 999.000 120.194 999.000   4.526 999.000
     139     GLU  61.731 999.000  27.884 999.000 176.326 999.000   8.592 999.000 118.251 999.000   3.999 999.000
     140     PRO  65.352 999.000  31.363 999.000 178.146 999.000-999.000-999.000 999.000 999.000   4.176 999.000
     141     TRP  58.209 999.000  30.079 999.000 178.411 999.000   7.077 999.000 116.626 999.000   4.647 999.000
     142     ILE  64.719 999.000  37.286 999.000 177.294 999.000   8.191 999.000 120.013 999.000   3.754 999.000
     143     GLN  59.029 999.000  27.757 999.000 178.693 999.000   8.343 999.000 119.049 999.000   4.098 999.000
     144     GLU  58.427 999.000  29.474 999.000 177.884 999.000   7.845 999.000 118.773 999.000   4.103 999.000
     145     ASN  54.437 999.000  39.682 999.000 175.632 999.000   7.835 999.000 115.228 999.000   4.550 999.000
     146     GLY  45.490 999.000-999.000-999.000 173.964 999.000   7.776 999.000 106.309 999.000   4.126 999.000
     147     GLY  44.826 999.000-999.000-999.000 173.465 999.000   8.308 999.000 107.747 999.000   4.129 999.000
     148     TRP  60.377 999.000  29.559 999.000 177.671 999.000   9.007 999.000 123.457 999.000   4.564 999.000
     149     ASP  57.236 999.000  39.816 999.000 177.779 999.000   8.320 999.000 119.205 999.000   4.291 999.000
     150     THR  65.055 999.000  68.424 999.000 176.112 999.000   7.704 999.000 113.655 999.000   3.977 999.000
     151     PHE  60.126 999.000  39.532 999.000 177.543 999.000   7.685 999.000 121.001 999.000   4.325 999.000
     152     VAL  65.566 999.000  31.050 999.000 177.738 999.000   7.654 999.000 117.695 999.000   3.525 999.000
     153     GLU  58.841 999.000  28.920 999.000 178.371 999.000   7.516 999.000 120.512 999.000   3.856 999.000
     154     LEU  57.298 999.000  41.651 999.000 177.921 999.000   7.147 999.000 120.017 999.000   3.636 999.000
     155     TYR  57.980 999.000  38.885 999.000 176.776 999.000   7.602 999.000 117.848 999.000   4.479 999.000
     156     GLY  45.224 999.000-999.000-999.000 174.460 999.000   7.834 999.000 106.742 999.000   3.776 999.000
     157     ASN  53.344 999.000  38.982 999.000 175.669 999.000   7.984 999.000 117.808 999.000   4.555 999.000
     158     ASN  54.065 999.000  39.023 999.000 176.070 999.000   8.164 999.000 118.545 999.000   4.536 999.000
     159     ALA  54.921 999.000  18.512 999.000 179.145 999.000   8.420 999.000 122.611 999.000   4.059 999.000
     160     ALA  54.071 999.000  18.121 999.000 179.627 999.000   7.646 999.000 120.153 999.000   4.228 999.000
     161     ALA  54.194 999.000  18.207 999.000 179.705 999.000   7.526 999.000 120.586 999.000   4.206 999.000
     162     GLU  58.783 999.000  29.188 999.000 178.979 999.000   8.002 999.000 118.074 999.000   4.075 999.000
     163     SER  60.965 999.000  63.134 999.000 176.279 999.000   7.849 999.000 114.780 999.000   4.262 999.000
     164     ARG  57.608 999.000  29.917 999.000 177.899 999.000   7.564 999.000 121.723 999.000   4.257 999.000
     165     LYS  57.176 999.000  32.280 999.000 178.112 999.000   7.752 999.000 119.115 999.000   4.234 999.000
     166     GLY  45.406 999.000-999.000-999.000 174.479 999.000   7.834 999.000 106.928 999.000   3.953 999.000
     167     GLN  56.297 999.000  29.309 999.000 176.377 999.000   7.890 999.000 119.501 999.000   4.300 999.000
     168     GLU  56.940 999.000  29.792 999.000 176.512 999.000   8.007 999.000 118.923 999.000   4.285 999.000
     169     ARG 999.000 999.000 999.000 999.000 999.000 999.000 999.000 999.000 999.000 999.000 999.000 999.000
     630     GLU 999.000 999.000 999.000 999.000 999.000 999.000-999.000-999.000 999.000 999.000 999.000 999.000
     631     GLU 999.000 999.000 999.000 999.000 999.000 999.000 999.000 999.000 999.000 999.000 999.000 999.000
     632     GLN  57.506 999.000  28.088 999.000 177.543 999.000   8.160 999.000 118.607 999.000   4.143 999.000
     633     TRP  60.366 999.000  28.866 999.000 177.780 999.000   7.942 999.000 121.178 999.000   4.289 999.000
     634     ALA  55.087 999.000  18.137 999.000 179.180 999.000   7.982 999.000 120.984 999.000   3.702 999.000
     635     ARG  59.333 999.000  29.746 999.000 178.551 999.000   8.033 999.000 118.097 999.000   3.944 999.000
     636     GLU  59.020 999.000  29.412 999.000 179.029 999.000   7.680 999.000 119.606 999.000   4.072 999.000
     637     ILE  63.824 999.000  36.700 999.000 178.029 999.000   7.934 999.000 119.620 999.000   3.585 999.000
     638     GLY  47.613 999.000-999.000-999.000 176.019 999.000   8.348 999.000 107.621 999.000   3.747 999.000
     639     ALA  54.801 999.000  18.202 999.000 178.931 999.000   7.916 999.000 124.228 999.000   4.041 999.000
     640     GLN  58.876 999.000  28.306 999.000 178.422 999.000   7.914 999.000 118.468 999.000   3.920 999.000
     641     LEU  58.171 999.000  41.329 999.000 178.697 999.000   8.560 999.000 120.218 999.000   3.931 999.000
     642     ARG  59.286 999.000  29.913 999.000 178.514 999.000   7.903 999.000 118.474 999.000   3.908 999.000
     643     ARG  58.054 999.000  30.033 999.000 178.048 999.000   7.709 999.000 118.475 999.000   4.163 999.000
     644     MET  58.170 999.000  32.901 999.000 176.862 999.000   8.292 999.000 118.796 999.000   3.914 999.000
     645     ALA  52.102 999.000  19.257 999.000 176.473 999.000   7.484 999.000 119.671 999.000   4.355 999.000
     646     ASP  53.864 999.000  41.435 999.000 175.960 999.000   7.682 999.000 117.773 999.000   4.500 999.000
     647     ASP  54.117 999.000  41.025 999.000 176.582 999.000   8.379 999.000 121.657 999.000   4.467 999.000
     648     LEU  55.658 999.000  42.049 999.000 177.017 999.000   7.884 999.000 120.049 999.000   4.114 999.000
     649     ASN  53.288 999.000  38.792 999.000 175.348 999.000   8.186 999.000 117.146 999.000   4.555 999.000
     650     ALA  52.394 999.000  19.383 999.000 177.274 999.000   7.968 999.000 121.883 999.000   4.228 999.000
     651     GLN  56.252 999.000  29.134 999.000 176.025 999.000   8.136 999.000 118.210 999.000   4.114 999.000
     652     TYR  58.229 999.000  38.629 999.000 175.489 999.000   8.252 999.000 118.405 999.000   4.512 999.000
     653     GLU  56.978 999.000  30.252 999.000 176.485 999.000   8.170 999.000 119.811 999.000   4.248 999.000
     654     ARG 999.000 999.000 999.000 999.000 999.000 999.000 999.000 999.000 999.000 999.000 999.000 999.000
