   index residue  pre_ca  exp_ca  pre_cb  exp_cb   pre_c   exp_c   pre_h   exp_h   pre_n   exp_n  pre_ha  exp_ha
       1     MET 999.000 999.000 999.000 999.000 999.000 999.000-999.000-999.000 999.000 999.000 999.000 999.000
       2     SER 999.000 999.000 999.000 999.000 999.000 999.000 999.000 999.000 999.000 999.000 999.000 999.000
       3     GLN  57.436 999.000  28.814 999.000 177.305 999.000   8.194 999.000 119.765 999.000   4.216 999.000
       4     SER  60.543 999.000  63.128 999.000 176.036 999.000   7.808 999.000 115.373 999.000   4.104 999.000
       5     ASN  55.710 999.000  38.149 999.000 176.650 999.000   8.152 999.000 120.697 999.000   4.499 999.000
       6     ARG  59.000 999.000  30.016 999.000 177.747 999.000   7.752 999.000 120.073 999.000   4.094 999.000
       7     GLU  58.963 999.000  29.233 999.000 178.822 999.000   7.679 999.000 118.852 999.000   4.009 999.000
       8     LEU  57.657 999.000  41.411 999.000 178.618 999.000   7.580 999.000 118.913 999.000   4.106 999.000
       9     VAL  66.117 999.000  31.295 999.000 177.587 999.000   7.268 999.000 119.088 999.000   2.948 999.000
      10     VAL  67.005 999.000  31.210 999.000 176.287 999.000   7.885 999.000 119.501 999.000   3.695 999.000
      11     ASP  57.555 999.000  41.277 999.000 177.447 999.000   7.863 999.000 120.008 999.000   4.391 999.000
      12     PHE  61.524 999.000  39.675 999.000 177.309 999.000   8.061 999.000 120.500 999.000   4.216 999.000
      13     LEU  58.299 999.000  41.159 999.000 178.604 999.000   8.710 999.000 118.562 999.000   4.098 999.000
      14     SER  62.330 999.000  62.563 999.000 176.501 999.000   8.521 999.000 115.145 999.000   4.354 999.000
      15     TYR  60.913 999.000  37.863 999.000 177.029 999.000   8.595 999.000 124.366 999.000   4.340 999.000
      16     LYS  58.546 999.000  31.392 999.000 179.143 999.000   8.131 999.000 118.412 999.000   3.790 999.000
      17     LEU  58.099 999.000  41.542 999.000 178.685 999.000   8.541 999.000 119.893 999.000   4.037 999.000
      18     SER  61.811 999.000  62.793 999.000 177.158 999.000   8.448 999.000 115.923 999.000   4.266 999.000
      19     GLN  57.834 999.000  28.535 999.000 177.530 999.000   8.033 999.000 120.506 999.000   4.042 999.000
      20     LYS  56.433 999.000  32.671 999.000 177.180 999.000   7.311 999.000 117.843 999.000   4.064 999.000
      21     GLY  45.543 999.000-999.000-999.000 174.030 999.000   7.509 999.000 107.674 999.000   3.978 999.000
      22     TYR  54.496 999.000  40.126 999.000 175.221 999.000   8.323 999.000 119.508 999.000   4.791 999.000
      23     SER  56.338 999.000  66.090 999.000 174.534 999.000   8.658 999.000 113.188 999.000   4.768 999.000
      24     TRP  59.787 999.000  29.717 999.000 176.485 999.000   8.447 999.000 120.944 999.000   4.225 999.000
      25     SER  58.672 999.000  64.456 999.000 173.769 999.000   7.951 999.000 111.122 999.000   4.398 999.000
      26     GLN  54.534 999.000  32.009 999.000 175.014 999.000   7.537 999.000 119.693 999.000   4.345 999.000
      27     PHE  58.202 999.000  37.904 999.000 175.649 999.000   8.354 999.000 120.723 999.000   4.079 999.000
      28     SER  57.068 999.000  65.013 999.000 174.226 999.000   7.413 999.000 113.693 999.000   4.758 999.000
      29     ASP  55.247 999.000  39.639 999.000 177.256 999.000   8.684 999.000 125.197 999.000   4.393 999.000
      30     VAL  63.534 999.000  31.745 999.000 176.724 999.000   7.879 999.000 117.327 999.000   3.981 999.000
      31     GLU  56.424 999.000  29.684 999.000 176.552 999.000   8.020 999.000 120.150 999.000   4.271 999.000
      32     GLU  57.037 999.000  30.019 999.000 176.755 999.000   7.911 999.000 119.818 999.000   4.206 999.000
      33     ASN  53.469 999.000  38.406 999.000 175.429 999.000   8.616 999.000 117.821 999.000   4.626 999.000
      34     ARG  55.946 999.000  30.608 999.000 176.426 999.000   8.013 999.000 119.889 999.000   4.317 999.000
      35     THR  61.654 999.000  70.052 999.000 174.978 999.000   8.211 999.000 115.341 999.000   4.347 999.000
      36     GLU  56.565 999.000  30.039 999.000 175.949 999.000   8.603 999.000 122.986 999.000   4.203 999.000
      37     ALA  50.952 999.000  18.143 999.000 175.673 999.000   8.279 999.000 124.879 999.000   4.406 999.000
      38     PRO  62.877 999.000  32.385 999.000 176.865 999.000-999.000-999.000 999.000 999.000   4.521 999.000
      39     GLU  56.826 999.000  30.003 999.000 176.925 999.000   8.578 999.000 121.673 999.000   4.194 999.000
      40     GLY  45.562 999.000-999.000-999.000 174.950 999.000   8.645 999.000 110.896 999.000   4.074 999.000
      41     THR  61.839 999.000  70.169 999.000 175.100 999.000   7.510 999.000 114.592 999.000   4.358 999.000
      42     GLU  58.988 999.000  29.301 999.000 177.601 999.000   9.085 999.000 124.647 999.000   4.049 999.000
      43     SER  60.790 999.000  63.172 999.000 175.835 999.000   8.428 999.000 114.187 999.000   4.394 999.000
      44     GLU  59.003 999.000  29.179 999.000 178.156 999.000   8.005 999.000 122.846 999.000   4.016 999.000
      45     ALA  55.003 999.000  18.328 999.000 179.438 999.000   7.599 999.000 120.761 999.000   3.864 999.000
      46     VAL  66.096 999.000  31.251 999.000 177.821 999.000   7.329 999.000 118.934 999.000   3.550 999.000
      47     LYS  60.230 999.000  31.990 999.000 178.823 999.000   8.044 999.000 119.578 999.000   3.895 999.000
      48     GLN  58.730 999.000  28.127 999.000 178.226 999.000   8.194 999.000 118.746 999.000   3.953 999.000
      49     ALA  54.979 999.000  18.138 999.000 179.623 999.000   7.831 999.000 122.160 999.000   4.098 999.000
      50     LEU  57.616 999.000  41.528 999.000 178.871 999.000   8.195 999.000 118.555 999.000   4.162 999.000
      51     ARG  59.550 999.000  29.677 999.000 178.619 999.000   7.989 999.000 119.531 999.000   3.909 999.000
      52     GLU  59.026 999.000  29.324 999.000 178.831 999.000   8.146 999.000 119.061 999.000   4.080 999.000
      53     ALA  54.655 999.000  18.206 999.000 179.639 999.000   8.114 999.000 121.660 999.000   4.170 999.000
      54     GLY  47.113 999.000-999.000-999.000 175.535 999.000   8.462 999.000 106.790 999.000   4.190 999.000
      55     ASP  56.421 999.000  40.491 999.000 177.758 999.000   8.190 999.000 121.764 999.000   4.565 999.000
      56     GLU  58.451 999.000  29.727 999.000 178.084 999.000   7.792 999.000 119.850 999.000   4.171 999.000
      57     PHE  60.897 999.000  39.359 999.000 176.831 999.000   8.341 999.000 119.262 999.000   4.237 999.000
      58     GLU  57.016 999.000  29.778 999.000 177.756 999.000   7.772 999.000 116.429 999.000   4.141 999.000
      59     LEU  56.049 999.000  41.519 999.000 176.639 999.000   7.528 999.000 122.088 999.000   4.071 999.000
      60     ARG  57.294 999.000  28.126 999.000 175.530 999.000   8.885 999.000 123.251 999.000   3.840 999.000
      61     TYR  58.540 999.000  35.517 999.000 175.477 999.000   7.559 999.000 115.257 999.000   4.140 999.000
      62     ARG  57.907 999.000  30.276 999.000 176.880 999.000   7.539 999.000 119.400 999.000   4.095 999.000
      63     ARG  56.433 999.000  30.977 999.000 176.129 999.000   7.769 999.000 115.860 999.000   4.181 999.000
      64     ALA  51.946 999.000  18.488 999.000 176.761 999.000   7.551 999.000 122.443 999.000   4.232 999.000
      65     PHE  56.751 999.000  40.071 999.000 176.707 999.000   8.315 999.000 120.148 999.000   4.691 999.000
      66     SER  61.368 999.000  62.671 999.000 175.850 999.000   9.165 999.000 119.366 999.000   4.166 999.000
      67     ASP  56.146 999.000  39.958 999.000 176.980 999.000   8.410 999.000 121.009 999.000   4.437 999.000
      68     LEU  55.259 999.000  42.936 999.000 177.178 999.000   7.547 999.000 117.300 999.000   4.533 999.000
      69     THR  62.591 999.000  70.304 999.000 175.205 999.000   7.656 999.000 109.136 999.000   4.381 999.000
      70     SER  59.548 999.000  64.088 999.000 174.685 999.000   8.423 999.000 115.539 999.000   4.522 999.000
      71     GLN  55.107 999.000  28.039 999.000 175.768 999.000   8.095 999.000 121.557 999.000   4.413 999.000
      72     LEU  55.038 999.000  41.657 999.000 176.660 999.000   7.822 999.000 121.964 999.000   4.250 999.000
      73     HIS  55.716 999.000  30.345 999.000 175.271 999.000   8.512 999.000 122.690 999.000   4.644 999.000
      74     ILE  60.635 999.000  38.244 999.000 176.154 999.000   8.252 999.000 123.462 999.000   4.268 999.000
      75     THR  60.424 999.000  68.947 999.000 174.030 999.000   8.259 999.000 121.335 999.000   4.148 999.000
      76     PRO  63.433 999.000  32.331 999.000 176.991 999.000-999.000-999.000 999.000 999.000   4.338 999.000
      77     GLY  44.832 999.000-999.000-999.000 174.338 999.000   8.240 999.000 108.411 999.000   4.074 999.000
      78     THR  62.372 999.000  69.831 999.000 175.035 999.000   8.055 999.000 112.494 999.000   4.132 999.000
      79     ALA  52.901 999.000  19.339 999.000 177.462 999.000   8.120 999.000 123.707 999.000   4.106 999.000
      80     TYR  58.476 999.000  38.227 999.000 176.986 999.000   7.984 999.000 115.062 999.000   4.312 999.000
      81     GLN  57.939 999.000  28.182 999.000 177.356 999.000   7.894 999.000 119.798 999.000   3.961 999.000
      82     SER  60.621 999.000  63.128 999.000 175.825 999.000   7.724 999.000 115.325 999.000   4.234 999.000
      83     PHE  60.337 999.000  38.271 999.000 177.435 999.000   7.821 999.000 123.137 999.000   4.322 999.000
      84     GLU  59.855 999.000  29.366 999.000 178.264 999.000   7.496 999.000 120.203 999.000   3.493 999.000
      85     GLN  57.659 999.000  28.115 999.000 177.533 999.000   7.528 999.000 116.276 999.000   3.977 999.000
      86     VAL  65.462 999.000  32.020 999.000 177.083 999.000   7.223 999.000 119.608 999.000   3.696 999.000
      87     VAL  62.873 999.000  31.918 999.000 176.885 999.000   7.550 999.000 113.802 999.000   3.770 999.000
      88     ASN  55.684 999.000  38.222 999.000 175.891 999.000   7.876 999.000 118.805 999.000   3.872 999.000
      89     GLU  56.637 999.000  30.938 999.000 176.872 999.000   7.644 999.000 116.061 999.000   4.292 999.000
      90     LEU  57.320 999.000  41.818 999.000 177.068 999.000   7.418 999.000 119.755 999.000   3.722 999.000
      91     PHE  57.819 999.000  39.133 999.000 176.254 999.000   7.468 999.000 113.192 999.000   4.494 999.000
      92     ARG  58.284 999.000  29.963 999.000 176.917 999.000   7.540 999.000 119.799 999.000   3.353 999.000
      93     ASP  54.124 999.000  41.008 999.000 176.140 999.000   7.633 999.000 116.143 999.000   4.504 999.000
      94     GLY  45.290 999.000-999.000-999.000 173.186 999.000   7.247 999.000 108.214 999.000   3.985 999.000
      95     VAL  60.828 999.000  30.162 999.000 175.719 999.000   7.894 999.000 116.385 999.000   4.386 999.000
      96     ASN  53.554 999.000  39.461 999.000 175.852 999.000   7.641 999.000 120.132 999.000   4.458 999.000
      97     TRP  59.612 999.000  28.901 999.000 177.122 999.000   8.533 999.000 123.452 999.000   4.259 999.000
      98     GLY  47.675 999.000-999.000-999.000 175.350 999.000   7.490 999.000 108.081 999.000   3.616 999.000
      99     ARG  59.133 999.000  30.041 999.000 178.043 999.000   7.837 999.000 120.571 999.000   4.057 999.000
     100     ILE  64.897 999.000  37.436 999.000 177.427 999.000   7.433 999.000 119.810 999.000   3.679 999.000
     101     VAL  66.946 999.000  31.200 999.000 176.763 999.000   8.465 999.000 119.154 999.000   3.104 999.000
     102     ALA  55.434 999.000  18.032 999.000 178.222 999.000   8.139 999.000 122.378 999.000   3.906 999.000
     103     PHE  60.582 999.000  39.094 999.000 176.890 999.000   7.894 999.000 119.268 999.000   4.418 999.000
     104     PHE  58.436 999.000  37.676 999.000 177.813 999.000   8.879 999.000 118.244 999.000   4.270 999.000
     105     SER  61.776 999.000  62.698 999.000 176.286 999.000   8.574 999.000 115.951 999.000   4.486 999.000
     106     PHE  60.477 999.000  38.856 999.000 176.834 999.000   8.589 999.000 122.979 999.000   4.363 999.000
     107     GLY  47.610 999.000-999.000-999.000 176.209 999.000   8.411 999.000 106.529 999.000   3.687 999.000
     108     GLY  47.289 999.000-999.000-999.000 175.467 999.000   8.649 999.000 109.847 999.000   3.976 999.000
     109     ALA  54.815 999.000  18.370 999.000 178.942 999.000   8.159 999.000 124.634 999.000   4.129 999.000
     110     LEU  58.109 999.000  41.558 999.000 178.215 999.000   8.301 999.000 119.374 999.000   3.937 999.000
     111     CYS 999.000 999.000 999.000 999.000 999.000 999.000 999.000 999.000 999.000 999.000   4.086 999.000
     112     VAL  64.893 999.000  32.034 999.000 177.154 999.000   7.981 999.000 119.027 999.000   3.870 999.000
     113     GLU  57.141 999.000  29.232 999.000 177.154 999.000   8.324 999.000 117.350 999.000   4.252 999.000
     114     SER  58.351 999.000  63.361 999.000 174.719 999.000   7.609 999.000 115.147 999.000   4.517 999.000
     115     VAL  63.519 999.000  32.025 999.000 175.809 999.000   8.029 999.000 119.583 999.000   3.930 999.000
     116     ASP  54.392 999.000  40.360 999.000 176.546 999.000   8.249 999.000 118.425 999.000   4.610 999.000
     117     LYS  55.866 999.000  33.096 999.000 176.289 999.000   7.568 999.000 120.719 999.000   4.357 999.000
     118     GLU  56.056 999.000  29.822 999.000 176.699 999.000   8.682 999.000 121.071 999.000   4.299 999.000
     119     MET  57.618 999.000  31.247 999.000 177.736 999.000   8.752 999.000 124.004 999.000   4.070 999.000
     120     GLN  57.870 999.000  28.458 999.000 176.870 999.000   8.215 999.000 117.768 999.000   4.154 999.000
     121     VAL  61.998 999.000  33.693 999.000 176.940 999.000   7.536 999.000 113.656 999.000   4.334 999.000
     122     LEU  58.575 999.000  41.620 999.000 177.852 999.000   7.987 999.000 122.023 999.000   3.946 999.000
     123     VAL  66.282 999.000  31.311 999.000 178.053 999.000   7.890 999.000 117.728 999.000   3.383 999.000
     124     SER  61.766 999.000  62.895 999.000 176.603 999.000   7.763 999.000 116.199 999.000   4.321 999.000
     125     ARG  58.955 999.000  29.999 999.000 178.502 999.000   7.950 999.000 122.377 999.000   4.017 999.000
     126     ILE  64.981 999.000  37.484 999.000 177.498 999.000   8.441 999.000 120.580 999.000   3.814 999.000
     127     ALA  55.474 999.000  18.105 999.000 179.247 999.000   8.551 999.000 121.155 999.000   3.976 999.000
     128     ALA  55.340 999.000  18.159 999.000 178.925 999.000   7.828 999.000 121.200 999.000   4.012 999.000
     129     TRP  60.366 999.000  29.746 999.000 178.688 999.000   8.307 999.000 119.292 999.000   4.242 999.000
     130     MET  59.805 999.000  32.786 999.000 177.613 999.000   8.861 999.000 117.920 999.000   4.342 999.000
     131     ALA  55.294 999.000  18.238 999.000 178.548 999.000   8.442 999.000 121.503 999.000   4.142 999.000
     132     THR  66.565 999.000  68.001 999.000 176.190 999.000   8.152 999.000 115.205 999.000   3.939 999.000
     133     TYR  59.497 999.000  38.101 999.000 177.775 999.000   8.279 999.000 120.140 999.000   4.661 999.000
     134     LEU  58.137 999.000  41.388 999.000 177.636 999.000   8.925 999.000 119.708 999.000   4.106 999.000
     135     ASN  56.308 999.000  38.962 999.000 176.996 999.000   8.124 999.000 116.353 999.000   4.435 999.000
     136     ASP  55.736 999.000  41.050 999.000 176.849 999.000   7.676 999.000 118.093 999.000   4.517 999.000
     137     HIS  56.424 999.000  31.467 999.000 174.925 999.000   8.074 999.000 113.765 999.000   4.733 999.000
     138     LEU  56.267 999.000  43.747 999.000 176.901 999.000   8.178 999.000 119.875 999.000   4.511 999.000
     139     GLU  61.682 999.000  27.924 999.000 176.274 999.000   8.622 999.000 118.564 999.000   4.016 999.000
     140     PRO  65.404 999.000  31.370 999.000 178.187 999.000-999.000-999.000 999.000 999.000   4.176 999.000
     141     TRP  58.350 999.000  30.050 999.000 178.422 999.000   7.123 999.000 116.599 999.000   4.630 999.000
     142     ILE  64.451 999.000  37.040 999.000 177.374 999.000   8.220 999.000 120.040 999.000   3.795 999.000
     143     GLN  59.054 999.000  27.743 999.000 178.733 999.000   8.417 999.000 119.040 999.000   4.110 999.000
     144     GLU  58.430 999.000  29.516 999.000 177.862 999.000   7.822 999.000 118.821 999.000   4.106 999.000
     145     ASN  54.487 999.000  39.823 999.000 175.603 999.000   7.843 999.000 115.175 999.000   4.542 999.000
     146     GLY  45.501 999.000-999.000-999.000 174.046 999.000   7.767 999.000 106.399 999.000   4.109 999.000
     147     GLY  45.102 999.000-999.000-999.000 173.623 999.000   8.327 999.000 107.934 999.000   4.099 999.000
     148     TRP  60.361 999.000  29.548 999.000 177.724 999.000   8.961 999.000 123.928 999.000   4.601 999.000
     149     ASP  57.268 999.000  39.709 999.000 177.833 999.000   8.270 999.000 119.281 999.000   4.254 999.000
     150     THR  65.554 999.000  68.315 999.000 176.281 999.000   7.656 999.000 114.883 999.000   3.898 999.000
     151     PHE  59.996 999.000  39.274 999.000 177.656 999.000   7.709 999.000 119.876 999.000   4.314 999.000
     152     VAL  65.877 999.000  31.241 999.000 177.766 999.000   7.552 999.000 118.924 999.000   3.474 999.000
     153     GLU  58.971 999.000  29.067 999.000 178.408 999.000   7.699 999.000 119.993 999.000   3.839 999.000
     154     LEU  57.118 999.000  41.731 999.000 177.719 999.000   7.254 999.000 119.237 999.000   3.841 999.000
     155     TYR  58.223 999.000  39.083 999.000 176.867 999.000   7.564 999.000 116.629 999.000   4.499 999.000
     156     GLY  45.068 999.000-999.000-999.000 174.351 999.000   7.880 999.000 106.570 999.000   3.859 999.000
     157     ASN  52.882 999.000  39.062 999.000 175.628 999.000   8.072 999.000 117.761 999.000   4.584 999.000
     158     ASN  55.299 999.000  38.545 999.000 176.445 999.000   8.471 999.000 121.428 999.000   4.396 999.000
     159     ALA  54.774 999.000  18.418 999.000 179.196 999.000   8.138 999.000 122.087 999.000   4.123 999.000
     160     ALA  54.127 999.000  18.135 999.000 179.687 999.000   7.549 999.000 120.482 999.000   4.218 999.000
     161     ALA  54.297 999.000  18.179 999.000 179.852 999.000   7.645 999.000 120.404 999.000   4.165 999.000
     162     GLU  58.665 999.000  29.225 999.000 178.910 999.000   8.011 999.000 117.791 999.000   4.131 999.000
     163     SER  60.885 999.000  63.190 999.000 176.179 999.000   7.833 999.000 114.854 999.000   4.277 999.000
     164     ARG  57.404 999.000  29.913 999.000 177.664 999.000   7.619 999.000 121.708 999.000   4.261 999.000
     165     LYS  56.993 999.000  32.354 999.000 177.875 999.000   7.680 999.000 119.168 999.000   4.248 999.000
     166     GLY  45.220 999.000-999.000-999.000 174.270 999.000   7.878 999.000 107.013 999.000   3.952 999.000
     167     GLN  56.262 999.000  29.358 999.000 176.298 999.000   8.019 999.000 119.309 999.000   4.295 999.000
     168     GLU  56.876 999.000  29.716 999.000 176.449 999.000   8.089 999.000 118.984 999.000   4.280 999.000
     169     ARG 999.000 999.000 999.000 999.000 999.000 999.000 999.000 999.000 999.000 999.000 999.000 999.000
     630     GLU 999.000 999.000 999.000 999.000 999.000 999.000-999.000-999.000 999.000 999.000 999.000 999.000
     631     GLU 999.000 999.000 999.000 999.000 999.000 999.000 999.000 999.000 999.000 999.000 999.000 999.000
     632     GLN  56.876 999.000  28.066 999.000 177.157 999.000   8.075 999.000 119.052 999.000   4.159 999.000
     633     TRP  59.881 999.000  29.088 999.000 177.803 999.000   7.880 999.000 121.122 999.000   4.309 999.000
     634     ALA  54.948 999.000  18.135 999.000 179.131 999.000   7.903 999.000 121.063 999.000   3.849 999.000
     635     ARG  59.320 999.000  29.726 999.000 178.520 999.000   7.985 999.000 118.063 999.000   3.967 999.000
     636     GLU  59.007 999.000  29.368 999.000 179.030 999.000   7.662 999.000 119.463 999.000   4.095 999.000
     637     ILE  63.871 999.000  36.728 999.000 178.035 999.000   7.892 999.000 119.561 999.000   3.642 999.000
     638     GLY  47.610 999.000-999.000-999.000 176.038 999.000   8.387 999.000 107.742 999.000   3.769 999.000
     639     ALA  54.891 999.000  18.164 999.000 178.954 999.000   8.015 999.000 124.313 999.000   4.049 999.000
     640     GLN  58.862 999.000  28.330 999.000 178.461 999.000   7.909 999.000 118.391 999.000   3.896 999.000
     641     LEU  58.191 999.000  41.314 999.000 178.661 999.000   8.599 999.000 120.636 999.000   3.971 999.000
     642     ARG  59.546 999.000  29.897 999.000 178.646 999.000   8.100 999.000 118.858 999.000   3.892 999.000
     643     ARG  58.326 999.000  29.878 999.000 178.278 999.000   7.840 999.000 118.867 999.000   4.143 999.000
     644     MET  58.229 999.000  32.888 999.000 176.877 999.000   8.324 999.000 119.073 999.000   4.064 999.000
     645     ALA  52.604 999.000  18.952 999.000 176.702 999.000   7.645 999.000 119.465 999.000   4.277 999.000
     646     ASP  53.924 999.000  41.474 999.000 175.934 999.000   7.389 999.000 117.765 999.000   4.479 999.000
     647     ASP  54.465 999.000  40.854 999.000 176.744 999.000   8.418 999.000 122.532 999.000   4.443 999.000
     648     LEU  56.103 999.000  41.937 999.000 177.248 999.000   7.663 999.000 119.948 999.000   4.070 999.000
     649     ASN  53.703 999.000  38.581 999.000 175.555 999.000   8.104 999.000 116.246 999.000   4.542 999.000
     650     ALA  52.497 999.000  19.328 999.000 177.352 999.000   7.730 999.000 121.650 999.000   4.259 999.000
     651     GLN  56.135 999.000  29.148 999.000 175.979 999.000   7.904 999.000 117.917 999.000   4.114 999.000
     652     TYR  58.504 999.000  38.377 999.000 175.432 999.000   8.303 999.000 118.208 999.000   4.462 999.000
     653     GLU  57.016 999.000  30.330 999.000 176.505 999.000   8.176 999.000 119.396 999.000   4.278 999.000
     654     ARG 999.000 999.000 999.000 999.000 999.000 999.000 999.000 999.000 999.000 999.000 999.000 999.000
