   index residue  pre_ca  exp_ca  pre_cb  exp_cb   pre_c   exp_c   pre_h   exp_h   pre_n   exp_n  pre_ha  exp_ha
       1     MET 999.000 999.000 999.000 999.000 999.000 999.000-999.000-999.000 999.000 999.000 999.000 999.000
       2     SER 999.000 999.000 999.000 999.000 999.000 999.000 999.000 999.000 999.000 999.000 999.000 999.000
       3     GLN  55.907 999.000  28.416 999.000 176.767 999.000   8.280 999.000 121.912 999.000   4.465 999.000
       4     SER  61.230 999.000  63.059 999.000 175.690 999.000   8.766 999.000 116.994 999.000   4.161 999.000
       5     ASN  55.064 999.000  38.544 999.000 176.132 999.000   8.166 999.000 119.308 999.000   4.724 999.000
       6     ARG  59.341 999.000  29.710 999.000 177.848 999.000   7.852 999.000 121.348 999.000   4.136 999.000
       7     GLU  59.160 999.000  29.108 999.000 178.913 999.000   7.851 999.000 118.550 999.000   3.999 999.000
       8     LEU  57.620 999.000  41.480 999.000 178.714 999.000   7.365 999.000 119.479 999.000   4.008 999.000
       9     VAL  66.460 999.000  31.388 999.000 177.594 999.000   7.666 999.000 119.351 999.000   3.597 999.000
      10     VAL  67.020 999.000  31.175 999.000 176.462 999.000   8.418 999.000 118.874 999.000   3.084 999.000
      11     ASP  57.611 999.000  40.991 999.000 177.683 999.000   7.620 999.000 119.938 999.000   4.222 999.000
      12     PHE  61.469 999.000  39.625 999.000 177.018 999.000   7.664 999.000 120.905 999.000   4.171 999.000
      13     LEU  58.103 999.000  40.983 999.000 178.565 999.000   8.576 999.000 118.387 999.000   3.903 999.000
      14     SER  62.144 999.000  62.573 999.000 176.493 999.000   8.131 999.000 115.107 999.000   4.159 999.000
      15     TYR  61.144 999.000  37.907 999.000 176.960 999.000   8.046 999.000 124.032 999.000   4.262 999.000
      16     LYS  58.497 999.000  31.362 999.000 178.932 999.000   7.919 999.000 118.019 999.000   3.699 999.000
      17     LEU  57.608 999.000  41.700 999.000 178.811 999.000   8.392 999.000 119.035 999.000   4.226 999.000
      18     SER  61.556 999.000  62.908 999.000 177.112 999.000   8.499 999.000 115.884 999.000   4.233 999.000
      19     GLN  57.928 999.000  28.565 999.000 177.148 999.000   7.955 999.000 119.814 999.000   4.059 999.000
      20     LYS  55.561 999.000  32.375 999.000 176.545 999.000   7.316 999.000 116.807 999.000   4.261 999.000
      21     GLY  45.430 999.000-999.000-999.000 173.986 999.000   7.575 999.000 107.570 999.000   3.829 999.000
      22     TYR  56.564 999.000  39.496 999.000 175.531 999.000   7.870 999.000 120.054 999.000   4.824 999.000
      23     SER  57.074 999.000  64.367 999.000 174.925 999.000   8.291 999.000 117.018 999.000   4.633 999.000
      24     TRP  59.735 999.000  29.877 999.000 177.569 999.000   9.110 999.000 126.643 999.000   4.518 999.000
      25     SER  61.114 999.000  62.436 999.000 176.074 999.000   8.431 999.000 114.454 999.000   4.084 999.000
      26     GLN  57.371 999.000  28.799 999.000 176.249 999.000   7.310 999.000 120.795 999.000   3.932 999.000
      27     PHE  57.617 999.000  40.303 999.000 176.124 999.000   7.258 999.000 115.899 999.000   4.386 999.000
      28     SER  57.541 999.000  64.813 999.000 174.164 999.000   7.144 999.000 114.469 999.000   4.270 999.000
      29     ASP  53.694 999.000  40.938 999.000 176.979 999.000   8.379 999.000 122.167 999.000   4.598 999.000
      30     VAL  64.377 999.000  31.747 999.000 177.535 999.000   8.370 999.000 121.473 999.000   3.861 999.000
      31     GLU  58.223 999.000  29.050 999.000 177.743 999.000   8.395 999.000 119.737 999.000   4.146 999.000
      32     GLU  57.187 999.000  29.992 999.000 177.256 999.000   7.874 999.000 117.926 999.000   4.224 999.000
      33     ASN  53.533 999.000  38.764 999.000 175.835 999.000   7.696 999.000 117.525 999.000   4.702 999.000
      34     ARG  56.444 999.000  30.499 999.000 176.476 999.000   8.050 999.000 119.516 999.000   4.393 999.000
      35     THR  62.146 999.000  69.823 999.000 174.872 999.000   7.999 999.000 113.490 999.000   4.329 999.000
      36     GLU  56.482 999.000  30.319 999.000 175.809 999.000   8.527 999.000 121.208 999.000   4.306 999.000
      37     ALA  50.821 999.000  18.364 999.000 175.574 999.000   8.104 999.000 123.210 999.000   4.504 999.000
      38     PRO  62.861 999.000  32.432 999.000 176.613 999.000-999.000-999.000 999.000 999.000   4.545 999.000
      39     GLU  56.502 999.000  30.115 999.000 176.896 999.000   8.556 999.000 121.075 999.000   4.217 999.000
      40     GLY  45.160 999.000-999.000-999.000 174.664 999.000   8.531 999.000 109.032 999.000   4.080 999.000
      41     THR  61.944 999.000  70.210 999.000 175.275 999.000   8.198 999.000 112.555 999.000   4.381 999.000
      42     GLU  58.199 999.000  29.266 999.000 177.432 999.000   8.777 999.000 121.268 999.000   4.195 999.000
      43     SER  60.172 999.000  63.316 999.000 175.772 999.000   8.223 999.000 114.583 999.000   4.252 999.000
      44     GLU  59.372 999.000  28.933 999.000 178.487 999.000   7.937 999.000 122.996 999.000   3.945 999.000
      45     ALA  54.892 999.000  18.307 999.000 179.626 999.000   7.955 999.000 120.468 999.000   4.184 999.000
      46     VAL  65.749 999.000  31.389 999.000 177.801 999.000   7.452 999.000 119.346 999.000   3.641 999.000
      47     LYS  60.141 999.000  32.004 999.000 178.909 999.000   8.188 999.000 119.797 999.000   3.751 999.000
      48     GLN  58.739 999.000  28.254 999.000 178.135 999.000   8.095 999.000 118.659 999.000   3.982 999.000
      49     ALA  55.126 999.000  18.143 999.000 179.631 999.000   7.833 999.000 122.344 999.000   4.048 999.000
      50     LEU  58.157 999.000  41.592 999.000 178.914 999.000   8.540 999.000 118.731 999.000   4.057 999.000
      51     ARG  59.782 999.000  29.866 999.000 178.479 999.000   7.980 999.000 118.802 999.000   3.965 999.000
      52     GLU  59.102 999.000  29.176 999.000 178.928 999.000   8.215 999.000 119.050 999.000   4.136 999.000
      53     ALA  54.835 999.000  18.207 999.000 179.401 999.000   8.456 999.000 121.703 999.000   4.183 999.000
      54     GLY  47.331 999.000-999.000-999.000 175.548 999.000   8.564 999.000 106.602 999.000   4.113 999.000
      55     ASP  56.854 999.000  40.312 999.000 178.013 999.000   8.398 999.000 121.931 999.000   4.613 999.000
      56     GLU  58.860 999.000  29.656 999.000 178.326 999.000   7.799 999.000 120.403 999.000   4.210 999.000
      57     PHE  61.880 999.000  39.019 999.000 177.934 999.000   8.726 999.000 119.940 999.000   4.244 999.000
      58     GLU  58.884 999.000  29.371 999.000 178.362 999.000   8.320 999.000 118.343 999.000   4.207 999.000
      59     LEU  56.969 999.000  42.462 999.000 177.961 999.000   7.530 999.000 120.043 999.000   4.243 999.000
      60     ARG  57.500 999.000  31.134 999.000 176.836 999.000   8.084 999.000 115.849 999.000   4.000 999.000
      61     TYR  56.279 999.000  37.983 999.000 175.632 999.000   7.932 999.000 117.822 999.000   4.785 999.000
      62     ARG  58.750 999.000  30.072 999.000 177.331 999.000   8.001 999.000 120.914 999.000   3.857 999.000
      63     ARG  57.140 999.000  29.879 999.000 177.327 999.000   8.267 999.000 117.401 999.000   4.245 999.000
      64     ALA  54.228 999.000  18.618 999.000 178.019 999.000   7.791 999.000 120.888 999.000   4.156 999.000
      65     PHE  57.957 999.000  39.732 999.000 176.331 999.000   7.603 999.000 113.327 999.000   4.755 999.000
      66     SER  61.320 999.000  62.539 999.000 176.260 999.000   8.067 999.000 116.713 999.000   4.198 999.000
      67     ASP  56.193 999.000  39.944 999.000 178.199 999.000   7.847 999.000 121.990 999.000   4.493 999.000
      68     LEU  57.583 999.000  41.648 999.000 178.677 999.000   7.541 999.000 120.077 999.000   4.018 999.000
      69     THR  65.174 999.000  68.659 999.000 176.678 999.000   8.262 999.000 112.227 999.000   4.243 999.000
      70     SER  60.402 999.000  63.441 999.000 175.657 999.000   7.812 999.000 116.808 999.000   4.363 999.000
      71     GLN  57.308 999.000  28.881 999.000 177.028 999.000   7.573 999.000 120.937 999.000   4.214 999.000
      72     LEU  54.665 999.000  42.266 999.000 176.220 999.000   7.229 999.000 120.750 999.000   4.287 999.000
      73     HIS  55.845 999.000  29.874 999.000 175.454 999.000   8.583 999.000 125.352 999.000   4.632 999.000
      74     ILE  60.965 999.000  38.793 999.000 175.192 999.000   8.064 999.000 123.607 999.000   4.416 999.000
      75     THR  58.437 999.000  70.013 999.000 173.744 999.000   7.988 999.000 116.772 999.000   4.785 999.000
      76     PRO  64.738 999.000  31.637 999.000 177.573 999.000-999.000-999.000 999.000 999.000   4.407 999.000
      77     GLY  45.071 999.000-999.000-999.000 175.077 999.000   8.329 999.000 107.526 999.000   4.130 999.000
      78     THR  63.607 999.000  69.476 999.000 174.177 999.000   7.719 999.000 117.809 999.000   4.227 999.000
      79     ALA  50.828 999.000  21.183 999.000 176.792 999.000   8.605 999.000 128.799 999.000   4.696 999.000
      80     TYR  61.148 999.000  38.054 999.000 177.290 999.000   8.866 999.000 120.780 999.000   3.093 999.000
      81     GLN  58.742 999.000  27.704 999.000 178.153 999.000   8.448 999.000 118.100 999.000   3.844 999.000
      82     SER  60.719 999.000  62.961 999.000 175.956 999.000   7.577 999.000 114.578 999.000   4.274 999.000
      83     PHE  60.875 999.000  39.424 999.000 176.590 999.000   7.162 999.000 123.611 999.000   4.177 999.000
      84     GLU  59.911 999.000  29.294 999.000 178.370 999.000   8.548 999.000 119.141 999.000   3.559 999.000
      85     GLN  58.423 999.000  28.338 999.000 178.186 999.000   7.532 999.000 117.116 999.000   3.972 999.000
      86     VAL  64.924 999.000  32.039 999.000 177.706 999.000   7.061 999.000 119.066 999.000   3.701 999.000
      87     VAL  65.148 999.000  31.048 999.000 177.744 999.000   7.592 999.000 117.541 999.000   3.346 999.000
      88     ASN  56.099 999.000  38.091 999.000 177.140 999.000   8.329 999.000 118.662 999.000   4.292 999.000
      89     GLU  58.474 999.000  29.471 999.000 177.950 999.000   7.427 999.000 119.204 999.000   4.089 999.000
      90     LEU  56.329 999.000  41.671 999.000 176.657 999.000   7.175 999.000 118.512 999.000   4.038 999.000
      91     PHE  58.998 999.000  39.883 999.000 176.444 999.000   7.565 999.000 116.086 999.000   4.379 999.000
      92     ARG  58.737 999.000  29.791 999.000 176.955 999.000   7.709 999.000 120.317 999.000   3.932 999.000
      93     ASP  53.773 999.000  40.626 999.000 176.277 999.000   8.070 999.000 117.119 999.000   4.609 999.000
      94     GLY  44.728 999.000-999.000-999.000 173.316 999.000   7.511 999.000 108.092 999.000   4.045 999.000
      95     VAL  61.734 999.000  32.830 999.000 175.084 999.000   7.934 999.000 119.506 999.000   3.925 999.000
      96     ASN  51.995 999.000  41.083 999.000 174.643 999.000   7.617 999.000 121.618 999.000   4.282 999.000
      97     TRP  60.137 999.000  30.355 999.000 178.160 999.000   8.898 999.000 120.206 999.000   4.532 999.000
      98     GLY  47.072 999.000-999.000-999.000 175.883 999.000   8.899 999.000 107.104 999.000   4.135 999.000
      99     ARG  58.934 999.000  30.033 999.000 178.253 999.000   8.013 999.000 121.462 999.000   4.165 999.000
     100     ILE  65.177 999.000  37.614 999.000 177.585 999.000   7.943 999.000 120.584 999.000   3.984 999.000
     101     VAL  66.936 999.000  31.279 999.000 176.760 999.000   8.313 999.000 119.493 999.000   3.431 999.000
     102     ALA  55.510 999.000  18.052 999.000 178.708 999.000   8.273 999.000 122.646 999.000   3.886 999.000
     103     PHE  60.713 999.000  38.526 999.000 176.926 999.000   8.278 999.000 119.623 999.000   4.272 999.000
     104     PHE  62.550 999.000  38.720 999.000 177.610 999.000   8.697 999.000 118.559 999.000   3.632 999.000
     105     SER  61.937 999.000  62.612 999.000 176.429 999.000   8.406 999.000 115.322 999.000   4.175 999.000
     106     PHE  60.216 999.000  38.437 999.000 176.823 999.000   8.801 999.000 123.588 999.000   4.271 999.000
     107     GLY  47.582 999.000-999.000-999.000 176.202 999.000   8.207 999.000 106.612 999.000   3.625 999.000
     108     GLY  47.327 999.000-999.000-999.000 175.505 999.000   8.447 999.000 109.677 999.000   3.934 999.000
     109     ALA  54.861 999.000  18.334 999.000 178.951 999.000   8.182 999.000 124.589 999.000   4.160 999.000
     110     LEU  58.012 999.000  41.614 999.000 177.590 999.000   8.565 999.000 119.713 999.000   4.100 999.000
     111     CYS 999.000 999.000 999.000 999.000 999.000 999.000 999.000 999.000 999.000 999.000   3.931 999.000
     112     VAL  66.381 999.000  31.291 999.000 177.548 999.000   8.018 999.000 120.040 999.000   3.496 999.000
     113     GLU  59.475 999.000  29.130 999.000 178.398 999.000   8.383 999.000 120.630 999.000   4.012 999.000
     114     SER  62.131 999.000  63.028 999.000 176.344 999.000   8.176 999.000 115.580 999.000   4.100 999.000
     115     VAL  65.262 999.000  31.230 999.000 177.636 999.000   7.581 999.000 120.631 999.000   3.584 999.000
     116     ASP  56.359 999.000  41.157 999.000 177.711 999.000   7.876 999.000 119.965 999.000   4.437 999.000
     117     LYS  56.514 999.000  32.173 999.000 176.031 999.000   7.843 999.000 116.559 999.000   4.216 999.000
     118     GLU  57.383 999.000  27.223 999.000 175.565 999.000   7.919 999.000 115.822 999.000   4.006 999.000
     119     MET  54.742 999.000  31.970 999.000 176.101 999.000   8.466 999.000 118.881 999.000   4.735 999.000
     120     GLN  58.745 999.000  27.933 999.000 177.571 999.000   7.968 999.000 119.716 999.000   3.874 999.000
     121     VAL  64.124 999.000  31.604 999.000 177.236 999.000   7.642 999.000 118.468 999.000   3.861 999.000
     122     LEU  56.859 999.000  41.291 999.000 178.128 999.000   7.805 999.000 119.691 999.000   3.928 999.000
     123     VAL  66.584 999.000  31.267 999.000 177.796 999.000   7.397 999.000 118.835 999.000   3.268 999.000
     124     SER  61.445 999.000  62.801 999.000 176.364 999.000   8.266 999.000 114.593 999.000   4.117 999.000
     125     ARG  58.437 999.000  29.971 999.000 178.163 999.000   6.813 999.000 122.373 999.000   3.766 999.000
     126     ILE  65.620 999.000  37.742 999.000 177.407 999.000   8.244 999.000 120.821 999.000   2.970 999.000
     127     ALA  55.462 999.000  18.117 999.000 179.158 999.000   7.736 999.000 120.596 999.000   3.920 999.000
     128     ALA  54.934 999.000  18.450 999.000 178.907 999.000   7.244 999.000 121.196 999.000   4.168 999.000
     129     TRP  58.653 999.000  28.552 999.000 178.825 999.000   8.756 999.000 119.863 999.000   4.359 999.000
     130     MET  59.791 999.000  32.749 999.000 177.787 999.000   8.723 999.000 117.333 999.000   4.534 999.000
     131     ALA  55.204 999.000  18.269 999.000 178.618 999.000   8.033 999.000 121.745 999.000   4.179 999.000
     132     THR  66.782 999.000  67.968 999.000 175.588 999.000   8.443 999.000 116.075 999.000   3.998 999.000
     133     TYR  62.170 999.000  38.747 999.000 176.891 999.000   8.706 999.000 122.991 999.000   4.216 999.000
     134     LEU  58.535 999.000  41.477 999.000 177.846 999.000   8.706 999.000 119.296 999.000   4.042 999.000
     135     ASN  56.140 999.000  38.828 999.000 177.255 999.000   8.107 999.000 116.706 999.000   4.373 999.000
     136     ASP  55.992 999.000  40.858 999.000 176.922 999.000   8.140 999.000 118.273 999.000   4.388 999.000
     137     HIS  57.293 999.000  31.905 999.000 175.886 999.000   7.802 999.000 114.043 999.000   4.403 999.000
     138     LEU  56.167 999.000  42.460 999.000 177.701 999.000   7.937 999.000 116.509 999.000   4.205 999.000
     139     GLU  61.677 999.000  28.134 999.000 176.172 999.000   8.818 999.000 119.741 999.000   4.024 999.000
     140     PRO  65.436 999.000  31.442 999.000 178.034 999.000-999.000-999.000 999.000 999.000   4.206 999.000
     141     TRP  60.537 999.000  29.502 999.000 177.778 999.000   7.139 999.000 118.540 999.000   4.180 999.000
     142     ILE  65.590 999.000  37.910 999.000 177.314 999.000   8.452 999.000 119.840 999.000   3.163 999.000
     143     GLN  58.991 999.000  28.046 999.000 178.546 999.000   8.335 999.000 118.098 999.000   3.977 999.000
     144     GLU  58.266 999.000  29.679 999.000 177.796 999.000   7.530 999.000 119.103 999.000   3.995 999.000
     145     ASN  54.337 999.000  39.482 999.000 175.505 999.000   7.676 999.000 115.243 999.000   4.342 999.000
     146     GLY  45.204 999.000-999.000-999.000 174.810 999.000   7.585 999.000 107.843 999.000   4.108 999.000
     147     GLY  44.337 999.000-999.000-999.000 173.672 999.000   8.282 999.000 107.520 999.000   4.112 999.000
     148     TRP  59.719 999.000  29.744 999.000 177.560 999.000   8.837 999.000 119.862 999.000   4.602 999.000
     149     ASP  56.835 999.000  39.720 999.000 178.160 999.000   8.442 999.000 119.613 999.000   4.415 999.000
     150     THR  64.657 999.000  68.712 999.000 176.012 999.000   7.609 999.000 113.956 999.000   4.095 999.000
     151     PHE  60.609 999.000  39.524 999.000 176.529 999.000   7.527 999.000 123.315 999.000   3.807 999.000
     152     VAL  64.771 999.000  31.152 999.000 177.397 999.000   7.810 999.000 115.698 999.000   3.776 999.000
     153     GLU  57.624 999.000  29.814 999.000 176.744 999.000   7.450 999.000 118.661 999.000   4.126 999.000
     154     LEU  55.970 999.000  43.660 999.000 176.772 999.000   7.153 999.000 117.930 999.000   4.095 999.000
     155     TYR  57.794 999.000  40.971 999.000 175.395 999.000   7.926 999.000 115.138 999.000   4.489 999.000
     156     GLY  44.546 999.000-999.000-999.000 174.258 999.000   8.228 999.000 107.613 999.000   4.083 999.000
     157     ASN  55.673 999.000  38.421 999.000 176.885 999.000   8.778 999.000 118.935 999.000   4.355 999.000
     158     ASN  55.194 999.000  38.179 999.000 176.673 999.000   8.416 999.000 117.115 999.000   4.540 999.000
     159     ALA  54.542 999.000  18.297 999.000 179.284 999.000   7.674 999.000 122.976 999.000   4.064 999.000
     160     ALA  54.383 999.000  18.026 999.000 179.615 999.000   7.841 999.000 120.221 999.000   4.134 999.000
     161     ALA  54.509 999.000  17.977 999.000 179.813 999.000   7.688 999.000 120.695 999.000   4.173 999.000
     162     GLU  59.036 999.000  29.019 999.000 179.268 999.000   7.954 999.000 118.011 999.000   4.115 999.000
     163     SER  61.024 999.000  63.021 999.000 176.737 999.000   7.956 999.000 115.345 999.000   4.289 999.000
     164     ARG  58.367 999.000  29.621 999.000 178.484 999.000   7.871 999.000 122.123 999.000   4.167 999.000
     165     LYS  58.389 999.000  31.772 999.000 178.945 999.000   8.010 999.000 119.060 999.000   4.155 999.000
     166     GLY  46.236 999.000-999.000-999.000 175.720 999.000   7.842 999.000 107.442 999.000   3.961 999.000
     167     GLN  57.373 999.000  28.716 999.000 177.452 999.000   7.826 999.000 120.460 999.000   4.223 999.000
     168     GLU  57.457 999.000  29.718 999.000 177.284 999.000   7.718 999.000 118.481 999.000   4.263 999.000
     169     ARG 999.000 999.000 999.000 999.000 999.000 999.000 999.000 999.000 999.000 999.000 999.000 999.000
